g_converged min_loss iter nsites nqubits0 h nlayers SvN time
true 1.9194256195564918e-7 155 8 1 0.0 1 0.0 9.3264901
true 6.317136556682756e-5 373 8 1 0.0 2 0.0 5.8468452
true 1.1754373110517413e-5 1907 8 1 0.0 3 0.0 33.488014
true 9.115842750262448e-6 1323 8 1 0.0 4 0.0 35.7586206
true 3.896065468578236e-7 177 8 2 0.0 1 0.0 1.2627332
true 1.1516198850092252e-7 412 8 2 0.0 2 0.0 5.4871697
true 3.255823732289942e-5 1895 8 2 0.0 3 0.0 31.8990165
true 3.6491907179359018e-6 2170 8 2 0.0 4 0.0 51.1128206
true 3.490019086319999e-7 356 8 3 0.0 1 0.0 2.3068824
true 4.686131336676761e-8 684 8 3 0.0 2 0.0 8.4917584
true 2.0262511930676148e-5 1565 8 3 0.0 3 0.0 28.7499382
true 3.4912049449535115e-7 1895 8 3 0.0 4 0.0 47.1461711
true 3.2013801394559227e-7 401 8 4 0.0 1 0.0 2.6443899
true 1.6769751401274346e-6 1301 8 4 0.0 2 0.0 14.7458377
true 3.439066854013517e-5 1302 8 4 0.0 3 0.0 23.6121868
true 8.479053411045157e-6 2255 8 4 0.0 4 0.0 58.3520837
true 4.2896449568008423e-7 209 8 5 0.0 1 0.0 1.5275901
true 3.1354164194974386e-7 496 8 5 0.0 2 0.0 6.5287249
true 0.000129346445451195 1217 8 5 0.0 3 0.0 24.6530427
true 7.278512777361134e-5 1582 8 5 0.0 4 0.0 41.8991536
true 0.1666672531382302 368 8 6 0.0 1 0.0 2.4416309
true 6.51338223673729e-6 1193 8 6 0.0 2 0.0 13.6301522
true 9.74361782905368e-7 1665 8 6 0.0 3 0.0 31.369222
true 2.0064400649176067e-5 4031 8 6 0.0 4 0.0 88.0766116
true 0.14285730897126897 258 8 7 0.0 1 0.0 2.0701333
true 1.2337207454130424e-6 727 8 7 0.0 2 0.0 10.0189688
true 1.414305527196775e-5 2022 8 7 0.0 3 0.0 36.6575215
true 1.2883950632472782e-5 2886 8 7 0.0 4 0.0 67.3136559
true 0.2500027834414743 278 8 8 0.0 1 0.0 1.9970473
true 9.043854931278794e-6 4056 8 8 0.0 2 0.0 46.7282226
true 1.2280613677952135e-5 1314 8 8 0.0 3 0.0 25.3909185
true 7.157800262343195e-6 4071 8 8 0.0 4 0.0 92.3429388
true 1.7622656750537757e-7 228 8 1 0.01 1 9.753221371305747e-10 1.5560399
true 2.90044020408442e-5 394 8 1 0.01 2 9.753221371305747e-10 6.2422491
true 4.625872138785958e-6 1390 8 1 0.01 3 9.753221371305747e-10 26.5358742
true 2.3952540215199658e-5 2385 8 1 0.01 4 9.753221371305747e-10 54.2440324
true 8.933097339625107e-8 240 8 2 0.01 1 9.753221371305747e-10 1.4652104
true 1.2385205899190233e-6 459 8 2 0.01 2 9.753221371305747e-10 6.0894774
true 2.572852877968934e-6 727 8 2 0.01 3 9.753221371305747e-10 14.187271
true 5.606957363124554e-6 1957 8 2 0.01 4 9.753221371305747e-10 44.7319896
true 4.150918874364547e-7 261 8 3 0.01 1 9.753221371305747e-10 1.5780276
true 6.254513293150558e-6 352 8 3 0.01 2 9.753221371305747e-10 4.8288518
true 2.983141814546138e-5 1377 8 3 0.01 3 9.753221371305747e-10 25.260785
true 1.7450601276354966e-5 2791 8 3 0.01 4 9.753221371305747e-10 63.8419605
true 3.3736907534276384e-7 192 8 4 0.01 1 9.753221371305747e-10 1.267144
true 0.12499285580009566 434 8 4 0.01 2 9.753221371305747e-10 5.8488207
true 1.8973598277516324e-5 3220 8 4 0.01 3 9.753221371305747e-10 51.2706001
true 1.909510248622459e-5 2322 8 4 0.01 4 9.753221371305747e-10 60.5192562
true 3.012409225622292e-7 222 8 5 0.01 1 9.753221371305747e-10 1.4897425
true 0.00015855087663780855 1176 8 5 0.01 2 9.753221371305747e-10 13.9021345
true 3.070910188059939e-5 2188 8 5 0.01 3 9.753221371305747e-10 36.8910579
true 3.701834723833786e-5 3590 8 5 0.01 4 9.753221371305747e-10 85.9301595
true 2.1414623028552054e-8 379 8 6 0.01 1 9.753221371305747e-10 2.4177746
true 2.7910585242059877e-7 952 8 6 0.01 2 9.753221371305747e-10 10.5168895
true 0.16667073498187182 1098 8 6 0.01 3 9.753221371305747e-10 22.532642
true 1.8488852834203096e-5 2580 8 6 0.01 4 9.753221371305747e-10 59.3839871
true 0.28571480890865397 165 8 7 0.01 1 9.753221371305747e-10 1.337643
true 7.350532517658159e-7 709 8 7 0.01 2 9.753221371305747e-10 8.5312841
true 6.651224926358865e-5 2583 8 7 0.01 3 9.753221371305747e-10 46.6478944
true 4.992572994961491e-5 2767 8 7 0.01 4 9.753221371305747e-10 64.7726806
true 1.8557329029653125e-5 564 8 8 0.01 1 9.753221371305747e-10 3.9181465
true 0.125000579676478 1657 8 8 0.01 2 9.753221371305747e-10 20.1145475
true 0.12500403909133936 1161 8 8 0.01 3 9.753221371305747e-10 22.2730036
true 6.926421449395676e-5 2683 8 8 0.01 4 9.753221371305747e-10 60.6892655
true 2.5645644924354727e-7 158 8 1 0.02 1 1.3876094621442088e-8 1.1777043
true 1.9061743850024016e-7 416 8 1 0.02 2 1.3876094621442088e-8 5.9162616
true 1.379419459196507e-5 1382 8 1 0.02 3 1.3876094621442088e-8 24.0417564
true 5.926685574531021e-7 1071 8 1 0.02 4 1.3876094621442088e-8 28.4382352
true 4.6892010299726117e-7 172 8 2 0.02 1 1.3876094621442088e-8 1.318086
true 6.23399405430547e-8 809 8 2 0.02 2 1.3876094621442088e-8 9.8248269
true 3.459446516110298e-5 1306 8 2 0.02 3 1.3876094621442088e-8 23.1712361
true 3.20115955576572e-7 1323 8 2 0.02 4 1.3876094621442088e-8 37.1713436
true 1.0769371715143212e-6 166 8 3 0.02 1 1.3876094621442088e-8 1.2019489
true 9.972962008072035e-8 916 8 3 0.02 2 1.3876094621442088e-8 10.8648217
true 2.903767189218106e-6 2372 8 3 0.02 3 1.3876094621442088e-8 41.7864143
true 1.2185367292046518e-6 1364 8 3 0.02 4 1.3876094621442088e-8 35.5683531
true 0.25000023052071313 158 8 4 0.02 1 1.3876094621442088e-8 1.1418579
true 2.5122575441072215e-6 968 8 4 0.02 2 1.3876094621442088e-8 11.9421846
true 9.476654851958699e-7 1688 8 4 0.02 3 1.3876094621442088e-8 32.2630684
true 5.970106966984856e-7 1485 8 4 0.02 4 1.3876094621442088e-8 40.516315
true 1.088661217951703e-7 195 8 5 0.02 1 1.3876094621442088e-8 1.5070963
true 5.221637322083695e-7 1178 8 5 0.02 2 1.3876094621442088e-8 13.7606721
true 0.0007772858242817371 2166 8 5 0.02 3 1.3876094621442088e-8 41.2189068
true 2.4017071961646154e-6 1648 8 5 0.02 4 1.3876094621442088e-8 40.8209658
true 0.16666723421712162 330 8 6 0.02 1 1.3876094621442088e-8 2.1338337
true 2.2960131248657887e-6 1405 8 6 0.02 2 1.3876094621442088e-8 15.8219557
true 3.0252850238721152e-5 4051 8 6 0.02 3 1.3876094621442088e-8 68.3576196
true 2.3492656439546198e-6 2911 8 6 0.02 4 1.3876094621442088e-8 66.1183011
true 0.2857146730107397 167 8 7 0.02 1 1.3876094621442088e-8 1.4760938
true 0.07135557183292365 718 8 7 0.02 2 1.3876094621442088e-8 9.8736832
true 0.1428630548892784 1235 8 7 0.02 3 1.3876094621442088e-8 23.7952525
true 1.906859673131819e-5 4945 8 7 0.02 4 1.3876094621442088e-8 107.7637994
true 1.146184242656334e-6 435 8 8 0.02 1 1.3876094621442088e-8 2.9513444
true 2.928375911023795e-6 3303 8 8 0.02 2 1.3876094621442088e-8 35.6628807
true 1.200983297387076e-5 1972 8 8 0.02 3 1.3876094621442088e-8 36.6313787
true 6.575089595443895e-6 3323 8 8 0.02 4 1.3876094621442088e-8 75.108307
true 0.00020012029218496874 267 8 1 0.03 1 6.514499921251558e-8 1.8361698
true 5.000261658616445e-7 787 8 1 0.03 2 6.514499921251558e-8 9.6169687
true 2.7672233471331964e-7 838 8 1 0.03 3 6.514499921251558e-8 17.8286601
true 1.825768388852289e-5 1809 8 1 0.03 4 6.514499921251558e-8 47.638139
true 1.797827881011571e-7 160 8 2 0.03 1 6.514499921251558e-8 1.1592984
true 1.2133420820847896e-7 438 8 2 0.03 2 6.514499921251558e-8 6.3603659
true 8.704776639084644e-6 1118 8 2 0.03 3 6.514499921251558e-8 20.4436709
true 7.79711305254338e-6 2471 8 2 0.03 4 6.514499921251558e-8 59.2596559
true 0.33333376249318986 146 8 3 0.03 1 6.514499921251558e-8 1.1290634
true 2.6947766686620983e-7 484 8 3 0.03 2 6.514499921251558e-8 6.5308574
true 4.938754256889055e-6 2566 8 3 0.03 3 6.514499921251558e-8 41.7361134
true 1.5862950195862553e-5 4237 8 3 0.03 4 6.514499921251558e-8 93.7179138
true 3.268804015937876e-7 247 8 4 0.03 1 6.514499921251558e-8 1.4520979
true 1.8301553611071997e-6 2075 8 4 0.03 2 6.514499921251558e-8 22.7968065
true 5.663275825795733e-7 1148 8 4 0.03 3 6.514499921251558e-8 20.7498965
true 3.3085146324149384e-5 3115 8 4 0.03 4 6.514499921251558e-8 67.9180205
true 0.20000024192180263 177 8 5 0.03 1 6.514499921251558e-8 1.200407
true 2.8563646427004484e-7 488 8 5 0.03 2 6.514499921251558e-8 6.1242011
true 2.1532956566039376e-6 2102 8 5 0.03 3 6.514499921251558e-8 36.2714365
true 3.1461519583997344e-5 1855 8 5 0.03 4 6.514499921251558e-8 44.9342362
true 4.0453866364161445e-7 358 8 6 0.03 1 6.514499921251558e-8 2.3249611
true 3.13683207840143e-5 1305 8 6 0.03 2 6.514499921251558e-8 14.2549802
true 2.7329767196465626e-5 2727 8 6 0.03 3 6.514499921251558e-8 46.4624419
true 0.00015900293774442908 3281 8 6 0.03 4 6.514499921251558e-8 80.0510935
true 0.2857145629320487 284 8 7 0.03 1 6.514499921251558e-8 2.0626036
true 0.14285021554611604 1327 8 7 0.03 2 6.514499921251558e-8 16.4585522
true 5.5326491414669264e-5 2570 8 7 0.03 3 6.514499921251558e-8 47.2478114
true 7.748690603072625e-6 3182 8 7 0.03 4 6.514499921251558e-8 73.3307561
true 3.907818951952302e-6 390 8 8 0.03 1 6.514499921251558e-8 2.6859772
true 5.173836868543891e-6 1703 8 8 0.03 2 6.514499921251558e-8 18.885807
true 2.2164829047086054e-6 4034 8 8 0.03 3 6.514499921251558e-8 63.6767551
true 0.06250540375038377 3488 8 8 0.03 4 6.514499921251558e-8 80.8344482
true 7.759252618200208e-8 173 8 1 0.04 1 1.9450197052012196e-7 1.1219045
true 3.779793772418216e-8 462 8 1 0.04 2 1.9450197052012196e-7 6.1470221
true 1.1607271521718587e-7 651 8 1 0.04 3 1.9450197052012196e-7 14.1129489
true 1.047697651934687e-5 1482 8 1 0.04 4 1.9450197052012196e-7 36.4042136
true 1.627231106249294e-7 158 8 2 0.04 1 1.9450197052012196e-7 1.036535
true 3.3193684284560376e-7 597 8 2 0.04 2 1.9450197052012196e-7 7.1610503
true 5.175099346277356e-7 1290 8 2 0.04 3 1.9450197052012196e-7 21.1740895
true 2.7340653984131436e-6 1739 8 2 0.04 4 1.9450197052012196e-7 43.8969225
true 0.3333334773204201 144 8 3 0.04 1 1.9450197052012196e-7 1.0688855
true 2.212698033502806e-7 349 8 3 0.04 2 1.9450197052012196e-7 4.9156169
true 5.881789451026946e-6 1732 8 3 0.04 3 1.9450197052012196e-7 29.2871956
true 4.7729572370721245e-6 1422 8 3 0.04 4 1.9450197052012196e-7 35.2867244
true 2.1454476863136396e-7 395 8 4 0.04 1 1.9450197052012196e-7 2.5027367
true 2.597975990586976e-7 913 8 4 0.04 2 1.9450197052012196e-7 10.1697804
true 6.268431098813143e-6 3302 8 4 0.04 3 1.9450197052012196e-7 54.2410314
true 2.4347300508598124e-5 1625 8 4 0.04 4 1.9450197052012196e-7 39.6700342
true 2.682155662458996e-7 409 8 5 0.04 1 1.9450197052012196e-7 2.634299
true 2.647387925769351e-7 2425 8 5 0.04 2 1.9450197052012196e-7 26.4424252
true 1.1989820591917777e-6 1079 8 5 0.04 3 1.9450197052012196e-7 23.042881
true 3.2944533454926094e-6 2682 8 5 0.04 4 1.9450197052012196e-7 58.4346285
true 0.167025593070162 314 8 6 0.04 1 1.9450197052012196e-7 2.073072
true 0.0833154611578047 531 8 6 0.04 2 1.9450197052012196e-7 6.7768806
true 3.900736092114314e-6 4062 8 6 0.04 3 1.9450197052012196e-7 68.8751774
true 4.4073480579452186e-5 4254 8 6 0.04 4 1.9450197052012196e-7 99.7365604
true 0.14285763041404295 387 8 7 0.04 1 1.9450197052012196e-7 2.5488065
true 1.0985815401130608e-5 1051 8 7 0.04 2 1.9450197052012196e-7 12.6593694
true 0.14287453640014838 1348 8 7 0.04 3 1.9450197052012196e-7 23.3741468
true 6.570716271073593e-6 3882 8 7 0.04 4 1.9450197052012196e-7 83.5613453
true 0.12597701288171012 707 8 8 0.04 1 1.9450197052012196e-7 4.459725
true 2.2509217914613855e-5 950 8 8 0.04 2 1.9450197052012196e-7 10.7440226
true 0.12500572276688843 2611 8 8 0.04 3 1.9450197052012196e-7 42.7504914
true 1.9172380690261892e-5 5972 8 8 0.04 4 1.9450197052012196e-7 128.9576684
true 4.1670596950815764e-7 244 8 1 0.05 1 4.534186871824433e-7 1.4364851
true 1.3384884639533468e-7 356 8 1 0.05 2 4.534186871824433e-7 5.7972781
true 7.293908399486071e-8 667 8 1 0.05 3 4.534186871824433e-7 14.4291075
true 1.2341264828186205e-5 5694 8 1 0.05 4 4.534186871824433e-7 124.3768181
true 1.6276416026084206e-7 174 8 2 0.05 1 4.534186871824433e-7 1.1271099
true 3.925381702463149e-7 416 8 2 0.05 2 4.534186871824433e-7 5.3104598
true 2.3404214464645134e-5 938 8 2 0.05 3 4.534186871824433e-7 17.5160107
true 9.618374278430597e-7 1318 8 2 0.05 4 4.534186871824433e-7 36.374229
true 0.3333334489103767 146 8 3 0.05 1 4.534186871824433e-7 1.0204244
true 3.089317141731958e-7 514 8 3 0.05 2 4.534186871824433e-7 6.358655
true 4.400998662168476e-7 2090 8 3 0.05 3 4.534186871824433e-7 35.4760628
true 6.395328883264846e-6 2089 8 3 0.05 4 4.534186871824433e-7 48.8894212
true 2.5957923013852913e-7 218 8 4 0.05 1 4.534186871824433e-7 1.5993466
true 3.5557231535532363e-7 657 8 4 0.05 2 4.534186871824433e-7 8.3442715
true 1.0837693602688825e-6 1015 8 4 0.05 3 4.534186871824433e-7 18.8647768
true 1.1894733219081077e-6 1690 8 4 0.05 4 4.534186871824433e-7 40.7543567
true 0.39999995854215226 143 8 5 0.05 1 4.534186871824433e-7 1.0750043
true 1.2138002176143026e-6 1659 8 5 0.05 2 4.534186871824433e-7 18.9791327
true 1.1634241748292861e-5 1895 8 5 0.05 3 4.534186871824433e-7 31.2288205
true 3.195548624462807e-5 8615 8 5 0.05 4 4.534186871824433e-7 197.1968167
true 0.3333341475744131 305 8 6 0.05 1 4.534186871824433e-7 2.097979
true 4.1390731897461563e-7 1039 8 6 0.05 2 4.534186871824433e-7 11.6658744
true 6.094736116069033e-7 2025 8 6 0.05 3 4.534186871824433e-7 34.3749064
true 9.087061588049691e-6 2304 8 6 0.05 4 4.534186871824433e-7 52.8492509
true 0.28571441382240836 325 8 7 0.05 1 4.534186871824433e-7 2.169608
true 3.021405884770115e-7 1455 8 7 0.05 2 4.534186871824433e-7 16.499612
true 8.364230613249518e-6 1375 8 7 0.05 3 4.534186871824433e-7 24.2105949
true 1.6897304240315325e-5 3362 8 7 0.05 4 4.534186871824433e-7 76.7729344
true 7.001528683631131e-7 693 8 8 0.05 1 4.534186871824433e-7 4.5096358
true 0.12500157204454182 2248 8 8 0.05 2 4.534186871824433e-7 24.6685384
true 2.4943970602001042e-5 1943 8 8 0.05 3 4.534186871824433e-7 32.6806496
true 1.3626443648322162e-5 4225 8 8 0.05 4 4.534186871824433e-7 93.3970097
true 2.1696836205453707e-7 161 8 1 0.06 1 9.041374472960501e-7 1.0607092
true 1.6388387458210474e-7 385 8 1 0.06 2 9.041374472960501e-7 5.5415979
true 2.484623382592588e-7 722 8 1 0.06 3 9.041374472960501e-7 14.3726712
true 8.844956596032461e-7 910 8 1 0.06 4 9.041374472960501e-7 30.006424
true 5.890278919618019e-7 149 8 2 0.06 1 9.041374472960501e-7 0.8924607
true 2.0760031088640218e-7 533 8 2 0.06 2 9.041374472960501e-7 7.1877547
true 1.4253970101268942e-5 1195 8 2 0.06 3 9.041374472960501e-7 20.9187423
true 3.858113834825927e-6 3038 8 2 0.06 4 9.041374472960501e-7 69.2237593
true 4.922678193593674e-7 275 8 3 0.06 1 9.041374472960501e-7 1.6955394
true 2.0829175008859244e-7 409 8 3 0.06 2 9.041374472960501e-7 5.476119
true 2.4922258915297904e-6 1407 8 3 0.06 3 9.041374472960501e-7 23.9605736
true 3.4549155687087683e-6 1296 8 3 0.06 4 9.041374472960501e-7 33.2772561
true 2.6123383049803106e-7 246 8 4 0.06 1 9.041374472960501e-7 1.5478546
true 1.1639417399691987e-5 936 8 4 0.06 2 9.041374472960501e-7 10.8770499
true 7.270616298182819e-7 629 8 4 0.06 3 9.041374472960501e-7 13.0400397
true 2.847544426089199e-5 2045 8 4 0.06 4 9.041374472960501e-7 48.2326194
true 0.20000018783476703 212 8 5 0.06 1 9.041374472960501e-7 1.4406333
true 4.612161951689231e-7 772 8 5 0.06 2 9.041374472960501e-7 9.2263423
true 9.82103106336174e-6 2304 8 5 0.06 3 9.041374472960501e-7 37.6996093
true 5.01808687523031e-6 2282 8 5 0.06 4 9.041374472960501e-7 56.2849385
true 2.3469590138917398e-6 302 8 6 0.06 1 9.041374472960501e-7 1.8331548
true 5.677711895357707e-7 2774 8 6 0.06 2 9.041374472960501e-7 31.0115216
true 4.7816651845306035e-5 1574 8 6 0.06 3 9.041374472960501e-7 26.9749713
true 1.6775782827068337e-5 5233 8 6 0.06 4 9.041374472960501e-7 115.5969173
true 4.811771825985467e-7 526 8 7 0.06 1 9.041374472960501e-7 3.3379678
true 1.2908871253254034e-5 1140 8 7 0.06 2 9.041374472960501e-7 13.1046353
true 6.763927258674711e-5 1372 8 7 0.06 3 9.041374472960501e-7 24.3613723
true 2.602655854135248e-6 3808 8 7 0.06 4 9.041374472960501e-7 89.5397486
true 9.288046182165388e-7 567 8 8 0.06 1 9.041374472960501e-7 3.8132269
true 6.356581918234849e-6 1413 8 8 0.06 2 9.041374472960501e-7 15.7914127
true 1.2490517678709345e-5 1405 8 8 0.06 3 9.041374472960501e-7 25.2445681
true 6.761728627815988e-5 2290 8 8 0.06 4 9.041374472960501e-7 60.6667652
true 1.1007369671300893e-7 159 8 1 0.07 1 1.6189768904833955e-6 1.0480423
true 1.452652199640525e-7 615 8 1 0.07 2 1.6189768904833955e-6 7.6096916
true 2.122259103898294e-6 730 8 1 0.07 3 1.6189768904833955e-6 13.9681083
true 1.9049963040362883e-6 1427 8 1 0.07 4 1.6189768904833955e-6 37.4544223
true 0.0007818196472790806 265 8 2 0.07 1 1.6189768904833955e-6 1.7688997
true 2.5139518133876493e-7 420 8 2 0.07 2 1.6189768904833955e-6 5.6267499
true 1.1874702798564396e-6 763 8 2 0.07 3 1.6189768904833955e-6 15.2590107
true 2.5323684132438906e-6 1402 8 2 0.07 4 1.6189768904833955e-6 36.0661436
true 3.4301431743137084e-7 252 8 3 0.07 1 1.6189768904833955e-6 1.5980872
true 8.478784965237907e-7 544 8 3 0.07 2 1.6189768904833955e-6 6.7262276
true 1.3772009071303752e-6 955 8 3 0.07 3 1.6189768904833955e-6 17.8383379
true 2.2164915271701466e-7 1136 8 3 0.07 4 1.6189768904833955e-6 33.2055583
true 5.747556203472559e-7 217 8 4 0.07 1 1.6189768904833955e-6 1.3627256
true 1.8662468615482375e-6 1215 8 4 0.07 2 1.6189768904833955e-6 13.4917867
true 1.0785367884291741e-5 1501 8 4 0.07 3 1.6189768904833955e-6 28.2575036
true 6.2450702996014185e-6 1851 8 4 0.07 4 1.6189768904833955e-6 47.5246512
true 0.20000017041781595 208 8 5 0.07 1 1.6189768904833955e-6 1.3389877
true 7.576472682346847e-7 827 8 5 0.07 2 1.6189768904833955e-6 9.5801327
true 4.645766718130995e-5 2431 8 5 0.07 3 1.6189768904833955e-6 40.546721
true 0.0006989819358963368 5777 8 5 0.07 4 1.6189768904833955e-6 128.9449572
true 5.441025794269047e-7 324 8 6 0.07 1 1.6189768904833955e-6 2.0734163
true 3.801433882446211e-6 798 8 6 0.07 2 1.6189768904833955e-6 9.6332417
true 2.8363186661097457e-5 1545 8 6 0.07 3 1.6189768904833955e-6 26.6969487
true 3.95171372663076e-5 3126 8 6 0.07 4 1.6189768904833955e-6 69.879671
true 7.455635325385021e-7 208 8 7 0.07 1 1.6189768904833955e-6 1.4396579
true 1.0135913161330684e-6 1941 8 7 0.07 2 1.6189768904833955e-6 21.8531791
true 7.653338152534075e-6 1055 8 7 0.07 3 1.6189768904833955e-6 22.1992761
true 1.0742173294434451e-5 2538 8 7 0.07 4 1.6189768904833955e-6 57.0965442
true 0.1250008102668439 580 8 8 0.07 1 1.6189768904833955e-6 3.9814244
true 4.397919540412298e-6 1487 8 8 0.07 2 1.6189768904833955e-6 17.3305126
true 7.054758676997008e-5 2695 8 8 0.07 3 1.6189768904833955e-6 46.6053778
true 4.5098479821495396e-5 3258 8 8 0.07 4 1.6189768904833955e-6 77.8515836
true 8.243625084486395e-5 169 8 1 0.08 1 2.6798230228707025e-6 1.2348979
true 4.328974989031842e-7 373 8 1 0.08 2 2.6798230228707025e-6 5.201536
true 7.661959059879209e-6 1127 8 1 0.08 3 2.6798230228707025e-6 21.0984785
true 3.7291864931454644e-5 2275 8 1 0.08 4 2.6798230228707025e-6 61.3104887
true 2.5352631960462446e-7 179 8 2 0.08 1 2.6798230228707025e-6 1.2696891
true 5.638073035663105e-7 382 8 2 0.08 2 2.6798230228707025e-6 5.6670083
true 4.8325721620501305e-6 1669 8 2 0.08 3 2.6798230228707025e-6 29.2670814
true 2.788804637249287e-6 2012 8 2 0.08 4 2.6798230228707025e-6 53.8781681
true 0.3333334312813858 146 8 3 0.08 1 2.6798230228707025e-6 1.0884499
true 8.258832451072765e-7 376 8 3 0.08 2 2.6798230228707025e-6 5.2664846
true 7.637185774012067e-6 1612 8 3 0.08 3 2.6798230228707025e-6 28.770077
true 1.2487121631025536e-5 3455 8 3 0.08 4 2.6798230228707025e-6 78.382941
true 0.2500003081663962 170 8 4 0.08 1 2.6798230228707025e-6 1.2646007
true 1.0129082781695775e-6 951 8 4 0.08 2 2.6798230228707025e-6 11.4789331
true 1.8591737759449112e-5 1464 8 4 0.08 3 2.6798230228707025e-6 25.8122914
true 4.4504973914435975e-5 3031 8 4 0.08 4 2.6798230228707025e-6 69.6076771
true 2.803852017452257e-7 216 8 5 0.08 1 2.6798230228707025e-6 1.6041517
true 6.946366387217129e-6 745 8 5 0.08 2 2.6798230228707025e-6 9.8967884
true 6.0269342065155666e-6 1564 8 5 0.08 3 2.6798230228707025e-6 31.5265106
true 6.842415441354888e-6 1745 8 5 0.08 4 2.6798230228707025e-6 45.2208987
true 0.16666739032148012 211 8 6 0.08 1 2.6798230228707025e-6 1.4756739
true 1.2763992133300409e-5 1489 8 6 0.08 2 2.6798230228707025e-6 17.4130225
true 0.16667121916348634 1631 8 6 0.08 3 2.6798230228707025e-6 29.6378087
true 3.3379350585542124e-5 4750 8 6 0.08 4 2.6798230228707025e-6 105.0586303
true 0.2857157056724299 196 8 7 0.08 1 2.6798230228707025e-6 1.3968779
true 9.490779302805713e-6 1571 8 7 0.08 2 2.6798230228707025e-6 20.3309273
true 0.0001536181269167769 1243 8 7 0.08 3 2.6798230228707025e-6 25.096944
true 6.207683846840403e-6 1870 8 7 0.08 4 2.6798230228707025e-6 48.1125639
true 0.3750037736335502 274 8 8 0.08 1 2.6798230228707025e-6 1.9485623
true 4.801769693016378e-6 2168 8 8 0.08 2 2.6798230228707025e-6 25.8230812
true 2.5054163533086427e-5 5199 8 8 0.08 3 2.6798230228707025e-6 89.463354
true 1.4727364731306758e-5 4815 8 8 0.08 4 2.6798230228707025e-6 113.6855515
true 3.02687697906201e-7 155 8 1 0.09 1 4.177754222831366e-6 1.3445159
true 2.5615867005335247e-6 388 8 1 0.09 2 4.177754222831366e-6 5.6720558
true 1.5372377021871664e-6 750 8 1 0.09 3 4.177754222831366e-6 15.7897608
true 2.110983450542836e-5 1963 8 1 0.09 4 4.177754222831366e-6 48.4374504
true 6.778245058292054e-7 194 8 2 0.09 1 4.177754222831366e-6 1.2822202
true 3.3464402839078478e-6 610 8 2 0.09 2 4.177754222831366e-6 8.1449891
true 3.0617497327467547e-6 716 8 2 0.09 3 4.177754222831366e-6 15.0639869
true 8.870087244150504e-6 1078 8 2 0.09 4 4.177754222831366e-6 30.6063008
true 0.33333415498806307 255 8 3 0.09 1 4.177754222831366e-6 1.6679886
true 5.75866482042479e-6 813 8 3 0.09 2 4.177754222831366e-6 10.4671235
true 2.0615514374304014e-6 736 8 3 0.09 3 4.177754222831366e-6 15.1358687
true 1.6628933005820763e-5 2534 8 3 0.09 4 4.177754222831366e-6 63.6292127
true 0.25015797023100217 168 8 4 0.09 1 4.177754222831366e-6 1.2861965
true 3.1950844733147354e-6 620 8 4 0.09 2 4.177754222831366e-6 7.9044035
true 2.3850220926407983e-6 933 8 4 0.09 3 4.177754222831366e-6 18.6667698
true 1.4025443059437204e-5 2867 8 4 0.09 4 4.177754222831366e-6 67.923051
true 4.789576391939221e-7 309 8 5 0.09 1 4.177754222831366e-6 1.9165387
true 1.5014056260254093e-6 1490 8 5 0.09 2 4.177754222831366e-6 17.4494819
true 1.3368815421010982e-5 660 8 5 0.09 3 4.177754222831366e-6 14.0842657
true 1.4850968433899325e-5 2144 8 5 0.09 4 4.177754222831366e-6 52.0423721
true 1.3232142702842193e-6 304 8 6 0.09 1 4.177754222831366e-6 2.0183839
true 4.902950615050712e-6 4367 8 6 0.09 2 4.177754222831366e-6 49.4044298
true 4.537693705348548e-5 1679 8 6 0.09 3 4.177754222831366e-6 30.0049221
true 1.4298874483139231e-5 2789 8 6 0.09 4 4.177754222831366e-6 66.0698666
true 0.28571599152529664 295 8 7 0.09 1 4.177754222831366e-6 2.4148161
true 3.6443898550144105e-6 1115 8 7 0.09 2 4.177754222831366e-6 14.9613069
true 5.319808718310234e-6 2304 8 7 0.09 3 4.177754222831366e-6 41.7295385
true 2.7342076369142798e-5 2510 8 7 0.09 4 4.177754222831366e-6 61.8191103
true 0.2500018831767983 418 8 8 0.09 1 4.177754222831366e-6 2.9726962
true 0.12500516190711752 761 8 8 0.09 2 4.177754222831366e-6 10.3914483
true 1.9623832090712168e-5 3002 8 8 0.09 3 4.177754222831366e-6 52.7343089
true 4.92827846101454e-5 5140 8 8 0.09 4 4.177754222831366e-6 113.5949708
true 6.484171314324882e-7 141 8 1 0.1 1 6.212771328167428e-6 1.0618023
true 9.199928143743819e-7 365 8 1 0.1 2 6.212771328167428e-6 5.6203011
true 6.877452073394963e-7 558 8 1 0.1 3 6.212771328167428e-6 12.4709386
true 1.481585512164152e-6 1006 8 1 0.1 4 6.212771328167428e-6 31.2617793
true 4.779797063425573e-7 161 8 2 0.1 1 6.212771328167428e-6 1.1306825
true 9.025230395892647e-6 720 8 2 0.1 2 6.212771328167428e-6 8.545001
true 1.4598148301459002e-5 1518 8 2 0.1 3 6.212771328167428e-6 29.0312324
true 7.295247850425124e-6 1640 8 2 0.1 4 6.212771328167428e-6 46.2489642
true 6.678139262324597e-7 322 8 3 0.1 1 6.212771328167428e-6 2.2873581
true 8.540800243206359e-6 1015 8 3 0.1 2 6.212771328167428e-6 13.232609
true 6.897363033682898e-7 895 8 3 0.1 3 6.212771328167428e-6 19.2389128
true 1.1640692300918243e-5 1555 8 3 0.1 4 6.212771328167428e-6 40.149771
true 0.2500005461194663 284 8 4 0.1 1 6.212771328167428e-6 1.8271529
true 2.4868240691838794e-6 407 8 4 0.1 2 6.212771328167428e-6 6.050981
true 1.3536428444302362e-5 1165 8 4 0.1 3 6.212771328167428e-6 22.6041863
true 6.568550623767266e-6 1547 8 4 0.1 4 6.212771328167428e-6 39.7382338
true 6.234480184330593e-7 300 8 5 0.1 1 6.212771328167428e-6 2.0049993
true 2.7504933294730806e-6 1505 8 5 0.1 2 6.212771328167428e-6 18.7865458
true 3.7824289114696263e-6 2604 8 5 0.1 3 6.212771328167428e-6 46.660839
true 1.203059383951821e-5 1537 8 5 0.1 4 6.212771328167428e-6 40.8289799
true 0.16666938817829666 256 8 6 0.1 1 6.212771328167428e-6 1.8587391
true 0.08321134577091706 721 8 6 0.1 2 6.212771328167428e-6 9.4402949
true 5.1893308989183394e-5 1471 8 6 0.1 3 6.212771328167428e-6 28.042558
true 1.0602788921260098e-5 2935 8 6 0.1 4 6.212771328167428e-6 73.7888064
true 2.4709394489714446e-6 664 8 7 0.1 1 6.212771328167428e-6 4.7933773
true 2.1430655227400967e-6 1232 8 7 0.1 2 6.212771328167428e-6 15.3713182
true 3.114395360413548e-6 1482 8 7 0.1 3 6.212771328167428e-6 28.3632286
true 8.562297527730285e-5 3129 8 7 0.1 4 6.212771328167428e-6 74.2057965
true 0.25000211321046695 207 8 8 0.1 1 6.212771328167428e-6 1.7212875
true 5.110307331385178e-6 1605 8 8 0.1 2 6.212771328167428e-6 18.8706342
true 0.0003189014882922711 1790 8 8 0.1 3 6.212771328167428e-6 35.0031049
true 0.12507361221087726 3709 8 8 0.1 4 6.212771328167428e-6 87.0761071
true 8.681987825887028e-7 165 8 1 0.11 1 8.89354271946002e-6 1.3324229
true 6.869411365295619e-7 427 8 1 0.11 2 8.89354271946002e-6 6.4128269
true 8.629938204052223e-7 689 8 1 0.11 3 8.89354271946002e-6 15.7681435
true 8.8457065278158e-6 1558 8 1 0.11 4 8.89354271946002e-6 39.7294492
true 7.222985912713753e-7 156 8 2 0.11 1 8.89354271946002e-6 1.0910314
true 8.596469800004058e-6 680 8 2 0.11 2 8.89354271946002e-6 9.7459136
true 5.444493109796333e-6 1541 8 2 0.11 3 8.89354271946002e-6 27.2521138
true 1.9871444040364672e-5 2069 8 2 0.11 4 8.89354271946002e-6 57.7596398
true 0.3333331540069213 164 8 3 0.11 1 8.89354271946002e-6 1.4165504
true 1.2619915203774628e-6 563 8 3 0.11 2 8.89354271946002e-6 8.0139062
true 7.380766286702034e-6 1346 8 3 0.11 3 8.89354271946002e-6 25.6260283
true 1.6366159467984254e-5 1834 8 3 0.11 4 8.89354271946002e-6 45.7013851
true 9.687213366194047e-7 205 8 4 0.11 1 8.89354271946002e-6 1.489706
true 0.2500007249649824 617 8 4 0.11 2 8.89354271946002e-6 8.0647725
true 1.5680407060292278e-6 1637 8 4 0.11 3 8.89354271946002e-6 29.203585
true 0.00013716768582802685 3641 8 4 0.11 4 8.89354271946002e-6 84.8728426
true 0.2000008257593612 275 8 5 0.11 1 8.89354271946002e-6 2.1506309
true 6.897158991359121e-6 883 8 5 0.11 2 8.89354271946002e-6 13.6380557
true 3.0414988445015555e-5 1897 8 5 0.11 3 8.89354271946002e-6 36.6160655
true 6.178108622512113e-6 2122 8 5 0.11 4 8.89354271946002e-6 51.7700802
true 2.4633072806627223e-6 211 8 6 0.11 1 8.89354271946002e-6 1.6465725
true 4.804407481739936e-6 498 8 6 0.11 2 8.89354271946002e-6 7.0560165
true 5.896494777511234e-6 4925 8 6 0.11 3 8.89354271946002e-6 84.1064296
true 2.001863561600555e-5 6815 8 6 0.11 4 8.89354271946002e-6 153.6241993
true 0.1431894788538892 583 8 7 0.11 1 8.89354271946002e-6 4.294719
true 1.0860553473125898e-5 4628 8 7 0.11 2 8.89354271946002e-6 56.6785981
true 6.697987440676797e-6 2496 8 7 0.11 3 8.89354271946002e-6 44.3418417
true 3.551475192970737e-5 3371 8 7 0.11 4 8.89354271946002e-6 79.533545
true 0.1250038161963909 302 8 8 0.11 1 8.89354271946002e-6 2.2251136
true 4.5121086441612945e-6 1725 8 8 0.11 2 8.89354271946002e-6 21.0876017
true 7.522963439463015e-6 3488 8 8 0.11 3 8.89354271946002e-6 64.6332716
true 0.00014689401729357787 4949 8 8 0.11 4 8.89354271946002e-6 113.480233
true 1.0249427428443703e-6 208 8 1 0.12 1 1.2337527774640828e-5 1.4127263
true 4.659774515913817e-6 628 8 1 0.12 2 1.2337527774640828e-5 9.3374523
true 1.0802724921821216e-6 973 8 1 0.12 3 1.2337527774640828e-5 20.9444011
true 2.2160266173743004e-6 1048 8 1 0.12 4 1.2337527774640828e-5 29.2786907
true 1.4198403499587897e-6 180 8 2 0.12 1 1.2337527774640828e-5 1.2116261
true 1.778999173168705e-6 380 8 2 0.12 2 1.2337527774640828e-5 6.0273196
true 8.852001934706033e-6 1265 8 2 0.12 3 1.2337527774640828e-5 24.1483894
true 2.8469898220750967e-5 2703 8 2 0.12 4 1.2337527774640828e-5 61.6912449
true 9.923553695630656e-7 199 8 3 0.12 1 1.2337527774640828e-5 1.3392633
true 1.0119910722380017e-7 437 8 3 0.12 2 1.2337527774640828e-5 6.085226
true 2.770846537325511e-5 2354 8 3 0.12 3 1.2337527774640828e-5 38.4838964
true 3.563180048441842e-6 4309 8 3 0.12 4 1.2337527774640828e-5 96.5791435
true 1.1838189074159233e-6 202 8 4 0.12 1 1.2337527774640828e-5 1.3777339
true 5.032269694060787e-6 935 8 4 0.12 2 1.2337527774640828e-5 11.875151
true 1.3373097273117196e-5 2663 8 4 0.12 3 1.2337527774640828e-5 43.5956993
true 0.0001444989134483099 2793 8 4 0.12 4 1.2337527774640828e-5 72.0782782
true 0.20000125174149685 212 8 5 0.12 1 1.2337527774640828e-5 1.4964943
true 3.8141563134974634e-6 961 8 5 0.12 2 1.2337527774640828e-5 11.3002237
true 6.781199164829221e-6 1432 8 5 0.12 3 1.2337527774640828e-5 25.5946682
true 6.664651513643705e-6 4916 8 5 0.12 4 1.2337527774640828e-5 108.8626131
true 0.16666979124728384 206 8 6 0.12 1 1.2337527774640828e-5 1.4807422
true 8.613420185238363e-6 2318 8 6 0.12 2 1.2337527774640828e-5 28.0968602
true 0.16682520957310235 1410 8 6 0.12 3 1.2337527774640828e-5 25.7489266
true 1.8436211600877012e-5 4783 8 6 0.12 4 1.2337527774640828e-5 106.2710978
true 4.604783917013958e-6 225 8 7 0.12 1 1.2337527774640828e-5 1.634533
true 4.915607072426236e-6 881 8 7 0.12 2 1.2337527774640828e-5 10.7651292
true 0.1429183458968791 2539 8 7 0.12 3 1.2337527774640828e-5 45.4185583
true 2.3224570313395976e-5 2765 8 7 0.12 4 1.2337527774640828e-5 63.5959893
true 0.12500485354292 421 8 8 0.12 1 1.2337527774640828e-5 2.9896159
true 9.303572785966663e-6 1861 8 8 0.12 2 1.2337527774640828e-5 21.2330326
true 0.12504423320019895 802 8 8 0.12 3 1.2337527774640828e-5 16.9555786
true 1.565401877969691e-5 8103 8 8 0.12 4 1.2337527774640828e-5 179.2080648
true 1.3559461664591765e-6 144 8 1 0.13 1 1.667115612822946e-5 1.1042623
true 2.746565407441004e-6 615 8 1 0.13 2 1.667115612822946e-5 8.0139172
true 3.4468859561598286e-6 1001 8 1 0.13 3 1.667115612822946e-5 19.409283
true 5.898596112746679e-5 2295 8 1 0.13 4 1.667115612822946e-5 54.6573417
true 1.3836134128974997e-6 229 8 2 0.13 1 1.667115612822946e-5 1.4423009
true 2.7446972994948915e-6 659 8 2 0.13 2 1.667115612822946e-5 8.1241078
true 3.341471077222824e-6 1119 8 2 0.13 3 1.667115612822946e-5 22.6450113
true 1.4957020145589528e-5 1253 8 2 0.13 4 1.667115612822946e-5 32.6535791
true 1.389988525557495e-6 193 8 3 0.13 1 1.667115612822946e-5 1.2525179
true 8.512374628325917e-7 484 8 3 0.13 2 1.667115612822946e-5 6.9898116
true 1.0740684364629605e-5 1310 8 3 0.13 3 1.667115612822946e-5 24.1701629
true 8.906629086833744e-5 1482 8 3 0.13 4 1.667115612822946e-5 38.7455985
true 0.2500008842096043 257 8 4 0.13 1 1.667115612822946e-5 1.8395599
true 8.178558295629523e-6 999 8 4 0.13 2 1.667115612822946e-5 12.3153167
true 9.367725878339783e-6 1029 8 4 0.13 3 1.667115612822946e-5 20.6401732
true 2.71751093194883e-5 2811 8 4 0.13 4 1.667115612822946e-5 64.7071571
true 0.20000120089325737 160 8 5 0.13 1 1.667115612822946e-5 1.2695293
true 4.934320662264291e-6 1680 8 5 0.13 2 1.667115612822946e-5 19.6209902
true 7.942714752033897e-5 1252 8 5 0.13 3 1.667115612822946e-5 24.7171774
true 0.00012439150996048642 2462 8 5 0.13 4 1.667115612822946e-5 57.8810315
true 0.16667066037939662 379 8 6 0.13 1 1.667115612822946e-5 2.8319126
true 8.160765354860619e-6 632 8 6 0.13 2 1.667115612822946e-5 8.9454541
true 1.1072892043699026e-5 1258 8 6 0.13 3 1.667115612822946e-5 24.8078946
true 1.2051400503513646e-5 7208 8 6 0.13 4 1.667115612822946e-5 162.4823396
true 0.2857151196359423 224 8 7 0.13 1 1.667115612822946e-5 1.6581273
true 7.736412119660077e-6 3584 8 7 0.13 2 1.667115612822946e-5 41.8788448
true 8.117588462570285e-6 1175 8 7 0.13 3 1.667115612822946e-5 23.7731315
true 1.4949915455301063e-5 3044 8 7 0.13 4 1.667115612822946e-5 75.1112485
true 0.1250019482567093 631 8 8 0.13 1 1.667115612822946e-5 4.3513306
true 1.721800712096988e-6 1403 8 8 0.13 2 1.667115612822946e-5 16.773809
true 6.74334876250432e-5 2232 8 8 0.13 3 1.667115612822946e-5 39.3163266
true 2.7140829393604293e-5 10387 8 8 0.13 4 1.667115612822946e-5 241.9124903
true 1.89665215971635e-6 200 8 1 0.14 1 2.202898740416792e-5 1.4144894
true 1.5008606019106807e-6 518 8 1 0.14 2 2.202898740416792e-5 6.7385259
true 5.697060763815154e-5 645 8 1 0.14 3 2.202898740416792e-5 14.2850319
true 6.31789550653572e-6 1541 8 1 0.14 4 2.202898740416792e-5 44.5996112
true 1.9688021055952465e-6 152 8 2 0.14 1 2.202898740416792e-5 1.0628628
true 3.644937442009999e-6 535 8 2 0.14 2 2.202898740416792e-5 7.2617929
true 1.1593244637231326e-5 1339 8 2 0.14 3 2.202898740416792e-5 26.9297131
true 6.74504258597608e-5 3954 8 2 0.14 4 2.202898740416792e-5 91.0841008
true 1.9209466556683688e-6 188 8 3 0.14 1 2.202898740416792e-5 1.3700213
true 3.412180303715336e-6 363 8 3 0.14 2 2.202898740416792e-5 5.4507877
true 8.663449282482935e-6 783 8 3 0.14 3 2.202898740416792e-5 18.3083877
true 0.00014446434755510662 2074 8 3 0.14 4 2.202898740416792e-5 54.4222464
true 2.1730567820593683e-6 292 8 4 0.14 1 2.202898740416792e-5 1.9542081
true 1.4080305473257448e-5 844 8 4 0.14 2 2.202898740416792e-5 10.6503979
true 2.11579475241086e-5 2665 8 4 0.14 3 2.202898740416792e-5 45.4128176
true 2.179046161859821e-5 1366 8 4 0.14 4 2.202898740416792e-5 39.5740174
true 2.649685610733865e-6 217 8 5 0.14 1 2.202898740416792e-5 1.5706517
true 8.091793544207081e-6 433 8 5 0.14 2 2.202898740416792e-5 6.3293139
true 9.110761641883957e-6 1672 8 5 0.14 3 2.202898740416792e-5 29.2902099
true 3.4998129888352826e-5 2427 8 5 0.14 4 2.202898740416792e-5 63.7404142
true 0.16667322363141815 309 8 6 0.14 1 2.202898740416792e-5 2.0906087
true 1.065168396902072e-5 1383 8 6 0.14 2 2.202898740416792e-5 15.9837252
true 2.087861255770096e-5 3769 8 6 0.14 3 2.202898740416792e-5 63.1530152
true 5.052678040629958e-5 6160 8 6 0.14 4 2.202898740416792e-5 143.6620763
true 0.2857155354534223 178 8 7 0.14 1 2.202898740416792e-5 1.4243504
true 0.14286460709018073 819 8 7 0.14 2 2.202898740416792e-5 10.1097227
true 2.824937272643308e-5 1899 8 7 0.14 3 2.202898740416792e-5 34.3669559
true 3.8309802246006e-5 3249 8 7 0.14 4 2.202898740416792e-5 73.1237183
true 8.023215414383611e-6 1151 8 8 0.14 1 2.202898740416792e-5 8.4745371
true 1.1402616327205184e-5 2627 8 8 0.14 2 2.202898740416792e-5 31.7819468
true 3.129781578090768e-5 2751 8 8 0.14 3 2.202898740416792e-5 47.8493435
true 0.0001144653509653551 3871 8 8 0.14 4 2.202898740416792e-5 86.6306765
true 2.5031899664740287e-6 152 8 1 0.15 1 2.855544248865359e-5 1.1833861
true 4.170321790120113e-6 342 8 1 0.15 2 2.855544248865359e-5 5.1942644
true 2.3205456531338875e-6 1536 8 1 0.15 3 2.855544248865359e-5 27.45109
true 4.262429730339523e-6 995 8 1 0.15 4 2.855544248865359e-5 28.5190242
true 2.5583657346783806e-6 277 8 2 0.15 1 2.855544248865359e-5 2.0538862
true 7.505848998168307e-7 974 8 2 0.15 2 2.855544248865359e-5 11.542047
true 2.3636859892761652e-5 756 8 2 0.15 3 2.855544248865359e-5 15.831839
true 5.374556907009054e-5 2728 8 2 0.15 4 2.855544248865359e-5 69.6649221
true 2.5668596331795968e-6 391 8 3 0.15 1 2.855544248865359e-5 2.6034652
true 3.891655602309789e-6 376 8 3 0.15 2 2.855544248865359e-5 5.629978
true 1.9673655227610738e-5 1399 8 3 0.15 3 2.855544248865359e-5 27.3559402
true 3.516200803290367e-5 1221 8 3 0.15 4 2.855544248865359e-5 33.535954
true 3.04952273263992e-6 203 8 4 0.15 1 2.855544248865359e-5 1.5627522
true 1.2064516685963977e-5 969 8 4 0.15 2 2.855544248865359e-5 12.127426
true 4.9365952698290916e-5 1420 8 4 0.15 3 2.855544248865359e-5 25.2584713
true 2.570622004757772e-5 1252 8 4 0.15 4 2.855544248865359e-5 33.6490331
true 0.0034281632760047253 531 8 5 0.15 1 2.855544248865359e-5 4.136324
true 0.2000181270827095 848 8 5 0.15 2 2.855544248865359e-5 10.8272403
true 1.0855057510084087e-5 1368 8 5 0.15 3 2.855544248865359e-5 25.8074829
true 1.7056370985635282e-5 1609 8 5 0.15 4 2.855544248865359e-5 42.3589294
true 0.3333392510180408 220 8 6 0.15 1 2.855544248865359e-5 1.6980405
true 1.283707132650654e-5 1736 8 6 0.15 2 2.855544248865359e-5 21.1042215
true 1.6683874454507624e-5 1766 8 6 0.15 3 2.855544248865359e-5 33.9150124
true 2.764529970972207e-5 5914 8 6 0.15 4 2.855544248865359e-5 131.5557147
true 0.2857244551454186 192 8 7 0.15 1 2.855544248865359e-5 1.6261739
true 3.673157939495678e-5 967 8 7 0.15 2 2.855544248865359e-5 11.8777347
true 1.1273098035550052e-5 2388 8 7 0.15 3 2.855544248865359e-5 41.6958
true 1.8824334710351325e-5 2702 8 7 0.15 4 2.855544248865359e-5 64.6610842
true 0.25000138526954657 363 8 8 0.15 1 2.855544248865359e-5 2.784045
true 2.421372011798817e-5 2271 8 8 0.15 2 2.855544248865359e-5 26.7013773
true 9.606545875710804e-5 2798 8 8 0.15 3 2.855544248865359e-5 47.5845114
true 4.217964657211859e-5 6729 8 8 0.15 4 2.855544248865359e-5 150.933576
true 3.330699433590212e-6 207 8 1 0.16 1 3.644453169312535e-5 1.5265476
true 1.4580008132869526e-5 509 8 1 0.16 2 3.644453169312535e-5 6.80218
true 9.776912240244684e-6 760 8 1 0.16 3 3.644453169312535e-5 16.3573308
true 1.2023036150443644e-5 2320 8 1 0.16 4 3.644453169312535e-5 55.7268621
true 3.4779408960294855e-6 211 8 2 0.16 1 3.644453169312535e-5 1.5379258
true 2.4805942371863843e-6 955 8 2 0.16 2 3.644453169312535e-5 11.0424071
true 3.164511082592858e-6 1275 8 2 0.16 3 3.644453169312535e-5 24.0725308
true 2.6461030280783282e-5 1994 8 2 0.16 4 3.644453169312535e-5 47.9988008
true 0.3333333123924928 154 8 3 0.16 1 3.644453169312535e-5 1.3283649
true 5.4758817050193365e-6 625 8 3 0.16 2 3.644453169312535e-5 8.665795
true 4.1513917979703795e-5 1248 8 3 0.16 3 3.644453169312535e-5 23.2988342
true 6.409728523406229e-5 1436 8 3 0.16 4 3.644453169312535e-5 38.5451531
true 3.609990300981747e-6 215 8 4 0.16 1 3.644453169312535e-5 1.6806516
true 1.5567885903969292e-5 959 8 4 0.16 2 3.644453169312535e-5 11.8299527
true 1.522116585427058e-5 1293 8 4 0.16 3 3.644453169312535e-5 24.5975534
true 2.1622144945387944e-5 1731 8 4 0.16 4 3.644453169312535e-5 43.935214
true 3.7066828782683637e-6 172 8 5 0.16 1 3.644453169312535e-5 1.4812446
true 1.3180249678013124e-5 771 8 5 0.16 2 3.644453169312535e-5 10.3293804
true 1.637131331230224e-5 2665 8 5 0.16 3 3.644453169312535e-5 50.2752689
true 2.1363109170280392e-5 2555 8 5 0.16 4 3.644453169312535e-5 64.4455898
true 0.33334137821001986 198 8 6 0.16 1 3.644453169312535e-5 1.6541782
true 1.8059446816801977e-5 1080 8 6 0.16 2 3.644453169312535e-5 13.5292479
true 4.7274795497496504e-5 1559 8 6 0.16 3 3.644453169312535e-5 29.8900849
true 3.0868228736463665e-5 4401 8 6 0.16 4 3.644453169312535e-5 102.2885775
true 0.1428714231505636 279 8 7 0.16 1 3.644453169312535e-5 2.1613691
true 1.5729043914804374e-5 830 8 7 0.16 2 3.644453169312535e-5 10.8625661
true 8.614471326178525e-6 939 8 7 0.16 3 3.644453169312535e-5 19.0235437
true 3.640316760137953e-5 6177 8 7 0.16 4 3.644453169312535e-5 132.5296479
true 0.25000274941413836 280 8 8 0.16 1 3.644453169312535e-5 2.2122691
true 0.12502635672637458 1661 8 8 0.16 2 3.644453169312535e-5 21.2150103
true 1.1635302475221376e-5 3192 8 8 0.16 3 3.644453169312535e-5 56.3980185
true 2.092611423139268e-5 4048 8 8 0.16 4 3.644453169312535e-5 100.9064733
true 4.3852277162304e-6 227 8 1 0.17 1 4.573683624314419e-5 1.7375495
true 6.946360368242921e-6 349 8 1 0.17 2 4.573683624314419e-5 5.6003779
true 3.686292021687354e-6 923 8 1 0.17 3 4.573683624314419e-5 18.3991766
true 8.409397669773e-6 955 8 1 0.17 4 4.573683624314419e-5 27.6356303
true 4.7674270687303455e-6 275 8 2 0.17 1 4.573683624314419e-5 2.0909007
true 9.486935831359844e-6 618 8 2 0.17 2 4.573683624314419e-5 8.3518669
true 1.2934942368481028e-5 1051 8 2 0.17 3 4.573683624314419e-5 21.969966
true 4.1929252687505913e-5 1903 8 2 0.17 4 4.573683624314419e-5 49.7412503
true 0.33333365257827635 141 8 3 0.17 1 4.573683624314419e-5 1.1887263
true 8.853013704031762e-6 1003 8 3 0.17 2 4.573683624314419e-5 12.8371166
true 1.6851148888349005e-5 813 8 3 0.17 3 4.573683624314419e-5 18.6212822
true 2.345315081638451e-5 1556 8 3 0.17 4 4.573683624314419e-5 41.9102242
true 0.25000259576918127 187 8 4 0.17 1 4.573683624314419e-5 1.5505579
true 1.2642554373248904e-6 808 8 4 0.17 2 4.573683624314419e-5 10.080658
true 1.7439825805348752e-5 1412 8 4 0.17 3 4.573683624314419e-5 26.3124528
true 5.033843470776678e-5 2748 8 4 0.17 4 4.573683624314419e-5 62.9899775
true 0.4000011780111552 211 8 5 0.17 1 4.573683624314419e-5 1.7330445
true 0.1999690164182019 389 8 5 0.17 2 4.573683624314419e-5 5.8677467
true 4.1592647236488035e-5 1269 8 5 0.17 3 4.573683624314419e-5 26.3141246
true 1.3155259403063723e-5 4665 8 5 0.17 4 4.573683624314419e-5 105.8741355
true 0.3333431343852269 437 8 6 0.17 1 4.573683624314419e-5 3.2563266
true 2.228065404609921e-6 1410 8 6 0.17 2 4.573683624314419e-5 17.3308236
true 1.2126666973403625e-5 702 8 6 0.17 3 4.573683624314419e-5 16.0750498
true 2.521939489704324e-5 3551 8 6 0.17 4 4.573683624314419e-5 79.6372649
true 1.8272235194238817e-5 376 8 7 0.17 1 4.573683624314419e-5 2.9348572
true 0.14286258921465486 1003 8 7 0.17 2 4.573683624314419e-5 12.6345719
true 4.6037377080484655e-5 2343 8 7 0.17 3 4.573683624314419e-5 40.6957333
true 3.2468826279179784e-5 5162 8 7 0.17 4 4.573683624314419e-5 114.1295232
true 0.12501530694441274 357 8 8 0.17 1 4.573683624314419e-5 2.7907453
true 2.1074718629950084e-5 2809 8 8 0.17 2 4.573683624314419e-5 34.3313007
true 2.6104247501580746e-5 2637 8 8 0.17 3 4.573683624314419e-5 46.8985427
true 2.9466382582631068e-5 1526 8 8 0.17 4 4.573683624314419e-5 40.1057942
true 5.4590722085579024e-6 183 8 1 0.18 1 5.672819933488509e-5 1.4370332
true 9.052036061829583e-6 456 8 1 0.18 2 5.672819933488509e-5 6.5475054
true 9.594880758856394e-6 659 8 1 0.18 3 5.672819933488509e-5 14.4386949
true 1.5997964798175612e-5 760 8 1 0.18 4 5.672819933488509e-5 22.8801475
true 5.6549928066085275e-6 156 8 2 0.18 1 5.672819933488509e-5 1.3108237
true 1.657741114893807e-5 590 8 2 0.18 2 5.672819933488509e-5 8.1110662
true 4.111485598484732e-5 851 8 2 0.18 3 5.672819933488509e-5 17.2444626
true 4.1954092584423064e-5 1163 8 2 0.18 4 5.672819933488509e-5 34.9108583
true 0.3333353864145416 140 8 3 0.18 1 5.672819933488509e-5 1.2999089
true 9.89450431548855e-6 481 8 3 0.18 2 5.672819933488509e-5 7.114584
true 9.114231159882783e-6 1708 8 3 0.18 3 5.672819933488509e-5 31.1385996
true 7.80357677966174e-5 1335 8 3 0.18 4 5.672819933488509e-5 40.864026
true 6.268115618573988e-6 210 8 4 0.18 1 5.672819933488509e-5 1.7136655
true 3.1562387687381066e-5 915 8 4 0.18 2 5.672819933488509e-5 12.1933555
true 3.300686730563218e-5 2655 8 4 0.18 3 5.672819933488509e-5 48.9007121
true 2.3039401070359955e-5 2723 8 4 0.18 4 5.672819933488509e-5 63.6051976
true 0.20000383991998866 184 8 5 0.18 1 5.672819933488509e-5 1.5372813
true 3.0756930802566806e-6 1100 8 5 0.18 2 5.672819933488509e-5 13.8530454
true 2.6140793357531943e-5 1397 8 5 0.18 3 5.672819933488509e-5 26.1169092
true 4.684130021977984e-5 2690 8 5 0.18 4 5.672819933488509e-5 63.9625914
true 0.333344332813438 363 8 6 0.18 1 5.672819933488509e-5 2.8955536
true 7.474073508734191e-6 1464 8 6 0.18 2 5.672819933488509e-5 18.3893116
true 5.82942883156079e-5 1334 8 6 0.18 3 5.672819933488509e-5 25.2114519
true 3.3920442198344856e-5 1356 8 6 0.18 4 5.672819933488509e-5 35.8292743
true 2.3080045592284636e-5 408 8 7 0.18 1 5.672819933488509e-5 3.2125661
true 3.3536369601667408e-6 1491 8 7 0.18 2 5.672819933488509e-5 17.9513672
true 9.127587815886486e-5 1756 8 7 0.18 3 5.672819933488509e-5 31.7395017
true 3.122359222124909e-5 2263 8 7 0.18 4 5.672819933488509e-5 60.1123981
true 2.0737574999561692e-5 415 8 8 0.18 1 5.672819933488509e-5 3.1542737
true 2.1127719783360643e-5 646 8 8 0.18 2 5.672819933488509e-5 8.8837944
true 2.4939416736050046e-5 4699 8 8 0.18 3 5.672819933488509e-5 79.0331892
true 6.340808482151183e-5 3464 8 8 0.18 4 5.672819933488509e-5 82.8117385
true 7.083712043887136e-6 136 8 1 0.19 1 6.956881640670231e-5 1.1493833
true 2.73178095988591e-6 426 8 1 0.19 2 6.956881640670231e-5 6.1111096
true 1.990728965672872e-5 891 8 1 0.19 3 6.956881640670231e-5 18.4279224
true 1.536102501636938e-5 1210 8 1 0.19 4 6.956881640670231e-5 32.4426755
true 7.135979564837358e-6 189 8 2 0.19 1 6.956881640670231e-5 1.4710288
true 1.3081707886164473e-5 1013 8 2 0.19 2 6.956881640670231e-5 13.8522904
true 2.0766237565750245e-5 1686 8 2 0.19 3 6.956881640670231e-5 31.1972983
true 5.800664758029428e-5 2226 8 2 0.19 4 6.956881640670231e-5 52.4099424
true 0.33371333035926937 171 8 3 0.19 1 6.956881640670231e-5 1.5664403
true 5.687767907713859e-6 738 8 3 0.19 2 6.956881640670231e-5 9.7684403
true 4.686657412311668e-5 1280 8 3 0.19 3 6.956881640670231e-5 24.8761647
true 7.619728634307894e-5 1595 8 3 0.19 4 6.956881640670231e-5 41.445444
true 8.418278990979244e-6 186 8 4 0.19 1 6.956881640670231e-5 1.5666548
true 2.9815503732433246e-5 1137 8 4 0.19 2 6.956881640670231e-5 14.1321321
true 4.088632199396314e-5 2383 8 4 0.19 3 6.956881640670231e-5 44.355352
true 3.1485804257713745e-5 4840 8 4 0.19 4 6.956881640670231e-5 107.0709624
true 7.52442242495377e-6 231 8 5 0.19 1 6.956881640670231e-5 1.8157932
true 2.7698266865616717e-5 1516 8 5 0.19 2 6.956881640670231e-5 18.2324324
true 0.20005805834704088 1022 8 5 0.19 3 6.956881640670231e-5 21.1136709
true 9.506814724309365e-5 3699 8 5 0.19 4 6.956881640670231e-5 89.4450166
true 0.16668653958243115 227 8 6 0.19 1 6.956881640670231e-5 1.9040038
true 3.583606186260968e-5 1116 8 6 0.19 2 6.956881640670231e-5 13.9938704
true 0.00013028366362928998 1229 8 6 0.19 3 6.956881640670231e-5 24.3081622
true 8.387815076278209e-5 2602 8 6 0.19 4 6.956881640670231e-5 64.616455
true 0.2857393909384263 192 8 7 0.19 1 6.956881640670231e-5 1.699488
true 3.356009070174367e-5 2674 8 7 0.19 2 6.956881640670231e-5 31.8317061
true 0.14287311866873686 1487 8 7 0.19 3 6.956881640670231e-5 28.6476586
true 0.0001577261563695214 7424 8 7 0.19 4 6.956881640670231e-5 174.7976131
true 0.2500037586045179 504 8 8 0.19 1 6.956881640670231e-5 3.8555347
true 2.941264780775138e-5 1476 8 8 0.19 2 6.956881640670231e-5 19.0535951
true 6.349745373984e-5 1290 8 8 0.19 3 6.956881640670231e-5 24.8742022
true 9.114725842460092e-5 4504 8 8 0.19 4 6.956881640670231e-5 101.2303711
true 9.017075915995765e-6 266 8 1 0.2 1 8.447509918454874e-5 1.9845285
true 8.148932858775826e-6 378 8 1 0.2 2 8.447509918454874e-5 5.8207556
true 1.0016004522883648e-5 1199 8 1 0.2 3 8.447509918454874e-5 25.2008705
true 2.9913033273654133e-5 951 8 1 0.2 4 8.447509918454874e-5 27.2042552
true 9.015438527187891e-6 184 8 2 0.2 1 8.447509918454874e-5 1.4202028
true 3.370829623178251e-6 520 8 2 0.2 2 8.447509918454874e-5 7.3091414
true 1.235034463714646e-5 950 8 2 0.2 3 8.447509918454874e-5 18.7467159
true 7.23756778335527e-5 1644 8 2 0.2 4 8.447509918454874e-5 44.0201091
true 0.33333641049426815 191 8 3 0.2 1 8.447509918454874e-5 1.4909553
true 1.4425194069744851e-5 719 8 3 0.2 2 8.447509918454874e-5 10.408245
true 4.4957924421366403e-5 654 8 3 0.2 3 8.447509918454874e-5 15.7164915
true 5.668183910800817e-5 2981 8 3 0.2 4 8.447509918454874e-5 69.8656269
true 0.250005497020968 232 8 4 0.2 1 8.447509918454874e-5 1.8347086
true 3.787348432676696e-5 964 8 4 0.2 2 8.447509918454874e-5 11.9893758
true 4.451257734595926e-5 1819 8 4 0.2 3 8.447509918454874e-5 32.4234358
true 0.1248568071105883 3427 8 4 0.2 4 8.447509918454874e-5 80.4757463
true 9.697496892069336e-6 279 8 5 0.2 1 8.447509918454874e-5 2.1531141
true 3.4602517593040895e-5 2068 8 5 0.2 2 8.447509918454874e-5 26.0216245
true 3.081947266917462e-5 5434 8 5 0.2 3 8.447509918454874e-5 98.3968919
true 1.6923228632181875e-5 2981 8 5 0.2 4 8.447509918454874e-5 70.331219
true 0.16668867320799718 271 8 6 0.2 1 8.447509918454874e-5 2.1880955
true 4.510778886486951e-5 1986 8 6 0.2 2 8.447509918454874e-5 25.2744719
true 0.00018298329075748984 1710 8 6 0.2 3 8.447509918454874e-5 33.7122611
true 0.00011693046668265206 4427 8 6 0.2 4 8.447509918454874e-5 105.4378263
true 3.5886967466909016e-5 332 8 7 0.2 1 8.447509918454874e-5 2.521265
true 4.4241602705568415e-5 5036 8 7 0.2 2 8.447509918454874e-5 62.4021253
true 3.482589220933046e-5 1003 8 7 0.2 3 8.447509918454874e-5 20.7719424
true 7.180539987508164e-5 2278 8 7 0.2 4 8.447509918454874e-5 58.6007457
true 3.338797684399736e-5 501 8 8 0.2 1 8.447509918454874e-5 3.7578475
true 2.725378950498708e-5 795 8 8 0.2 2 8.447509918454874e-5 10.4592687
true 4.391705798871548e-5 2691 8 8 0.2 3 8.447509918454874e-5 48.222528
true 4.7393039594965936e-5 3654 8 8 0.2 4 8.447509918454874e-5 85.2031131
true 1.1047664756846931e-5 150 8 1 0.21 1 0.00010168453589452703 1.2252451
true 1.9271756434402487e-5 355 8 1 0.21 2 0.00010168453589452703 6.3977053
true 2.187155636634852e-5 606 8 1 0.21 3 0.00010168453589452703 13.5933955
true 9.385326602273647e-6 988 8 1 0.21 4 0.00010168453589452703 28.8113312
true 1.1316790727022852e-5 204 8 2 0.21 1 0.00010168453589452703 1.6239559
true 1.8954298669882075e-5 1097 8 2 0.21 2 0.00010168453589452703 14.3569318
true 1.9746859987845866e-5 1567 8 2 0.21 3 0.00010168453589452703 29.4484003
true 6.983503326910001e-5 1852 8 2 0.21 4 0.00010168453589452703 49.1225351
true 0.33333745330531395 191 8 3 0.21 1 0.00010168453589452703 1.6798879
true 1.0468168774184031e-5 623 8 3 0.21 2 0.00010168453589452703 8.3648808
true 2.6106511804883475e-5 1318 8 3 0.21 3 0.00010168453589452703 28.9424088
true 6.683882816858426e-5 1941 8 3 0.21 4 0.00010168453589452703 55.713199
true 1.2261097891361206e-5 403 8 4 0.21 1 0.00010168453589452703 3.0903476
true 0.2500224556700877 1310 8 4 0.21 2 0.00010168453589452703 16.45653
true 6.0805353816750785e-5 1722 8 4 0.21 3 0.00010168453589452703 33.0523098
true 9.809358018444958e-5 3317 8 4 0.21 4 0.00010168453589452703 75.8527589
true 0.20000866294641595 207 8 5 0.21 1 0.00010168453589452703 1.7167197
true 1.8353499352008472e-5 1771 8 5 0.21 2 0.00010168453589452703 21.3897893
true 5.566283268965133e-5 1229 8 5 0.21 3 0.00010168453589452703 25.7552166
true 6.390927574461136e-5 3827 8 5 0.21 4 0.00010168453589452703 86.1381689
true 3.0493662010984874e-5 242 8 6 0.21 1 0.00010168453589452703 2.0077734
true 5.4143746026238025e-5 715 8 6 0.21 2 0.00010168453589452703 9.8416935
true 7.065663941308957e-5 4322 8 6 0.21 3 0.00010168453589452703 72.6115422
true 0.00011099277517313359 4875 8 6 0.21 4 0.00010168453589452703 108.766717
true 4.35965566127667e-5 596 8 7 0.21 1 0.00010168453589452703 4.6247871
true 0.14290254694956175 1307 8 7 0.21 2 0.00010168453589452703 16.6155774
true 2.760430269517698e-5 1266 8 7 0.21 3 0.00010168453589452703 25.7900394
true 6.11583809186673e-5 2670 8 7 0.21 4 0.00010168453589452703 68.2707517
true 0.25000570194708643 408 8 8 0.21 1 0.00010168453589452703 3.2568178
true 7.653049128338724e-5 1001 8 8 0.21 2 0.00010168453589452703 13.2473776
true 0.25002281891317657 1224 8 8 0.21 3 0.00010168453589452703 24.8535917
true 1.6181668895262624e-5 5226 8 8 0.21 4 0.00010168453589452703 118.3278786
true 1.3571441863868827e-5 144 8 1 0.22 1 0.000121344932874854 1.2898723
true 1.9453555486770302e-5 471 8 1 0.22 2 0.000121344932874854 6.8535744
true 7.875288958514304e-6 2072 8 1 0.22 3 0.000121344932874854 40.359215
true 7.499889158735229e-5 1196 8 1 0.22 4 0.000121344932874854 33.9493291
true 1.3731192165772343e-5 227 8 2 0.22 1 0.000121344932874854 1.857965
true 2.2575132850866098e-5 374 8 2 0.22 2 0.000121344932874854 5.8188459
true 0.00010289407778324433 1558 8 2 0.22 3 0.000121344932874854 28.3262696
true 0.00010600837555937992 927 8 2 0.22 4 0.000121344932874854 28.0022233
true 1.3826106064041e-5 181 8 3 0.22 1 0.000121344932874854 1.4577607
true 1.842181125155662e-5 2058 8 3 0.22 2 0.000121344932874854 26.7583234
true 2.0406619409329974e-5 1319 8 3 0.22 3 0.000121344932874854 27.55735
true 0.00010461208540733329 2493 8 3 0.22 4 0.000121344932874854 60.2015094
true 1.518364916618109e-5 427 8 4 0.22 1 0.000121344932874854 3.2389025
true 3.953970687198272e-6 1002 8 4 0.22 2 0.000121344932874854 13.3091876
true 0.00018080810111621715 4491 8 4 0.22 3 0.000121344932874854 80.9084956
true 0.00016452460728545726 4893 8 4 0.22 4 0.000121344932874854 113.1997567
true 0.20000929236246287 277 8 5 0.22 1 0.000121344932874854 2.1209612
true 3.5104890712733816e-5 1259 8 5 0.22 2 0.000121344932874854 16.1575473
true 4.463511299549472e-5 3353 8 5 0.22 3 0.000121344932874854 58.8862729
true 3.8796963455556274e-5 5222 8 5 0.22 4 0.000121344932874854 124.2338122
true 0.16669966041565357 334 8 6 0.22 1 0.000121344932874854 2.6667511
true 0.1667625450951087 1158 8 6 0.22 2 0.000121344932874854 15.2316544
true 3.1873123476503874e-5 1811 8 6 0.22 3 0.000121344932874854 34.6192356
true 0.00021819618212057246 4611 8 6 0.22 4 0.000121344932874854 109.5304736
true 0.14290679215980326 365 8 7 0.22 1 0.000121344932874854 3.008326
true 5.881699652136664e-5 743 8 7 0.22 2 0.000121344932874854 9.948399
true 4.2751238959161585e-5 7254 8 7 0.22 3 0.000121344932874854 129.9748188
true 8.295322510414633e-5 4442 8 7 0.22 4 0.000121344932874854 101.5662686
true 0.12504433048405378 259 8 8 0.22 1 0.000121344932874854 2.1472071
true 5.168242280579466e-5 1764 8 8 0.22 2 0.000121344932874854 21.9723688
true 5.415570573489431e-5 1504 8 8 0.22 3 0.000121344932874854 29.3145749
true 4.768773444970703e-5 4309 8 8 0.22 4 0.000121344932874854 99.6992053
true 1.671459597069047e-5 193 8 1 0.23 1 0.00014401971777686906 1.5225341
true 2.258988466624645e-5 360 8 1 0.23 2 0.00014401971777686906 5.615404
true 2.6136460296921626e-5 764 8 1 0.23 3 0.00014401971777686906 16.6659806
true 3.449959193813079e-5 1270 8 1 0.23 4 0.00014401971777686906 40.4654219
true 1.711573148455159e-5 160 8 2 0.23 1 0.00014401971777686906 1.2763421
true 3.654763979019093e-5 725 8 2 0.23 2 0.00014401971777686906 10.3223022
true 3.800252600236198e-5 1087 8 2 0.23 3 0.00014401971777686906 21.9841092
true 0.00016484192169052836 1127 8 2 0.23 4 0.00014401971777686906 33.0370561
true 0.33333920801609174 145 8 3 0.23 1 0.00014401971777686906 1.2788688
true 3.155623326985454e-5 480 8 3 0.23 2 0.00014401971777686906 7.1886118
true 1.8083502432690118e-5 1747 8 3 0.23 3 0.00014401971777686906 33.5641615
true 0.0001506530245481604 2632 8 3 0.23 4 0.00014401971777686906 64.4962888
true 1.8923765556122518e-5 182 8 4 0.23 1 0.00014401971777686906 1.6310443
true 6.167843835946929e-5 1023 8 4 0.23 2 0.00014401971777686906 13.0622858
true 9.599793728548578e-5 1092 8 4 0.23 3 0.00014401971777686906 22.983493
true 0.0001366827865509901 2314 8 4 0.23 4 0.00014401971777686906 58.5724073
true 1.802433279691762e-5 197 8 5 0.23 1 0.00014401971777686906 1.7234816
true 0.00017793095839879758 1582 8 5 0.23 2 0.00014401971777686906 20.6779615
true 0.20005702823491137 2496 8 5 0.23 3 0.00014401971777686906 45.1230418
true 9.415350480628249e-5 3844 8 5 0.23 4 0.00014401971777686906 92.9543424
true 4.448407128228767e-5 261 8 6 0.23 1 0.00014401971777686906 2.1641343
true 1.0789739743555238e-5 1921 8 6 0.23 2 0.00014401971777686906 25.7545035
true 0.00010756074223260599 3249 8 6 0.23 3 0.00014401971777686906 62.9509749
true 8.382263373098627e-5 3291 8 6 0.23 4 0.00014401971777686906 78.8207581
true 6.328225408981845e-5 834 8 7 0.23 1 0.00014401971777686906 7.0785905
true 0.1428633311601403 1126 8 7 0.23 2 0.00014401971777686906 15.3237336
true 4.661019619937669e-5 2461 8 7 0.23 3 0.00014401971777686906 47.4680946
true 7.798105574738765e-5 4824 8 7 0.23 4 0.00014401971777686906 118.5805744
true 0.1250528469326359 439 8 8 0.23 1 0.00014401971777686906 4.017021
true 6.433962151566885e-5 1653 8 8 0.23 2 0.00014401971777686906 21.4486095
true 1.569587706571479e-5 2129 8 8 0.23 3 0.00014401971777686906 41.302135
true 5.899017930794531e-5 2910 8 8 0.23 4 0.00014401971777686906 71.7522233
true 2.054637150394889e-5 227 8 1 0.24 1 0.00017048896560115199 1.8230457
true 3.30202108552724e-5 593 8 1 0.24 2 0.00017048896560115199 8.3529376
true 5.3165936593047025e-5 1714 8 1 0.24 3 0.00017048896560115199 33.270969
true 2.825756230290244e-5 1143 8 1 0.24 4 0.00017048896560115199 35.2344787
true 2.0892647384612717e-5 206 8 2 0.24 1 0.00017048896560115199 1.7009553
true 4.0858168762758496e-6 908 8 2 0.24 2 0.00017048896560115199 13.4563978
true 3.0936834035183436e-5 2311 8 2 0.24 3 0.00017048896560115199 44.123308
true 0.00014360551635517194 1436 8 2 0.24 4 0.00017048896560115199 41.2498195
true 2.0815399634129445e-5 256 8 3 0.24 1 0.00017048896560115199 2.0992841
true 3.4938566768246324e-6 982 8 3 0.24 2 0.00017048896560115199 13.6070404
true 7.507143537418177e-5 1340 8 3 0.24 3 0.00017048896560115199 27.6239241
true 9.560905057359737e-5 2091 8 3 0.24 4 0.00017048896560115199 55.3875732
true 0.2500131983531046 165 8 4 0.24 1 0.00017048896560115199 1.6267148
true 8.0019879698634e-5 1319 8 4 0.24 2 0.00017048896560115199 17.8319122