g_converged min_loss iter nsites nqubits0 h nlayers SvN time
true 2.0411619217175492e-5 266 8 1 0.24 1 0.00017048896560115199 9.2038753
true 3.8470269451085226e-5 422 8 1 0.24 2 0.00017048896560115199 7.7414704
true 2.0317718075424374e-5 995 8 1 0.24 3 0.00017048896560115199 18.98814
true 2.6830245513309592e-5 1105 8 1 0.24 4 0.00017048896560115199 32.1378871
true 2.078478524603078e-5 201 8 2 0.24 1 0.00017048896560115199 1.6841244
true 3.577316604552738e-5 396 8 2 0.24 2 0.00017048896560115199 7.0386456
true 0.0001252067118463207 753 8 2 0.24 3 0.00017048896560115199 17.3710684
true 0.0001454295741956657 1363 8 2 0.24 4 0.00017048896560115199 40.6790013
true 2.0809918409766166e-5 504 8 3 0.24 1 0.00017048896560115199 3.9600633
true 2.7050616868122084e-5 408 8 3 0.24 2 0.00017048896560115199 6.6224611
true 2.9807855957390366e-5 1158 8 3 0.24 3 0.00017048896560115199 22.6909303
true 0.00010920765374472508 1232 8 3 0.24 4 0.00017048896560115199 35.2215699
true 2.319034337214254e-5 177 8 4 0.24 1 0.00017048896560115199 1.6272564
true 8.597330956747196e-5 691 8 4 0.24 2 0.00017048896560115199 9.9750897
true 8.24791722981999e-5 2028 8 4 0.24 3 0.00017048896560115199 38.4360128
true 0.00010855599857539922 2619 8 4 0.24 4 0.00017048896560115199 79.0727095
true 2.2087002641901777e-5 221 8 5 0.24 1 0.00017048896560115199 2.0751052
true 6.988537552522489e-5 1271 8 5 0.24 2 0.00017048896560115199 19.1917972
true 5.226982604666919e-5 2135 8 5 0.24 3 0.00017048896560115199 44.2565302
true 0.00017402089950400157 3726 8 5 0.24 4 0.00017048896560115199 98.4924392
true 0.1667145043945364 213 8 6 0.24 1 0.00017048896560115199 2.1080884
true 9.195789014360134e-5 608 8 6 0.24 2 0.00017048896560115199 9.6911716
true 0.00010564708420336226 1057 8 6 0.24 3 0.00017048896560115199 24.5137064
true 0.0001880774224347348 1482 8 6 0.24 4 0.00017048896560115199 46.4036079
true 0.2857724572929608 202 8 7 0.24 1 0.00017048896560115199 2.0685386
true 0.28572245284322595 895 8 7 0.24 2 0.00017048896560115199 13.7328716
true 0.0001483996812459381 1566 8 7 0.24 3 0.00017048896560115199 32.9410245
true 7.43784541311949e-6 3851 8 7 0.24 4 0.00017048896560115199 103.5433009
true 0.12506364731361347 280 8 8 0.24 1 0.00017048896560115199 2.601012
true 7.433117250535415e-5 1045 8 8 0.24 2 0.00017048896560115199 15.2388798
true 5.213445873532285e-5 3624 8 8 0.24 3 0.00017048896560115199 70.58652
true 0.00010094853231771422 2843 8 8 0.24 4 0.00017048896560115199 79.1748891
true 2.4736500359778812e-5 146 8 1 0.25 1 0.00020065095512621192 1.404874
true 2.2122195236895514e-5 549 8 1 0.25 2 0.00020065095512621192 9.0363779
true 1.3060825331367987e-5 1479 8 1 0.25 3 0.00020065095512621192 32.1020135
true 0.00027385820948860884 1710 8 1 0.25 4 0.00020065095512621192 53.1897232
true 2.525745848322436e-5 212 8 2 0.25 1 0.00020065095512621192 1.879674
true 9.471838515157094e-6 475 8 2 0.25 2 0.00020065095512621192 7.7674805
true 0.00014776967634702598 1246 8 2 0.25 3 0.00020065095512621192 26.4660328
true 0.0001695615963501762 2938 8 2 0.25 4 0.00020065095512621192 75.6378446
true 0.3333425702747484 179 8 3 0.25 1 0.00020065095512621192 1.6482583
true 3.8178995093710956e-5 460 8 3 0.25 2 0.00020065095512621192 7.9411337
true 8.77437890703751e-5 826 8 3 0.25 3 0.00020065095512621192 20.6640264
true 0.00014382457898115542 1529 8 3 0.25 4 0.00020065095512621192 48.0271668
true 0.25001605168330265 215 8 4 0.25 1 0.00020065095512621192 2.0791674
true 9.619334126959034e-5 614 8 4 0.25 2 0.00020065095512621192 9.5332441
true 0.00010082434739663859 1952 8 4 0.25 3 0.00020065095512621192 40.4127816
true 0.00015700068460626493 2585 8 4 0.25 4 0.00020065095512621192 68.2992388
true 0.20001867871552248 156 8 5 0.25 1 0.00020065095512621192 1.6074161
true 8.091554027052083e-5 872 8 5 0.25 2 0.00020065095512621192 13.245943
true 8.20163133357199e-5 974 8 5 0.25 3 0.00020065095512621192 22.9144386
true 0.00014680535918781823 1243 8 5 0.25 4 0.00020065095512621192 43.023023
true 6.438796328838332e-5 273 8 6 0.25 1 0.00020065095512621192 2.4585049
true 0.00010101222936037546 2178 8 6 0.25 2 0.00020065095512621192 29.9488457
true 7.364142487859919e-5 1547 8 6 0.25 3 0.00020065095512621192 31.9987853
true 0.00013604877216803293 2486 8 6 0.25 4 0.00020065095512621192 68.9495083
true 0.1429394772318283 399 8 7 0.25 1 0.00020065095512621192 3.5122616
true 9.449734058447623e-5 973 8 7 0.25 2 0.00020065095512621192 14.0755974
true 5.257437344159082e-5 1131 8 7 0.25 3 0.00020065095512621192 25.9759443
true 2.128312365238884e-5 3568 8 7 0.25 4 0.00020065095512621192 92.5811522
true 0.24994910863024397 199 8 8 0.25 1 0.00020065095512621192 2.0281251
true 8.323796312149218e-5 1748 8 8 0.25 2 0.00020065095512621192 24.9708711
true 6.495062148867414e-5 3538 8 8 0.25 3 0.00020065095512621192 71.8452732
true 0.00013647366740688477 2192 8 8 0.25 4 0.00020065095512621192 62.0753242
true 2.9720715224057503e-5 190 8 1 0.26 1 0.00023526288530908998 1.6179616
true 4.613513890960874e-5 314 8 1 0.26 2 0.00023526288530908998 5.8775931
true 0.00015833967952805228 702 8 1 0.26 3 0.00023526288530908998 17.3507895
true 8.626098844743968e-5 1548 8 1 0.26 4 0.00023526288530908998 45.3482365
true 3.0619694694811184e-5 192 8 2 0.26 1 0.00023526288530908998 1.8729871
true 7.052482251770908e-5 621 8 2 0.26 2 0.00023526288530908998 9.5947174
true 0.00022678139026086064 1577 8 2 0.26 3 0.00023526288530908998 34.9616196
true 0.00018274973188747712 2892 8 2 0.26 4 0.00023526288530908998 83.6850679
true 3.060471754299613e-5 169 8 3 0.26 1 0.00023526288530908998 1.6796898
true 4.652213885758538e-5 627 8 3 0.26 2 0.00023526288530908998 9.9107171
true 3.1441668235043796e-5 1220 8 3 0.26 3 0.00023526288530908998 27.024131
true 8.235393965568457e-6 1720 8 3 0.26 4 0.00023526288530908998 49.0718365
true 3.4334021855444985e-5 184 8 4 0.26 1 0.00023526288530908998 1.762841
true 0.00011190628850302198 576 8 4 0.26 2 0.00023526288530908998 9.454695
true 0.0001180408460302318 727 8 4 0.26 3 0.00023526288530908998 19.1579774
true 0.00017259768449101598 7461 8 4 0.26 4 0.00023526288530908998 187.7596916
true 0.20002286655503995 376 8 5 0.26 1 0.00023526288530908998 3.324126
true 2.409518887417361e-5 701 8 5 0.26 2 0.00023526288530908998 10.8660979
true 7.901788769826279e-5 1189 8 5 0.26 3 0.00023526288530908998 28.9901803
true 0.000143481173466975 2362 8 5 0.26 4 0.00023526288530908998 65.8122111
true 0.1667316971178039 185 8 6 0.26 1 0.00023526288530908998 1.8622003
true 0.00012422403982471444 1875 8 6 0.26 2 0.00023526288530908998 25.8449755
true 0.00015782291430122922 2121 8 6 0.26 3 0.00023526288530908998 42.9284444
true 0.0002624105322244589 2015 8 6 0.26 4 0.00023526288530908998 58.3354932
true 0.00010584810796588589 187 8 7 0.26 1 0.00023526288530908998 2.0126169
true 0.00010857160436989715 1000 8 7 0.26 2 0.00023526288530908998 14.2178332
true 9.451116095218362e-5 3765 8 7 0.26 3 0.00023526288530908998 74.6075987
true 3.717838040412369e-5 3491 8 7 0.26 4 0.00023526288530908998 93.6305211
true 0.2500180622568415 817 8 8 0.26 1 0.00023526288530908998 7.1748242
true 0.00010041344154607112 1321 8 8 0.26 2 0.00023526288530908998 19.1404567
true 9.295576793125898e-5 4134 8 8 0.26 3 0.00023526288530908998 80.363592
true 0.00012134100849653384 3363 8 8 0.26 4 0.00023526288530908998 89.1294459
true 3.575507219460983e-5 289 8 1 0.27 1 0.00027763914380781097 2.6434017
true 6.800076086183049e-5 479 8 1 0.27 2 0.00027763914380781097 8.109676
true 7.977385973489959e-5 621 8 1 0.27 3 0.00027763914380781097 16.9652563
true 9.670128467459405e-5 1106 8 1 0.27 4 0.00027763914380781097 39.1172125
true 3.697057291696115e-5 169 8 2 0.27 1 0.00027763914380781097 1.7362349
true 6.850552208265137e-5 351 8 2 0.27 2 0.00027763914380781097 6.8087515
true 5.775309724562194e-5 754 8 2 0.27 3 0.00027763914380781097 19.0598489
true 3.05256045628477e-5 4363 8 2 0.27 4 0.00027763914380781097 118.1523602
true 3.696850622558756e-5 174 8 3 0.27 1 0.00027763914380781097 1.6912996
true 4.65850205508452e-5 352 8 3 0.27 2 0.00027763914380781097 6.3761345
true 0.00021699434823528133 3214 8 3 0.27 3 0.00027763914380781097 71.112724
true 1.9260684632593783e-5 1450 8 3 0.27 4 0.00027763914380781097 50.2664411
true 0.2500198031601106 170 8 4 0.27 1 0.00027763914380781097 1.7783012
true 9.440329241908185e-5 1053 8 4 0.27 2 0.00027763914380781097 16.8410888
true 0.00016031739383541577 1125 8 4 0.27 3 0.00027763914380781097 25.2621085
true 4.636857296402841e-5 5274 8 4 0.27 4 0.00027763914380781097 135.8088518
true 0.20002525352250364 288 8 5 0.27 1 0.00027763914380781097 2.6791025
true 0.00012258517238366017 513 8 5 0.27 2 0.00027763914380781097 8.7891549
true 0.00010119300001723008 2827 8 5 0.27 3 0.00027763914380781097 56.7742341
true 0.00016650778318687552 2427 8 5 0.27 4 0.00027763914380781097 65.7018608
true 0.16674601103861955 185 8 6 0.27 1 0.00027763914380781097 1.8926007
true 0.0001604741445060213 899 8 6 0.27 2 0.00027763914380781097 13.4579099
true 0.00011551743023333061 2106 8 6 0.27 3 0.00027763914380781097 46.979537
true 0.0001422162130941725 10337 8 6 0.27 4 0.00027763914380781097 253.5514384
true 0.00012429959933212592 595 8 7 0.27 1 0.00027763914380781097 5.4995442
true 0.00012810423124747544 1190 8 7 0.27 2 0.00027763914380781097 17.5300689
true 0.0001369976912614725 3004 8 7 0.27 3 0.00027763914380781097 64.0902325
true 0.00013662636139210354 3659 8 7 0.27 4 0.00027763914380781097 96.3237585
true 0.0001121502862468024 298 8 8 0.27 1 0.00027763914380781097 2.7989654
true 2.3944852934797145e-5 1968 8 8 0.27 2 0.00027763914380781097 30.1353359
true 0.00014454102527400314 9486 8 8 0.27 3 0.00027763914380781097 188.5683686
true 0.00011933249573996968 8049 8 8 0.27 4 0.00027763914380781097 213.6584061
true 4.272687659789831e-5 138 8 1 0.28 1 0.0003286108662315683 1.4067289
true 7.637146835687281e-5 313 8 1 0.28 2 0.0003286108662315683 5.8705937
true 1.260535772057425e-5 1051 8 1 0.28 3 0.0003286108662315683 24.5984173
true 4.550018009791268e-5 1048 8 1 0.28 4 0.0003286108662315683 33.6607303
true 4.4671663733009126e-5 184 8 2 0.28 1 0.0003286108662315683 1.7349998
true 7.789146291159454e-5 644 8 2 0.28 2 0.0003286108662315683 11.2155948
true 0.00024664627010695384 6475 8 2 0.28 3 0.0003286108662315683 134.8609755
true 0.0002583063483585224 1402 8 2 0.28 4 0.0003286108662315683 42.6925118
true 4.435099555264813e-5 196 8 3 0.28 1 0.0003286108662315683 1.8696636
true 3.959653266760732e-5 967 8 3 0.28 2 0.0003286108662315683 13.7759724
true 0.00020123440896850178 1724 8 3 0.28 3 0.0003286108662315683 36.0391376
true 7.165614483249187e-5 1447 8 3 0.28 4 0.0003286108662315683 44.7976586
true 0.25002904249179575 175 8 4 0.28 1 0.0003286108662315683 1.6693524
true 1.283024757615936e-5 1675 8 4 0.28 2 0.0003286108662315683 23.4489828
true 0.0001383433513345439 1366 8 4 0.28 3 0.0003286108662315683 29.8589559
true 0.00022450408588309267 2780 8 4 0.28 4 0.0003286108662315683 75.2813222
true 4.741245173053299e-5 262 8 5 0.28 1 0.0003286108662315683 2.4212165
true 6.0484483483225215e-5 1471 8 5 0.28 2 0.0003286108662315683 22.3748085
true 0.00010454577416650901 860 8 5 0.28 3 0.0003286108662315683 20.9885385
true 0.00020087955897344357 3492 8 5 0.28 4 0.0003286108662315683 91.4529947
true 0.16675750744112836 255 8 6 0.28 1 0.0003286108662315683 2.4257121
true 0.00016025772637245916 1594 8 6 0.28 2 0.0003286108662315683 22.3758289
true 0.00011089451325486481 1643 8 6 0.28 3 0.0003286108662315683 35.2576679
true 0.00020046255583613023 6619 8 6 0.28 4 0.0003286108662315683 169.8090022
true 0.142989178950054 262 8 7 0.28 1 0.0003286108662315683 2.5779762
true 0.0001419033569464236 1166 8 7 0.28 2 0.0003286108662315683 16.8270652
true 0.0001268355760414048 2278 8 7 0.28 3 0.0003286108662315683 46.7166805
true 0.00019648167372952687 4713 8 7 0.28 4 0.0003286108662315683 122.0876171
true 0.25011162959734884 194 8 8 0.28 1 0.0003286108662315683 1.9809558
true 0.06258467117035554 788 8 8 0.28 2 0.0003286108662315683 12.5255187
true 0.00010788971716525764 989 8 8 0.28 3 0.0003286108662315683 23.3034698
true 0.00015415287888743967 3898 8 8 0.28 4 0.0003286108662315683 102.7406792
true 5.1145733710122876e-5 170 8 1 0.29 1 0.0004175455824969026 1.6722636
true 6.760591687465789e-5 627 8 1 0.29 2 0.0004175455824969026 10.0104699
true 4.538233797679592e-5 890 8 1 0.29 3 0.0004175455824969026 22.1130217
true 0.00043132203952406245 1160 8 1 0.29 4 0.0004175455824969026 36.3335806
true 5.5078650722656386e-5 212 8 2 0.29 1 0.0004175455824969026 1.8601898
true 1.5943106858512524e-5 826 8 2 0.29 2 0.0004175455824969026 12.5684048
true 0.00026419741476660374 2842 8 2 0.29 3 0.0004175455824969026 68.7464639
true 0.00030957837595824156 2872 8 2 0.29 4 0.0004175455824969026 82.0174046
true 5.516409404700736e-5 224 8 3 0.29 1 0.0004175455824969026 1.975372
true 8.88347222403052e-5 1003 8 3 0.29 2 0.0004175455824969026 14.216788
true 5.3746926980920616e-5 1267 8 3 0.29 3 0.0004175455824969026 27.4745585
true 0.0001720852173353419 1660 8 3 0.29 4 0.0004175455824969026 49.327846
true 6.19782015184589e-5 216 8 4 0.29 1 0.0004175455824969026 2.082434
true 0.00017879055220958173 1832 8 4 0.29 2 0.0004175455824969026 26.5156447
true 0.00019265835409924825 2256 8 4 0.29 3 0.0004175455824969026 44.9788643
true 0.0003546228294453585 2439 8 4 0.29 4 0.0004175455824969026 68.3589223
true 5.779784034442015e-5 208 8 5 0.29 1 0.0004175455824969026 2.0448956
true 0.00011109252721593909 1508 8 5 0.29 2 0.0004175455824969026 21.7386544
true 0.00014114239726437106 928 8 5 0.29 3 0.0004175455824969026 22.6648233
true 3.908659414999516e-5 3465 8 5 0.29 4 0.0004175455824969026 93.5906925
true 0.00012372813245961622 247 8 6 0.29 1 0.0004175455824969026 2.4352073
true 0.00021491829353733247 953 8 6 0.29 2 0.0004175455824969026 14.2256424
true 0.16677959079816987 2278 8 6 0.29 3 0.0004175455824969026 47.9672796
true 0.0002580572195567769 3618 8 6 0.29 4 0.0004175455824969026 99.5359087
true 0.14301226195696465 215 8 7 0.29 1 0.0004175455824969026 2.0736839
true 0.00018624888752503756 1289 8 7 0.29 2 0.0004175455824969026 19.1188557
true 0.28580359659008786 739 8 7 0.29 3 0.0004175455824969026 20.6656061
true 0.00022849759770472909 4233 8 7 0.29 4 0.0004175455824969026 117.1583977
true 0.3748988201022645 179 8 8 0.29 1 0.0004175455824969026 1.9270502
true 0.00017369794608500244 2339 8 8 0.29 2 0.0004175455824969026 34.2266137
true 0.1250839785303967 1527 8 8 0.29 3 0.0004175455824969026 34.6484128
true 0.0002064426253936963 2652 8 8 0.29 4 0.0004175455824969026 73.8951583
true 6.0501928300205066e-5 160 8 1 0.3 1 0.0004914661774798896 1.6190331
true 7.343781942947825e-5 372 8 1 0.3 2 0.0004914661774798896 7.2590519
true 5.866377177093929e-5 565 8 1 0.3 3 0.0004914661774798896 15.8276592
true 4.8748461633052464e-5 1921 8 1 0.3 4 0.0004914661774798896 61.8316299
true 6.493290842807253e-5 217 8 2 0.3 1 0.0004914661774798896 1.9160381
true 0.00014901580507203915 424 8 2 0.3 2 0.0004914661774798896 7.9650235
true 7.557848760389452e-5 717 8 2 0.3 3 0.0004914661774798896 17.7982229
true 0.0003174392161088835 2070 8 2 0.3 4 0.0004914661774798896 59.4474197
true 6.573761392177542e-5 162 8 3 0.3 1 0.0004914661774798896 1.6427017
true 8.94888475530357e-5 508 8 3 0.3 2 0.0004914661774798896 9.1226609
true 7.021396026838748e-5 667 8 3 0.3 3 0.0004914661774798896 17.4003264
true 0.0002391085898904577 2329 8 3 0.3 4 0.0004914661774798896 63.247746
true 7.445795457333704e-5 264 8 4 0.3 1 0.0004914661774798896 2.5258409
true 0.0002126504523579792 648 8 4 0.3 2 0.0004914661774798896 10.3348554
true 0.0002256614267690943 1500 8 4 0.3 3 0.0004914661774798896 36.2496037
true 0.0005856095355472879 1759 8 4 0.3 4 0.0004914661774798896 58.5092146
true 0.20004244845873015 186 8 5 0.3 1 0.0004914661774798896 1.8382272
true 0.0001834673106637652 1552 8 5 0.3 2 0.0004914661774798896 22.7872629
true 0.00019331882346141916 1072 8 5 0.3 3 0.0004914661774798896 26.5888691
true 0.00028648826359990444 3239 8 5 0.3 4 0.0004914661774798896 89.8960484
true 0.16679467517643495 310 8 6 0.3 1 0.0004914661774798896 2.9181673
true 0.0002291409007956676 551 8 6 0.3 2 0.0004914661774798896 9.5471513
true 0.0001331398627427612 986 8 6 0.3 3 0.0004914661774798896 24.0182775
true 0.00028100942781527266 1811 8 6 0.3 4 0.0004914661774798896 54.4713982
true 0.14304081521766746 271 8 7 0.3 1 0.0004914661774798896 2.4707329
true 0.00022493266706999755 2300 8 7 0.3 2 0.0004914661774798896 33.0431422
true 0.0002320515486575747 3851 8 7 0.3 3 0.0004914661774798896 78.6622942
true 0.00034813034744700177 6133 8 7 0.3 4 0.0004914661774798896 166.3509215
true 0.1251652220707899 543 8 8 0.3 1 0.0004914661774798896 4.8651063
true 0.00018838489025285038 820 8 8 0.3 2 0.0004914661774798896 12.5646994
true 0.00014375937499074704 1191 8 8 0.3 3 0.0004914661774798896 26.9698354
true 2.311794296144809e-5 3801 8 8 0.3 4 0.0004914661774798896 101.0519718
true 7.244133868650193e-5 148 8 1 0.31 1 0.0006419240332108236 1.5063583
true 9.260977042446772e-5 494 8 1 0.31 2 0.0006419240332108236 7.7647785
true 9.029791276932153e-5 1103 8 1 0.31 3 0.0006419240332108236 30.376717
true 7.075967809777595e-5 1000 8 1 0.31 4 0.0006419240332108236 39.010893
true 7.997452970023855e-5 217 8 2 0.31 1 0.0006419240332108236 1.9760514
true 0.00013582906839484932 1185 8 2 0.31 2 0.0006419240332108236 17.2033546
true 9.642500160611522e-5 1404 8 2 0.31 3 0.0006419240332108236 32.5049306
true 0.00037671382953297083 1523 8 2 0.31 4 0.0006419240332108236 48.5175263
true 8.172246088380038e-5 198 8 3 0.31 1 0.0006419240332108236 1.8656206
true 1.885138623057096e-5 1076 8 3 0.31 2 0.0006419240332108236 15.8601621
true 2.9578431344305194e-5 794 8 3 0.31 3 0.0006419240332108236 21.4381241
true 0.00030131131980432047 3646 8 3 0.31 4 0.0006419240332108236 95.825978
true 0.25004864977232827 375 8 4 0.31 1 0.0006419240332108236 3.2227017
true 6.043428907905046e-5 587 8 4 0.31 2 0.0006419240332108236 9.5692035
true 0.12521983467718764 816 8 4 0.31 3 0.0006419240332108236 19.7808503
true 0.0005551310835348461 2285 8 4 0.31 4 0.0006419240332108236 75.0296278
true 8.548034185822395e-5 203 8 5 0.31 1 0.0006419240332108236 1.9562388
true 0.00021919367232110521 693 8 5 0.31 2 0.0006419240332108236 10.5686325
true 0.00021401783627746917 3270 8 5 0.31 3 0.0006419240332108236 68.3043395
true 0.00037260220062494963 3495 8 5 0.31 4 0.0006419240332108236 91.9180423
true 0.00017071557892953115 361 8 6 0.31 1 0.0006419240332108236 3.28829
true 0.0002573004036598066 1735 8 6 0.31 2 0.0006419240332108236 24.9374867
true 5.4305737809234866e-5 3389 8 6 0.31 3 0.0006419240332108236 65.9871322
true 0.0002822581865540759 2924 8 6 0.31 4 0.0006419240332108236 85.195796
true 0.2858994176402893 203 8 7 0.31 1 0.0006419240332108236 2.0001294
true 0.142999627639832 680 8 7 0.31 2 0.0006419240332108236 11.2215152
true 0.14299600200654425 1911 8 7 0.31 3 0.0006419240332108236 40.2415947
true 0.000455023098451698 3769 8 7 0.31 4 0.0006419240332108236 100.9088064
true 0.12519324815853228 315 8 8 0.31 1 0.0006419240332108236 2.8748628
true 6.390272719725143e-5 2289 8 8 0.31 2 0.0006419240332108236 32.7273317
true 0.00019611326401178936 1016 8 8 0.31 3 0.0006419240332108236 24.6087464
true 0.0004576884577324192 2348 8 8 0.31 4 0.0006419240332108236 68.0305704
true 8.878366802883564e-5 170 8 1 0.32 1 0.0009656652986781123 1.5711348
true 0.00011425980730889185 436 8 1 0.32 2 0.0009656652986781123 7.3298877
true 6.9090899961044e-5 1372 8 1 0.32 3 0.0009656652986781123 31.2836609
true 9.899606306307263e-5 1571 8 1 0.32 4 0.0009656652986781123 45.8763494
true 0.00010538371609244979 176 8 2 0.32 1 0.0009656652986781123 1.557557
true 6.206378768369714e-5 1394 8 2 0.32 2 0.0009656652986781123 19.7410032
true 0.0005146352732221249 778 8 2 0.32 3 0.0009656652986781123 21.0327762
true 0.000705842328553502 2400 8 2 0.32 4 0.0009656652986781123 66.7720685
true 0.33336361611802884 151 8 3 0.32 1 0.0009656652986781123 1.5295156
true 0.00015135987856174093 764 8 3 0.32 2 0.0009656652986781123 12.9630882
true 5.400769449515064e-5 2487 8 3 0.32 3 0.0009656652986781123 50.8830314
true 0.0003630901658328208 1481 8 3 0.32 4 0.0009656652986781123 43.9409174
true 0.000119249726157733 285 8 4 0.32 1 0.0009656652986781123 2.644537
true 0.00028974188271493895 620 8 4 0.32 2 0.0009656652986781123 9.8391391
true 0.0003359724834296751 1190 8 4 0.32 3 0.0009656652986781123 27.4334253
true 0.0004411586898042108 1876 8 4 0.32 4 0.0009656652986781123 53.8121928
true 0.00010974544994758473 364 8 5 0.32 1 0.0009656652986781123 3.3114129
true 0.00015023199338201065 836 8 5 0.32 2 0.0009656652986781123 13.6555905
true 0.0001538637909459961 1039 8 5 0.32 3 0.0009656652986781123 23.9679368
true 0.00024442876590563545 1877 8 5 0.32 4 0.0009656652986781123 55.2060015
true 0.0002087269420678143 314 8 6 0.32 1 0.0009656652986781123 2.7677763
true 5.667223097614397e-5 1091 8 6 0.32 2 0.0009656652986781123 16.7663349
true 0.0003057701656835517 1181 8 6 0.32 3 0.0009656652986781123 27.8750283
true 0.0003203530865261613 1612 8 6 0.32 4 0.0009656652986781123 53.7908527
true 0.14311478337731565 241 8 7 0.32 1 0.0009656652986781123 2.278344
true 0.00029311277900016607 708 8 7 0.32 2 0.0009656652986781123 11.2543137
true 0.00021505012904883745 1086 8 7 0.32 3 0.0009656652986781123 26.5713141
true 0.00012210262668659638 3150 8 7 0.32 4 0.0009656652986781123 86.7332426
true 0.25020039795301585 319 8 8 0.32 1 0.0009656652986781123 2.9916925
true 0.00022816601200306708 826 8 8 0.32 2 0.0009656652986781123 13.057582
true 0.12520965321422023 2097 8 8 0.32 3 0.0009656652986781123 44.5555233
true 0.00037556439787654605 13026 8 8 0.32 4 0.0009656652986781123 355.7853229
true 0.00011290829567067728 148 8 1 0.33 1 0.0015946641801874357 1.4068824
true 0.0001392105809975286 311 8 1 0.33 2 0.0015946641801874357 5.6833401
true 6.701475253734213e-5 1643 8 1 0.33 3 0.0015946641801874357 34.5718959
true 0.0002033324413504567 2097 8 1 0.33 4 0.0015946641801874357 67.3238594
true 0.0001489190541663632 185 8 2 0.33 1 0.0015946641801874357 1.681301
true 0.00020266008471428454 424 8 2 0.33 2 0.0015946641801874357 8.1184112
true 0.0002888186699076811 612 8 2 0.33 3 0.0015946641801874357 16.4863109
true 0.00016530426549477006 1829 8 2 0.33 4 0.0015946641801874357 53.5053625
true 0.00016057882292811834 300 8 3 0.33 1 0.0015946641801874357 2.6309714
true 5.548208488056113e-5 1001 8 3 0.33 2 0.0015946641801874357 14.7441996
true 0.0003863743017292383 867 8 3 0.33 3 0.0015946641801874357 21.0334558
true 0.00013117896883986976 3374 8 3 0.33 4 0.0015946641801874357 96.8460852
true 0.00016829710744563353 310 8 4 0.33 1 0.0015946641801874357 2.7015699
true 0.0003558124976433402 2527 8 4 0.33 2 0.0015946641801874357 36.0435088
true 0.0004764463689933829 2336 8 4 0.33 3 0.0015946641801874357 48.5460212
true 0.000551284883207992 3163 8 4 0.33 4 0.0015946641801874357 86.8036263
true 0.20010632627065256 331 8 5 0.33 1 0.0015946641801874357 3.0864784
true 0.0002553337354499918 958 8 5 0.33 2 0.0015946641801874357 15.1915651
true 0.00035181184700205925 1250 8 5 0.33 3 0.0015946641801874357 29.872935
true 0.000514207131988309 4231 8 5 0.33 4 0.0015946641801874357 115.1988349
true 0.33347576957765596 178 8 6 0.33 1 0.0015946641801874357 1.8307631
true 0.00043229095906637444 2290 8 6 0.33 2 0.0015946641801874357 33.3298549
true 0.0002587241258426298 2114 8 6 0.33 3 0.0015946641801874357 44.0676304
true 0.00043515425419030085 3432 8 6 0.33 4 0.0015946641801874357 96.4775053
true 0.1431781585451488 348 8 7 0.33 1 0.0015946641801874357 3.1602359
true 0.00035981790469784877 1177 8 7 0.33 2 0.0015946641801874357 16.9978946
true 0.0002264221173187459 2808 8 7 0.33 3 0.0015946641801874357 60.0187822
true 0.000227268345719202 4315 8 7 0.33 4 0.0015946641801874357 113.1381336
true 0.12527247242284642 325 8 8 0.33 1 0.0015946641801874357 3.0395779
true 0.00020688318729915334 1092 8 8 0.33 2 0.0015946641801874357 16.2598318
true 0.12518668054534685 1372 8 8 0.33 3 0.0015946641801874357 31.0334202
true 0.1252225427454962 3005 8 8 0.33 4 0.0015946641801874357 84.5685178
true 0.00016352015805726205 362 8 1 0.34 1 0.0032721762465393357 3.1853892
true 0.00017814133303528656 418 8 1 0.34 2 0.0032721762465393357 8.205611
true 0.00014335109368557308 564 8 1 0.34 3 0.0032721762465393357 15.5265216
true 0.0002943495509529215 1816 8 1 0.34 4 0.0032721762465393357 61.8362397
true 0.0002589046980533416 195 8 2 0.34 1 0.0032721762465393357 1.887191
true 0.00021047413725902575 779 8 2 0.34 2 0.0032721762465393357 12.468304
true 0.0004307625179520713 1824 8 2 0.34 3 0.0032721762465393357 39.4075211
true 0.0007554964051050828 3610 8 2 0.34 4 0.0032721762465393357 102.7926139
true 0.00029169637554203137 663 8 3 0.34 1 0.0032721762465393357 5.6689053
true 0.00041569266535647814 675 8 3 0.34 2 0.0032721762465393357 10.5402817
true 0.00030464444103741234 977 8 3 0.34 3 0.0032721762465393357 23.808605
true 0.00046805406031689517 1157 8 3 0.34 4 0.0032721762465393357 41.9977721
true 0.00028303848728375436 198 8 4 0.34 1 0.0032721762465393357 1.9481407
true 0.00017894793624873007 726 8 4 0.34 2 0.0032721762465393357 11.6953994
true 0.0005164738142910824 2654 8 4 0.34 3 0.0032721762465393357 56.2954502
true 0.0006611232160313452 4010 8 4 0.34 4 0.0032721762465393357 109.9622037
true 0.20011527776460408 158 8 5 0.34 1 0.0032721762465393357 1.6450616
true 0.0005621587521896454 1984 8 5 0.34 2 0.0032721762465393357 28.6544824
true 0.0005203122965634188 2685 8 5 0.34 3 0.0032721762465393357 55.5413452
true 0.00018952409809562808 2356 8 5 0.34 4 0.0032721762465393357 66.803485
true 0.16693643605611297 794 8 6 0.34 1 0.0032721762465393357 7.251378
true 0.0002099503542356551 523 8 6 0.34 2 0.0032721762465393357 9.4472587
true 0.16703566954111548 2200 8 6 0.34 3 0.0032721762465393357 46.7744824
true 0.0006305024885809585 1965 8 6 0.34 4 0.0032721762465393357 61.2190987
true 0.14331217263649734 254 8 7 0.34 1 0.0032721762465393357 2.3845766
true 0.0006333388731527319 2055 8 7 0.34 2 0.0032721762465393357 30.1766666
true 0.0003633374221785969 2106 8 7 0.34 3 0.0032721762465393357 47.2305213
true 0.0004111537086440298 3406 8 7 0.34 4 0.0032721762465393357 91.7287115
true 0.1253659332312861 314 8 8 0.34 1 0.0032721762465393357 2.9636793
true 0.00034377830964599926 798 8 8 0.34 2 0.0032721762465393357 12.6206537
true 0.0005663988066485909 2747 8 8 0.34 3 0.0032721762465393357 56.1165826
true 0.0004730405553766484 3988 8 8 0.34 4 0.0032721762465393357 111.3347945
true 0.0002606275120070056 161 8 1 0.35 1 0.0064367258595390735 1.5332621
true 0.00043416356034847725 383 8 1 0.35 2 0.0064367258595390735 7.1702652
true 0.0001836710618641768 1801 8 1 0.35 3 0.0064367258595390735 39.7318554
true 0.0005213759441298205 1099 8 1 0.35 4 0.0064367258595390735 40.715793
true 0.0004768564228780636 299 8 2 0.35 1 0.0064367258595390735 2.508952
true 0.00024739933517747836 549 8 2 0.35 2 0.0064367258595390735 8.6956493
true 0.0006343260684157914 1552 8 2 0.35 3 0.0064367258595390735 33.379264
true 0.0012105344804259066 2024 8 2 0.35 4 0.0064367258595390735 66.132807
true 0.0005563082573241673 478 8 3 0.35 1 0.0064367258595390735 4.0063348
true 0.0008045140187804741 523 8 3 0.35 2 0.0064367258595390735 8.8821899
true 0.0005267034511982812 932 8 3 0.35 3 0.0064367258595390735 21.834071
true 0.001048420414169397 2163 8 3 0.35 4 0.0064367258595390735 70.0092851
true 0.25038350089483846 261 8 4 0.35 1 0.0064367258595390735 2.4470209
true 0.0009666793421511805 2815 8 4 0.35 2 0.0064367258595390735 41.2371483
true 0.0010168716815948387 1915 8 4 0.35 3 0.0064367258595390735 41.6906081
true 0.0009647624627094759 2936 8 4 0.35 4 0.0064367258595390735 79.8894454
true 0.20034803301918364 286 8 5 0.35 1 0.0064367258595390735 2.4990922
true 0.0004967117243507069 595 8 5 0.35 2 0.0064367258595390735 9.8331177
true 0.0005610202274088039 1231 8 5 0.35 3 0.0064367258595390735 27.9361502
true 0.0006207619215049976 1482 8 5 0.35 4 0.0064367258595390735 47.0823845
true 0.16705958840602642 323 8 6 0.35 1 0.0064367258595390735 2.7597801
true 0.00042114045226575764 1128 8 6 0.35 2 0.0064367258595390735 16.8830753
true 0.0006428207628203971 2793 8 6 0.35 3 0.0064367258595390735 57.6169128
true 0.0009201729753174811 4929 8 6 0.35 4 0.0064367258595390735 129.7739321
true 0.28582184154739354 336 8 7 0.35 1 0.0064367258595390735 3.2426538
true 0.0004044951572414785 1921 8 7 0.35 2 0.0064367258595390735 28.1948846
true 0.0005963694910450472 1053 8 7 0.35 3 0.0064367258595390735 25.2784595
true 0.0008093579693394605 4010 8 7 0.35 4 0.0064367258595390735 106.2880752
true 0.000998773933815686 210 8 8 0.35 1 0.0064367258595390735 2.1593298
true 0.0005292911735597788 2657 8 8 0.35 2 0.0064367258595390735 38.7227253
true 0.0006875988693916049 1863 8 8 0.35 3 0.0064367258595390735 40.3623076
true 0.0011307226175578389 2275 8 8 0.35 4 0.0064367258595390735 65.2739406
true 0.0005322398820208352 152 8 1 0.36 1 0.014911844688028395 1.4839281
true 0.00025065547655073184 323 8 1 0.36 2 0.014911844688028395 6.2451495
true 0.0014612264361430483 544 8 1 0.36 3 0.014911844688028395 15.2456618
true 0.0003941583220753442 2664 8 1 0.36 4 0.014911844688028395 77.2679441
true 0.0011184947398286404 194 8 2 0.36 1 0.014911844688028395 1.8901638
true 0.00034399243857130557 549 8 2 0.36 2 0.014911844688028395 8.8157941
true 0.000955684526363465 970 8 2 0.36 3 0.014911844688028395 22.1777045
true 0.0015769005660556668 2092 8 2 0.36 4 0.014911844688028395 59.6400763
true 0.0013388913744663 205 8 3 0.36 1 0.014911844688028395 1.9004963
true 0.0007407551000379228 637 8 3 0.36 2 0.014911844688028395 10.1748707
true 0.0007114764529177475 2758 8 3 0.36 3 0.014911844688028395 54.6199252
true 0.0006716039967136026 4645 8 3 0.36 4 0.014911844688028395 132.8747494
true 0.0011868249747242765 223 8 4 0.36 1 0.014911844688028395 2.1360104
true 0.0007836930962398514 713 8 4 0.36 2 0.014911844688028395 11.1240937
true 0.0005823248871441172 2559 8 4 0.36 3 0.014911844688028395 54.5699819
true 0.0017097747599284507 4218 8 4 0.36 4 0.014911844688028395 113.6000219
true 0.20031883604846357 199 8 5 0.36 1 0.014911844688028395 1.997394
true 0.0012017220414431873 1585 8 5 0.36 2 0.014911844688028395 23.740658
true 0.0014063327321337305 932 8 5 0.36 3 0.014911844688028395 22.5499639
true 0.0008315289641385393 2541 8 5 0.36 4 0.014911844688028395 74.2010004
true 0.16738079808318 354 8 6 0.36 1 0.014911844688028395 3.0263936
true 0.000904052436386323 2167 8 6 0.36 2 0.014911844688028395 32.0738981
true 0.0012246252150313053 1407 8 6 0.36 3 0.014911844688028395 31.9416857
true 0.0013672586797013515 1480 8 6 0.36 4 0.014911844688028395 48.6707122
true 0.0014942152406344303 257 8 7 0.36 1 0.014911844688028395 2.425435
true 0.0004979668485898893 1704 8 7 0.36 2 0.014911844688028395 25.203573
true 0.00120691853161266 1064 8 7 0.36 3 0.014911844688028395 25.4099955
true 0.00137896653600722 2373 8 7 0.36 4 0.014911844688028395 68.6920999
true 0.0014039044506390166 384 8 8 0.36 1 0.014911844688028395 3.6334381
true 0.0006129630571347494 3241 8 8 0.36 2 0.014911844688028395 47.1465897
true 0.0009856265197034295 1839 8 8 0.36 3 0.014911844688028395 39.9934676
true 0.06387938284352207 3363 8 8 0.36 4 0.014911844688028395 100.3689979
true 0.0016124154684720726 167 8 1 0.37 1 0.04330148052247659 1.5963642
true 0.0005873607265367009 620 8 1 0.37 2 0.04330148052247659 10.906293
true 0.0005384316826594349 2333 8 1 0.37 3 0.04330148052247659 49.5574702
true 0.0006437656364448041 4533 8 1 0.37 4 0.04330148052247659 121.8739824
true 0.003698377237167094 171 8 2 0.37 1 0.04330148052247659 1.7628702
true 0.0005572911385338941 1740 8 2 0.37 2 0.04330148052247659 24.3988275
true 0.0038834103284051125 2582 8 2 0.37 3 0.04330148052247659 54.8569434
true 0.0018088410844457892 6407 8 2 0.37 4 0.04330148052247659 176.1629426
true 0.004493911142224398 259 8 3 0.37 1 0.04330148052247659 2.4090246
true 0.0010117721103670891 697 8 3 0.37 2 0.04330148052247659 11.5937715
true 0.0010692226932974929 3959 8 3 0.37 3 0.04330148052247659 81.8558361
true 0.0032415762602609663 5882 8 3 0.37 4 0.04330148052247659 155.8703724
true 0.00388417101414526 182 8 4 0.37 1 0.04330148052247659 1.8256068
true 0.0007511959623961312 2926 8 4 0.37 2 0.04330148052247659 40.6604183
true 0.001148416347180617 3411 8 4 0.37 3 0.04330148052247659 68.852642
true 0.0010006227895471842 7236 8 4 0.37 4 0.04330148052247659 186.701261
true 0.003356738334497578 297 8 5 0.37 1 0.04330148052247659 3.0050082
true 0.0024342612398683848 1701 8 5 0.37 2 0.04330148052247659 25.4386277
true 0.004133073784546526 1883 8 5 0.37 3 0.04330148052247659 40.6488753
true 0.0027891416147182713 5716 8 5 0.37 4 0.04330148052247659 154.1623572
true 0.1701307373462869 435 8 6 0.37 1 0.04330148052247659 4.0227606
true 0.0007809658688464801 1305 8 6 0.37 2 0.04330148052247659 19.2645084
true 0.003777520237461973 1349 8 6 0.37 3 0.04330148052247659 31.2438575
true 0.0004057532779543442 12325 8 6 0.37 4 0.04330148052247659 326.8195955
true 0.28633203404555774 198 8 7 0.37 1 0.04330148052247659 2.0603123
true 0.0007298338945849271 1428 8 7 0.37 2 0.04330148052247659 20.7306685
true 0.0023266868778532806 4751 8 7 0.37 3 0.04330148052247659 96.2839032
true 0.0011771476957101376 5923 8 7 0.37 4 0.04330148052247659 162.6211291
true 0.004143816782409208 457 8 8 0.37 1 0.04330148052247659 4.3238254
true 0.0007804715821801977 2685 8 8 0.37 2 0.04330148052247659 39.8739549
true 0.0036668375385384977 1303 8 8 0.37 3 0.04330148052247659 30.4454164
true 0.0010811267372167754 8593 8 8 0.37 4 0.04330148052247659 226.129839
true 0.002772549641551547 179 8 1 0.38 1 0.06802735308496373 1.7311958
true 0.0014158887587749636 515 8 1 0.38 2 0.06802735308496373 8.9040269
true 0.00100167790043576 2499 8 1 0.38 3 0.06802735308496373 50.8649638
true 0.000673384547296263 4848 8 1 0.38 4 0.06802735308496373 130.7227154
true 0.006457077314133974 386 8 2 0.38 1 0.06802735308496373 3.3756092
true 0.0014607880820368402 1200 8 2 0.38 2 0.06802735308496373 17.2763406
true 0.00646565561606427 1911 8 2 0.38 3 0.06802735308496373 41.0019312
true 0.0013449679715760443 4793 8 2 0.38 4 0.06802735308496373 123.2439253
true 0.007700671722026172 192 8 3 0.38 1 0.06802735308496373 1.8517065
true 0.0023040274347029266 881 8 3 0.38 2 0.06802735308496373 13.5576734
true 0.001544279308233772 4236 8 3 0.38 3 0.06802735308496373 86.281293
true 0.0010165130572593606 4745 8 3 0.38 4 0.06802735308496373 134.5979972
true 0.25155872263206225 371 8 4 0.38 1 0.06802735308496373 3.5151157
true 0.0009893773249829985 2663 8 4 0.38 2 0.06802735308496373 39.9346576
true 0.004370193533402358 4117 8 4 0.38 3 0.06802735308496373 83.2655756
true 0.0012598378030257013 14457 8 4 0.38 4 0.06802735308496373 378.6202499
true 0.20488437465541037 257 8 5 0.38 1 0.06802735308496373 2.5209163
true 0.20251628965072394 1144 8 5 0.38 2 0.06802735308496373 17.1296051
true 0.0005451216704653206 4398 8 5 0.38 3 0.06802735308496373 92.0535474
true 0.00301280951109546 10913 8 5 0.38 4 0.06802735308496373 287.9013555
true 0.006533674877616459 239 8 6 0.38 1 0.06802735308496373 2.2725937
true 0.003007790406885471 553 8 6 0.38 2 0.06802735308496373 9.4003192
true 0.006571321709346582 6973 8 6 0.38 3 0.06802735308496373 142.4631539
true 0.0013128828909540573 5250 8 6 0.38 4 0.06802735308496373 147.6211672
true 0.14955806228838478 466 8 7 0.38 1 0.06802735308496373 4.409586
true 0.007254687163736847 3827 8 7 0.38 2 0.06802735308496373 56.0283338
true 0.005547596115172431 4127 8 7 0.38 3 0.06802735308496373 85.2275227
true 0.00709484275470061 6489 8 7 0.38 4 0.06802735308496373 177.2486379
true 0.25146202126194056 347 8 8 0.38 1 0.06802735308496373 3.2270398
true 0.0010919839616512286 1904 8 8 0.38 2 0.06802735308496373 28.1663434
true 0.0012633058112466247 2969 8 8 0.38 3 0.06802735308496373 60.1929338
true 0.0006665650763454586 8020 8 8 0.38 4 0.06802735308496373 205.1688377
true 0.0027799902356989703 159 8 1 0.39 1 0.06550587700762392 1.5683858
true 0.0010284756484029711 1065 8 1 0.39 2 0.06550587700762392 16.2259943
true 0.0016286602386474391 1633 8 1 0.39 3 0.06550587700762392 36.8161064
true 0.001249971498231639 3406 8 1 0.39 4 0.06550587700762392 92.2588566
true 0.006071540119045982 152 8 2 0.39 1 0.06550587700762392 1.4526625
true 0.004743436235029458 1989 8 2 0.39 2 0.06550587700762392 29.961136
true 0.0015396384523037598 2889 8 2 0.39 3 0.06550587700762392 57.5411935
true 0.002066043175772414 5083 8 2 0.39 4 0.06550587700762392 136.1115164
true 0.007341630700306523 210 8 3 0.39 1 0.06550587700762392 2.1152242
true 0.0016660298410631214 1384 8 3 0.39 2 0.06550587700762392 21.6822284
true 0.004570840938095048 2259 8 3 0.39 3 0.06550587700762392 47.2966988
true 0.0014635671348906902 14467 8 3 0.39 4 0.06550587700762392 386.9676149
true 0.006381723732772376 282 8 4 0.39 1 0.06550587700762392 2.4652316
true 0.0010565325991464536 1736 8 4 0.39 2 0.06550587700762392 22.7334896
true 0.006406552535657542 1040 8 4 0.39 3 0.06550587700762392 23.4957236
true 0.004555698094883057 14380 8 4 0.39 4 0.06550587700762392 349.8841615
true 0.40352392990581176 145 8 5 0.39 1 0.06550587700762392 1.3953434
true 0.0045904755812779755 2040 8 5 0.39 2 0.06550587700762392 27.7297461
true 0.0003977493893431161 7247 8 5 0.39 3 0.06550587700762392 130.5092045
true 0.0011928316575716912 10239 8 5 0.39 4 0.06550587700762392 236.2740176
true 0.006292635154998329 250 8 6 0.39 1 0.06550587700762392 2.1276418
true 0.004002506871911051 2844 8 6 0.39 2 0.06550587700762392 35.9681824
true 0.0036160126750123534 6591 8 6 0.39 3 0.06550587700762392 117.8256514
true 0.00581012919407765 7324 8 6 0.39 4 0.06550587700762392 172.0888996
true 0.2867735087913173 204 8 7 0.39 1 0.06550587700762392 1.8383035
true 0.001037909973854445 1350 8 7 0.39 2 0.06550587700762392 17.1328434
true 0.0069970456607575315 2241 8 7 0.39 3 0.06550587700762392 43.0345136
true 0.007513623430306727 6622 8 7 0.39 4 0.06550587700762392 160.496822
true 0.12923564862537465 285 8 8 0.39 1 0.06550587700762392 2.3815529
true 0.0011480946127112798 2570 8 8 0.39 2 0.06550587700762392 34.1864767
true 0.0013107477851636157 2038 8 8 0.39 3 0.06550587700762392 39.1026484
true 0.005381475039470125 12575 8 8 0.39 4 0.06550587700762392 298.7614364
true 0.011149493683046241 149 8 1 0.4 1 0.19554009410104872 1.2891345
true 0.005290576496405908 352 8 1 0.4 2 0.19554009410104872 5.9628703
true 0.0056421958186069765 1267 8 1 0.4 3 0.19554009410104872 26.3261046
true 0.002411082045412849 5636 8 1 0.4 4 0.19554009410104872 137.5599488
true 0.024116940332498005 202 8 2 0.4 1 0.19554009410104872 1.7327151
true 0.005243678467138607 766 8 2 0.4 2 0.19554009410104872 10.6902927
true 0.004408218047489892 4626 8 2 0.4 3 0.19554009410104872 81.7295383
true 0.002848546415517461 12867 8 2 0.4 4 0.19554009410104872 313.9654369
true 0.029053369817843438 175 8 3 0.4 1 0.19554009410104872 1.699788
true 0.005255236470409079 2701 8 3 0.4 2 0.19554009410104872 36.1450563
true 0.005404393067241849 3215 8 3 0.4 3 0.19554009410104872 62.5434961
true 0.002532519686646917 2865 8 3 0.4 4 0.19554009410104872 69.6827803
true 0.02524758089299213 324 8 4 0.4 1 0.19554009410104872 2.5866543
true 0.007533411278374508 1330 8 4 0.4 2 0.19554009410104872 18.3990144
true 0.003794316035723333 4460 8 4 0.4 3 0.19554009410104872 78.9660941
true 0.005656198477685961 5333 8 4 0.4 4 0.19554009410104872 130.6082004
true 0.02196042801136964 181 8 5 0.4 1 0.19554009410104872 1.6608755
true 0.028227648654659942 741 8 5 0.4 2 0.19554009410104872 11.1917658
true 0.021304238347215544 928 8 5 0.4 3 0.19554009410104872 21.9463481
true 0.002466651544820808 4163 8 5 0.4 4 0.19554009410104872 97.8636204
true 0.024316482473196437 357 8 6 0.4 1 0.19554009410104872 2.9887626
true 0.0024036687784128228 1584 8 6 0.4 2 0.19554009410104872 20.2689944
true 0.0037193722897436166 7572 8 6 0.4 3 0.19554009410104872 136.0666272
true 0.01695824018512007 16440 8 6 0.4 4 0.19554009410104872 414.5261677
true 0.3065211007200475 169 8 7 0.4 1 0.19554009410104872 1.8601479
true 0.018269395470721483 3119 8 7 0.4 2 0.19554009410104872 46.2631209
true 0.010846682812756716 8684 8 7 0.4 3 0.19554009410104872 175.8150053
true 0.011300490653257524 18419 8 7 0.4 4 0.19554009410104872 488.3958903
true 0.14098047985852993 289 8 8 0.4 1 0.19554009410104872 2.8075562
true 0.0028950036849737654 5016 8 8 0.4 2 0.19554009410104872 77.7114854
true 0.12957143354612333 5555 8 8 0.4 3 0.19554009410104872 120.3979869
true 0.0032877142844657467 7816 8 8 0.4 4 0.19554009410104872 203.5034359
true 0.011042134316465113 147 8 1 0.41 1 0.18889286645015071 1.4131856
true 0.004442140321893218 639 8 1 0.41 2 0.18889286645015071 10.0738814
true 0.0020366315667681434 4244 8 1 0.41 3 0.18889286645015071 89.067924
true 0.0016469034056022513 5898 8 1 0.41 4 0.18889286645015071 165.3053813
true 0.02305838855995601 224 8 2 0.41 1 0.18889286645015071 2.06291
true 0.005245409129851525 1393 8 2 0.41 2 0.18889286645015071 19.413425
true 0.005205034917034473 4593 8 2 0.41 3 0.18889286645015071 96.9036103
true 0.006917751521937132 5213 8 2 0.41 4 0.18889286645015071 135.9727602
true 0.027675367772662312 169 8 3 0.41 1 0.18889286645015071 1.7945929
true 0.00685774263672297 674 8 3 0.41 2 0.18889286645015071 12.0360615
true 0.004979935403283435 1549 8 3 0.41 3 0.18889286645015071 34.8759097
true 0.0044669298929333285 5145 8 3 0.41 4 0.18889286645015071 137.5759896
true 0.024176056589526734 260 8 4 0.41 1 0.18889286645015071 2.3952851
true 0.002561532474053191 1556 8 4 0.41 2 0.18889286645015071 22.0378892
true 0.012210697041734955 4703 8 4 0.41 3 0.18889286645015071 93.5689712
true 0.005518992020203631 10634 8 4 0.41 4 0.18889286645015071 274.2731272
true 0.2165521981277636 262 8 5 0.41 1 0.18889286645015071 2.5383056
true 0.0024776307463252765 1368 8 5 0.41 2 0.18889286645015071 20.2890104
true 0.005558415695809593 4083 8 5 0.41 3 0.18889286645015071 84.6240648
true 0.003574712282674064 5821 8 5 0.41 4 0.18889286645015071 152.3982303
true 0.17829743258113195 186 8 6 0.41 1 0.18889286645015071 1.8851767
true 0.02436461312167701 2051 8 6 0.41 2 0.18889286645015071 29.076607
true 0.005476107603799157 7865 8 6 0.41 3 0.18889286645015071 160.349226
true 0.0030965874407435736 20128 8 6 0.41 4 0.18889286645015071 528.7726695
true 0.1653277746671505 241 8 7 0.41 1 0.18889286645015071 2.3021794
true 0.017707433769616882 3825 8 7 0.41 2 0.18889286645015071 57.1143478
true 0.009777865147546154 5710 8 7 0.41 3 0.18889286645015071 110.7557905
true 0.003521241027827598 7911 8 7 0.41 4 0.18889286645015071 207.4586599
true 0.02469021954183869 457 8 8 0.41 1 0.18889286645015071 4.1157692
true 0.0029615208136087035 1952 8 8 0.41 2 0.18889286645015071 29.9065335
true 0.011874832527609125 6407 8 8 0.41 3 0.18889286645015071 127.9846537
true 0.00327531891415931 8970 8 8 0.41 4 0.18889286645015071 248.3725241
true 0.0076805416462918386 165 8 1 0.42 1 0.13631122814293237 1.5806183
true 0.0031401995790373283 983 8 1 0.42 2 0.13631122814293237 16.0035549
true 0.001568521189233285 3461 8 1 0.42 3 0.13631122814293237 72.4095175
true 0.001358972189529406 3903 8 1 0.42 4 0.13631122814293237 106.0812326
true 0.015128814444184568 282 8 2 0.42 1 0.13631122814293237 2.7724531
true 0.0041263578855455785 804 8 2 0.42 2 0.13631122814293237 13.270384
true 0.0030590149365127828 3833 8 2 0.42 3 0.13631122814293237 80.5413285
true 0.0009130150565902495 3649 8 2 0.42 4 0.13631122814293237 103.1433703
true 0.018032912071211993 154 8 3 0.42 1 0.13631122814293237 1.6027966
true 0.00492423270883476 734 8 3 0.42 2 0.13631122814293237 11.7819815
true 0.0003785262482018381 4188 8 3 0.42 3 0.13631122814293237 85.3692166
true 0.002256594877202145 8167 8 3 0.42 4 0.13631122814293237 205.4584523
true 0.01589057577628797 209 8 4 0.42 1 0.13631122814293237 1.9412755
true 0.005389415930038097 1592 8 4 0.42 2 0.13631122814293237 22.4058185
true 0.004606701532005819 2477 8 4 0.42 3 0.13631122814293237 50.5398708
true 0.00466761105284999 7840 8 4 0.42 4 0.13631122814293237 199.3710511
true 0.013925782035294033 255 8 5 0.42 1 0.13631122814293237 2.2688237
true 0.00201558336593225 1990 8 5 0.42 2 0.13631122814293237 27.9297031
true 0.009613206133966434 2724 8 5 0.42 3 0.13631122814293237 54.9711911
true 0.00027697082527566863 7525 8 5 0.42 4 0.13631122814293237 192.8054724
true 0.17945251442570812 296 8 6 0.42 1 0.13631122814293237 2.6497048
true 0.0021134562374124552 2268 8 6 0.42 2 0.13631122814293237 31.7997074
true 0.003763282169013995 6214 8 6 0.42 3 0.13631122814293237 119.0333632
true 0.002621923030317127 15641 8 6 0.42 4 0.13631122814293237 382.7279084
true 0.153073221635994 294 8 7 0.42 1 0.13631122814293237 2.7754209
true 0.011998619413840774 1888 8 7 0.42 2 0.13631122814293237 27.4302347
true 0.014011810394018363 5754 8 7 0.42 3 0.13631122814293237 114.4212135
true 0.0022097365307722694 6658 8 7 0.42 4 0.13631122814293237 171.9926007
true 0.139404213781657 260 8 8 0.42 1 0.13631122814293237 2.3997352
true 0.002437500236302362 2165 8 8 0.42 2 0.13631122814293237 30.5580809
true 0.00956382058133659 5057 8 8 0.42 3 0.13631122814293237 99.1990572
true 0.002977288819880332 6669 8 8 0.42 4 0.13631122814293237 171.8270023
true 0.022200009497286566 257 8 1 0.43 1 0.3018002607547395 2.3336721
true 0.008334774688196711 1157 8 1 0.43 2 0.3018002607547395 16.225965
true 0.004169042246897181 4228 8 1 0.43 3 0.3018002607547395 80.4763607
true 0.003952092692110332 7639 8 1 0.43 4 0.3018002607547395 199.1668924
true 0.0441002251340519 175 8 2 0.43 1 0.3018002607547395 1.5554486
true 0.004305232865991382 1445 8 2 0.43 2 0.3018002607547395 21.6350555
true 0.00831864364405141 2916 8 2 0.43 3 0.3018002607547395 61.0834973
true 0.007142039207270329 5720 8 2 0.43 4 0.3018002607547395 153.2929393
true 0.05241583199768899 180 8 3 0.43 1 0.3018002607547395 1.7918115
true 0.013699635089451564 792 8 3 0.43 2 0.3018002607547395 12.2748614
true 0.0002622076141002294 1491 8 3 0.43 3 0.3018002607547395 32.9144449
true 0.007978915089048447 12984 8 3 0.43 4 0.3018002607547395 345.0684094
true 0.4581870811402904 135 8 4 0.43 1 0.3018002607547395 1.4611692
true 0.004502800036832913 1501 8 4 0.43 2 0.3018002607547395 22.8834036
true 0.00864744321399473 2274 8 4 0.43 3 0.3018002607547395 46.8239622
true 0.009882755943596166 18115 8 4 0.43 4 0.3018002607547395 492.1039315
true 0.37994522659516117 171 8 5 0.43 1 0.3018002607547395 1.690609
true 0.0044446574334756515 648 8 5 0.43 2 0.3018002607547395 10.8695086
true 0.010106335234444607 2874 8 5 0.43 3 0.3018002607547395 60.8031683
true 0.0024490747954223012 6003 8 5 0.43 4 0.3018002607547395 161.0052649
true 0.18768427988791583 253 8 6 0.43 1 0.3018002607547395 2.5955098
true 0.027478070300192187 1812 8 6 0.43 2 0.3018002607547395 27.0143924
true 0.01941621460842649 6846 8 6 0.43 3 0.3018002607547395 136.5382288
true 0.026247878131654977 6534 8 6 0.43 4 0.3018002607547395 175.0062672
true 0.0487624663495811 388 8 7 0.43 1 0.3018002607547395 3.7736146
true 0.004330317333353111 2926 8 7 0.43 2 0.3018002607547395 44.7021909
true 0.04336606330295871 1856 8 7 0.43 3 0.3018002607547395 41.1336977
true 0.003299701290514926 9198 8 7 0.43 4 0.3018002607547395 250.0890928
true 0.1649659691866393 507 8 8 0.43 1 0.3018002607547395 4.6554456
true 0.004812354857063536 1284 8 8 0.43 2 0.3018002607547395 19.6275088
true 0.00249239075468205 4407 8 8 0.43 3 0.3018002607547395 88.36937
true 0.005517485408893276 6511 8 8 0.43 4 0.3018002607547395 175.2835007
true 0.029383803253297813 174 8 1 0.44 1 0.3591551388267881 1.7183181
true 0.005529301488745975 547 8 1 0.44 2 0.3591551388267881 8.917075
true 0.0061830564064929705 3289 8 1 0.44 3 0.3591551388267881 69.4632353
true 0.005172650813709545 1111 8 1 0.44 4 0.3591551388267881 35.9699879
true 0.05708122027391144 176 8 2 0.44 1 0.3591551388267881 1.7042159
true 0.013735676313798878 1972 8 2 0.44 2 0.3591551388267881 27.7802586
true 0.005174931661211579 2120 8 2 0.44 3 0.3591551388267881 44.7957868
true 0.005445697205614275 4601 8 2 0.44 4 0.3591551388267881 124.0160025
true 0.0674754788921899 200 8 3 0.44 1 0.3591551388267881 2.1373075
true 0.018130945954909144 635 8 3 0.44 2 0.3591551388267881 11.4417328
true 0.009906515641827355 2854 8 3 0.44 3 0.3591551388267881 62.0555899
true 0.010706649844488455 7473 8 3 0.44 4 0.3591551388267881 200.297691
true 0.05992330064891162 277 8 4 0.44 1 0.3591551388267881 2.7340205
true 0.015960357933416186 1555 8 4 0.44 2 0.3591551388267881 22.8764565
true 0.016906133249896496 4935 8 4 0.44 3 0.3591551388267881 99.4191321
true 0.0012505872198692453 32469 8 4 0.44 4 0.3591551388267881 850.4051544
true 0.052782632113901586 253 8 5 0.44 1 0.3591551388267881 2.4376075
true 0.03690174683304388 1658 8 5 0.44 2 0.3591551388267881 24.7510663
true 0.050977487442716365 2621 8 5 0.44 3 0.3591551388267881 56.8322872
true 0.032691982745042036 10767 8 5 0.44 4 0.3591551388267881 288.0571411
true 0.057325248801595986 281 8 6 0.44 1 0.3591551388267881 2.5451335
true 0.0053175958235201866 2109 8 6 0.44 2 0.3591551388267881 29.9002781
true 0.00047768939854086107 8031 8 6 0.44 3 0.3591551388267881 159.6377692
true 0.00949075651774616 11205 8 6 0.44 4 0.3591551388267881 298.914255
true 0.18185140348705092 289 8 7 0.44 1 0.3591551388267881 2.6456316
true 0.04411929839789937 1999 8 7 0.44 2 0.3591551388267881 29.2202421
true 0.1766495427275611 2023 8 7 0.44 3 0.3591551388267881 43.4607378
true 0.00839710089922137 4697 8 7 0.44 4 0.3591551388267881 124.1970211
true 0.16155983815269898 267 8 8 0.44 1 0.3591551388267881 2.6524248
true 0.05158637601932509 2506 8 8 0.44 2 0.3591551388267881 37.9191016
true 0.0397095968104391 4899 8 8 0.44 3 0.3591551388267881 102.2182442
true 0.00014948719966629415 14519 8 8 0.44 4 0.3591551388267881 368.2794542
true 0.052044709056507155 219 8 1 0.45 1 0.5160396457256929 2.0509041
true 0.00920174854134076 777 8 1 0.45 2 0.5160396457256929 11.4433661
true 0.008927442367438254 6151 8 1 0.45 3 0.5160396457256929 122.0181153
true 0.005523069935991998 4683 8 1 0.45 4 0.5160396457256929 133.0813108
true 0.1037072680632388 398 8 2 0.45 1 0.5160396457256929 3.3874682
true 0.023827161082823567 1876 8 2 0.45 2 0.5160396457256929 26.2933993
true 0.0002996209576587583 4413 8 2 0.45 3 0.5160396457256929 87.9302155
true 0.025343067571223676 3304 8 2 0.45 4 0.5160396457256929 95.4013885
true 0.1217779098063681 138 8 3 0.45 1 0.5160396457256929 1.4509698
true 0.009168541750892841 857 8 3 0.45 2 0.5160396457256929 12.6919284
true 0.020082749655785586 2577 8 3 0.45 3 0.5160396457256929 53.52994
true 0.0006307546514619325 8978 8 3 0.45 4 0.5160396457256929 235.7785219
true 0.2779690643295987 509 8 4 0.45 1 0.5160396457256929 4.57785
true 0.03193204157012554 1260 8 4 0.45 2 0.5160396457256929 19.0002513
true 0.01868319703952212 7264 8 4 0.45 3 0.5160396457256929 149.9299679
true 0.0070267211084119735 5554 8 4 0.45 4 0.5160396457256929 143.0736959
true 0.3419312441026664 245 8 5 0.45 1 0.5160396457256929 2.243704
true 0.008867489272895735 1601 8 5 0.45 2 0.5160396457256929 24.5007111
true 0.00038211934100903513 5052 8 5 0.45 3 0.5160396457256929 98.4982983
true 0.05742966108763205 17164 8 5 0.45 4 0.5160396457256929 431.4222572
true 0.21596564220397493 269 8 6 0.45 1 0.5160396457256929 2.6271769
true 0.06381964266305228 1277 8 6 0.45 2 0.5160396457256929 19.2088359
true 0.0004903362881379103 16706 8 6 0.45 3 0.5160396457256929 326.3796024
true 0.00997428408591324 4502 8 6 0.45 4 0.5160396457256929 117.8426321
true 0.21340526985135364 284 8 7 0.45 1 0.5160396457256929 2.5564937
true 0.16419393915400451 1243 8 7 0.45 2 0.5160396457256929 18.5679459
true 0.11859575702847346 7925 8 7 0.45 3 0.5160396457256929 160.1614968
true 0.007792448266533318 8741 8 7 0.45 4 0.5160396457256929 231.8331696
true 0.19156907343006635 231 8 8 0.45 1 0.5160396457256929 2.3211924
true 0.09328379718784527 1649 8 8 0.45 2 0.5160396457256929 24.8271201
true 0.00043035395971795926 8173 8 8 0.45 3 0.5160396457256929 161.3328807
true 0.008878440309276127 15793 8 8 0.45 4 0.5160396457256929 431.6299261
true 0.08380276213537408 278 8 1 0.46 1 0.6720631097508816 2.5276267
true 0.013692219847439568 652 8 1 0.46 2 0.6720631097508816 10.1826152
true 0.005564983109138 4933 8 1 0.46 3 0.6720631097508816 99.6324707
true 0.007591190863148467 4962 8 1 0.46 4 0.6720631097508816 132.0875476
true 0.19453679902573887 210 8 2 0.46 1 0.6720631097508816 1.8765391
true 0.038070778780020686 1866 8 2 0.46 2 0.6720631097508816 25.957934
true 0.019768796835752417 2968 8 2 0.46 3 0.6720631097508816 61.7134469
true 0.0012569117775574068 7497 8 2 0.46 4 0.6720631097508816 196.2239253
true 0.3308119047290638 158 8 3 0.46 1 0.6720631097508816 1.6707978
true 0.04860784774215406 772 8 3 0.46 2 0.6720631097508816 11.7871237
true 0.03503410366439641 2966 8 3 0.46 3 0.6720631097508816 60.5587293
true 0.03234542037067223 8755 8 3 0.46 4 0.6720631097508816 227.8156881
true 0.2926071467538894 252 8 4 0.46 1 0.6720631097508816 2.3957368
true 0.0439746293845841 744 8 4 0.46 2 0.6720631097508816 11.4675196
true 0.02917851039829164 3241 8 4 0.46 3 0.6720631097508816 67.363136
true 0.006022705913620585 7420 8 4 0.46 4 0.6720631097508816 192.1131662
true 0.18156397147807732 237 8 5 0.46 1 0.6720631097508816 2.3149164
true 0.11824396226871378 3533 8 5 0.46 2 0.6720631097508816 52.7464933
true 0.03473900959308166 4193 8 5 0.46 3 0.6720631097508816 85.8731987
true 0.096050555160239 7187 8 5 0.46 4 0.6720631097508816 196.4407514
true 0.19559797114567257 302 8 6 0.46 1 0.6720631097508816 2.6964836
true 0.11257155273616933 1101 8 6 0.46 2 0.6720631097508816 17.0378474
true 0.08616434945637168 3654 8 6 0.46 3 0.6720631097508816 72.1509173
true 0.08059272263796625 15723 8 6 0.46 4 0.6720631097508816 407.5362288
true 0.31443159164517004 476 8 7 0.46 1 0.6720631097508816 4.4663807
true 0.20698618049227951 1013 8 7 0.46 2 0.6720631097508816 15.5735731
true 0.0003220019408539744 9354 8 7 0.46 3 0.6720631097508816 181.3556864
true 0.0018992754783453097 23435 8 7 0.46 4 0.6720631097508816 595.9340839
true 0.2071041934551316 316 8 8 0.46 1 0.6720631097508816 3.0048736
true 0.20077282367679772 556 8 8 0.46 2 0.6720631097508816 9.648955
true 0.0002153843150200993 2266 8 8 0.46 3 0.6720631097508816 46.8432662
true 0.007693733738976333 9055 8 8 0.46 4 0.6720631097508816 239.3977236
true 0.07840343969940333 195 8 1 0.47 1 0.6339212805324497 1.8503995
true 0.023625744593742948 1351 8 1 0.47 2 0.6339212805324497 19.6784411
true 0.014225156005929385 1693 8 1 0.47 3 0.6339212805324497 37.5657191
true 0.015608477027902024 4484 8 1 0.47 4 0.6339212805324497 118.7806349
true 0.16179643997095228 187 8 2 0.47 1 0.6339212805324497 1.8626675
true 0.03627305873707834 581 8 2 0.47 2 0.6339212805324497 9.7864736
true 0.0002794146913237816 5025 8 2 0.47 3 0.6339212805324497 98.3105628
true 0.02268461195576771 5669 8 2 0.47 4 0.6339212805324497 147.3385692
true 0.3639643690331212 174 8 3 0.47 1 0.6339212805324497 1.6898314
true 0.012966470414674821 644 8 3 0.47 2 0.6339212805324497 10.29801
true 0.018895684185020762 5015 8 3 0.47 3 0.6339212805324497 100.3319587
true 0.005384946672903475 8195 8 3 0.47 4 0.6339212805324497 210.5379245
true 0.2895759200325513 167 8 4 0.47 1 0.6339212805324497 1.6123071
true 0.01210934272348066 652 8 4 0.47 2 0.6339212805324497 11.0091494
true 0.030123243748972503 8371 8 4 0.47 3 0.6339212805324497 173.6723133
true 0.025113586486103873 6876 8 4 0.47 4 0.6339212805324497 176.8419375
true 0.3108026312336973 233 8 5 0.47 1 0.6339212805324497 2.1487516
true 0.10256893143725143 1522 8 5 0.47 2 0.6339212805324497 22.083645
true 0.025091807952775047 3451 8 5 0.47 3 0.6339212805324497 69.9485682
true 0.04822574249936114 20828 8 5 0.47 4 0.6339212805324497 554.7398822
true 0.2938594330710709 341 8 6 0.47 1 0.6339212805324497 3.0263945
true 0.09871889382885402 966 8 6 0.47 2 0.6339212805324497 14.7252691
true 0.1572174414451912 2519 8 6 0.47 3 0.6339212805324497 53.9956906
true 0.008625352811939399 13718 8 6 0.47 4 0.6339212805324497 370.0300634
true 0.17644850692267172 456 8 7 0.47 1 0.6339212805324497 3.9578174
true 0.1852413649953885 1321 8 7 0.47 2 0.6339212805324497 18.8195032
true 0.06893779639528538 4997 8 7 0.47 3 0.6339212805324497 98.1037038
true 0.005177307310385538 8920 8 7 0.47 4 0.6339212805324497 242.0374707
true 0.17177459131821263 203 8 8 0.47 1 0.6339212805324497 2.1517969
true 0.009197166753128802 1056 8 8 0.47 2 0.6339212805324497 16.8930823
true 0.09970590523276873 7565 8 8 0.47 3 0.6339212805324497 151.9512724
true 0.00033689342423473545 5001 8 8 0.47 4 0.6339212805324497 128.9723683
true 0.08982479226769102 141 8 1 0.48 1 0.6665514341886835 1.3588172
true 0.027209754787799745 1585 8 1 0.48 2 0.6665514341886835 22.0438682
true 0.013624683989419628 1339 8 1 0.48 3 0.6665514341886835 29.0077821
true 0.005285786923399871 7534 8 1 0.48 4 0.6665514341886835 198.5954312
true 0.18982654280412234 190 8 2 0.48 1 0.6665514341886835 1.7506033
true 0.044131629836318575 1642 8 2 0.48 2 0.6665514341886835 24.3590472
true 0.012164433323439083 7146 8 2 0.48 3 0.6665514341886835 142.5771264
true 0.02320043846718381 6036 8 2 0.48 4 0.6665514341886835 160.0483908
true 0.21887590237264853 183 8 3 0.48 1 0.6665514341886835 1.8217712
true 0.053358788094179245 833 8 3 0.48 2 0.6665514341886835 12.7628332
true 0.20809413103667537 1020 8 3 0.48 3 0.6665514341886835 24.8997475
true 0.00038518681323024273 12791 8 3 0.48 4 0.6665514341886835 334.2942048
true 0.2971484081171505 279 8 4 0.48 1 0.6665514341886835 2.5210735
true 0.05441372267243262 1784 8 4 0.48 2 0.6665514341886835 26.2233224
true 0.0002998882785246182 7173 8 4 0.48 3 0.6665514341886835 148.6866696
true 0.0368600246550391 7738 8 4 0.48 4 0.6665514341886835 193.1694253
true 0.17830192695297437 383 8 5 0.48 1 0.6665514341886835 3.5547529
true 0.16449915262960974 734 8 5 0.48 2 0.6665514341886835 11.1101601
true 0.03775409902484463 2461 8 5 0.48 3 0.6665514341886835 50.5167403
true 0.0004173571013178501 10710 8 5 0.48 4 0.6665514341886835 282.8511371
true 0.25626111936407986 169 8 6 0.48 1 0.6665514341886835 2.0553154
true 0.01131154965007162 1004 8 6 0.48 2 0.6665514341886835 16.7041881
true 0.045646715188204436 3226 8 6 0.48 3 0.6665514341886835 65.5010951
true 0.009323623910685067 1761 8 6 0.48 4 0.6665514341886835 53.7495587
true 0.3856755957362356 309 8 7 0.48 1 0.6665514341886835 2.91249
true 0.011107304997952308 1262 8 7 0.48 2 0.6665514341886835 19.3967043
true 0.00039813081197024946 8084 8 7 0.48 3 0.6665514341886835 156.8934186
true 0.009691328079320858 16303 8 7 0.48 4 0.6665514341886835 419.3947836
true 0.25946210707500467 346 8 8 0.48 1 0.6665514341886835 3.2793098
true 0.009866205335974536 1078 8 8 0.48 2 0.6665514341886835 16.0997467
true 0.00029801517491915425 21093 8 8 0.48 3 0.6665514341886835 429.1581535
true 0.003119032694824768 9128 8 8 0.48 4 0.6665514341886835 227.3797119
true 0.09994872263686116 165 8 1 0.49 1 0.6893045031005157 1.4986145
true 0.030477806360263926 893 8 1 0.49 2 0.6893045031005157 13.5772032
true 0.0289722164196215 2164 8 1 0.49 3 0.6893045031005157 40.6287235
true 0.004191563373597218 3992 8 1 0.49 4 0.6893045031005157 100.6551742
true 0.2364636582100329 155 8 2 0.49 1 0.6893045031005157 1.4259146
true 0.0155024206400933 909 8 2 0.49 2 0.6893045031005157 13.1035238
true 0.035506704769800584 5475 8 2 0.49 3 0.6893045031005157 103.9380151
true 0.023034642919054132 12461 8 2 0.49 4 0.6893045031005157 313.0602751
true 0.2799811810196609 138 8 3 0.49 1 0.6893045031005157 1.339311
true 0.015688528671529294 1810 8 3 0.49 2 0.6893045031005157 26.0207383
true 0.027543703864590152 1105 8 3 0.49 3 0.6893045031005157 27.7595249
true 0.0138566774152765 19782 8 3 0.49 4 0.6893045031005157 489.4800889
true 0.2594470809293634 151 8 4 0.49 1 0.6893045031005157 1.5288195
true 0.014355743729138407 1014 8 4 0.49 2 0.6893045031005157 14.1385278
true 0.03795270060063259 8189 8 4 0.49 3 0.6893045031005157 161.6066176
true 0.010607548976960757 1594 8 4 0.49 4 0.6893045031005157 46.8544266
true 0.231036781548451 261 8 5 0.49 1 0.6893045031005157 2.3578135
true 0.14520374445939171 1852 8 5 0.49 2 0.6893045031005157 28.2119158
true 0.04193621525149788 7355 8 5 0.49 3 0.6893045031005157 148.6154739
true 0.015182281754607941 4338 8 5 0.49 4 0.6893045031005157 110.9870497
true 0.35356320904766697 186 8 6 0.49 1 0.6893045031005157 1.7956801
true 0.012056873879673061 1317 8 6 0.49 2 0.6893045031005157 19.7533488
true 0.041524372141062395 7808 8 6 0.49 3 0.6893045031005157 148.6837566
true 0.010522271947546994 16118 8 6 0.49 4 0.6893045031005157 390.386783
true 0.26636990662312876 182 8 7 0.49 1 0.6893045031005157 1.8024923
true 0.01179462588776925 932 8 7 0.49 2 0.6893045031005157 13.6065279
true 0.00025198295080184973 5413 8 7 0.49 3 0.6893045031005157 108.4534348
true 0.14758323111218566 10456 8 7 0.49 4 0.6893045031005157 252.4880175
true 0.3760594032422734 237 8 8 0.49 1 0.6893045031005157 2.2745463
true 0.1466911018977994 1101 8 8 0.49 2 0.6893045031005157 15.7319866
true 0.14426220694069083 10257 8 8 0.49 3 0.6893045031005157 258.4199271
true 0.009043178063857925 23498 8 8 0.49 4 0.6893045031005157 668.8500157
true 0.10397555625616417 177 8 1 0.5 1 0.6885114446946737 2.0011861
true 0.03192009330389223 984 8 1 0.5 2 0.6885114446946737 16.7179088
true 0.015195782213571873 4426 8 1 0.5 3 0.6885114446946737 101.23179
true 0.0035812757146230223 8870 8 1 0.5 4 0.6885114446946737 252.3882478
true 0.23756464795486074 177 8 2 0.5 1 0.6885114446946737 1.8490724
true 0.04795167039074383 983 8 2 0.5 2 0.6885114446946737 17.3139734
true 0.03711386800387001 3879 8 2 0.5 3 0.6885114446946737 89.0814813
true 0.03015675581195007 11288 8 2 0.5 4 0.6885114446946737 324.2948411
true 0.2710202071474909 147 8 3 0.5 1 0.6885114446946737 1.5125058
true 0.06205357302162832 1554 8 3 0.5 2 0.6885114446946737 23.1003083
true 0.03496141783602467 4888 8 3 0.5 3 0.6885114446946737 102.0877495
true 0.0003406095489794832 9101 8 3 0.5 4 0.6885114446946737 231.6940492
true 0.3036494028525591 169 8 4 0.5 1 0.6885114446946737 1.8300916
true 0.014872985876562758 977 8 4 0.5 2 0.6885114446946737 14.7695697
true 0.009932449146599173 4999 8 4 0.5 3 0.6885114446946737 101.0980586
true 0.04505650248944619 12886 8 4 0.5 4 0.6885114446946737 333.346369
true 0.22543795283604626 268 8 5 0.5 1 0.6885114446946737 2.4411427
true 0.014932883813259135 720 8 5 0.5 2 0.6885114446946737 11.470173
true 0.04437763552953901 5535 8 5 0.5 3 0.6885114446946737 111.3890453
true 0.00917096145339632 8590 8 5 0.5 4 0.6885114446946737 216.8637651
true 0.27693231011472025 216 8 6 0.5 1 0.6885114446946737 1.9740147
true 0.12185351749389683 933 8 6 0.5 2 0.6885114446946737 14.5592071
true 0.0003237179928367954 7238 8 6 0.5 3 0.6885114446946737 140.6087793
true 0.00995564213819397 4652 8 6 0.5 4 0.6885114446946737 128.1661546
true 0.2648328050028801 219 8 7 0.5 1 0.6885114446946737 2.1916924
true 0.012204277432385788 508 8 7 0.5 2 0.6885114446946737 8.9428597
true 0.0003175832668347946 7868 8 7 0.5 3 0.6885114446946737 156.4034391
true 0.006272705197321514 6344 8 7 0.5 4 0.6885114446946737 163.4271279
true 0.398270061044539 188 8 8 0.5 1 0.6885114446946737 2.0317504
true 0.13560613903986557 847 8 8 0.5 2 0.6885114446946737 13.3340527
true 0.17820487752866632 10283 8 8 0.5 3 0.6885114446946737 215.6689812
true 0.00955442701714139 10951 8 8 0.5 4 0.6885114446946737 281.0145394
true 0.10799231905139361 165 8 1 0.51 1 0.6867094058674592 1.5292086
true 0.033493496488992636 1380 8 1 0.51 2 0.6867094058674592 20.2078897
true 0.011789103561800796 2658 8 1 0.51 3 0.6867094058674592 54.8471056
true 0.020805539059773948 5833 8 1 0.51 4 0.6867094058674592 151.9854516
true 0.2502063447746806 148 8 2 0.51 1 0.6867094058674592 1.4081729
true 0.01664838972616839 722 8 2 0.51 2 0.6867094058674592 11.1322902
true 0.03881176838696737 3592 8 2 0.51 3 0.6867094058674592 70.5747683
true 0.019089217718063406 3476 8 2 0.51 4 0.6867094058674592 91.1714666
true 0.28420216767201967 160 8 3 0.51 1 0.6867094058674592 1.6439523
true 0.06503786572078352 1095 8 3 0.51 2 0.6867094058674592 15.9168929
true 0.04885249135649319 2662 8 3 0.51 3 0.6867094058674592 53.578711
true 0.014765133418323658 4966 8 3 0.51 4 0.6867094058674592 128.6766192
true 0.24463829183773206 245 8 4 0.51 1 0.6867094058674592 2.2836198
true 0.015366026864345739 895 8 4 0.51 2 0.6867094058674592 14.0501925
true 0.0005513808940630638 6548 8 4 0.51 3 0.6867094058674592 126.1750146
true 0.01108579142774438 6328 8 4 0.51 4 0.6867094058674592 167.7043248
true 0.21971154106449534 310 8 5 0.51 1 0.6867094058674592 2.9179308
true 0.12622500308446333 1261 8 5 0.51 2 0.6867094058674592 18.8264503
true 0.04626365602076772 11262 8 5 0.51 3 0.6867094058674592 232.2206718
true 0.11423783469451276 11049 8 5 0.51 4 0.6867094058674592 343.4985727
true 0.3556868501548532 343 8 6 0.51 1 0.6867094058674592 3.157443
true 0.012925429406768052 1159 8 6 0.51 2 0.6867094058674592 17.2862899
true 0.0003390226029888847 4276 8 6 0.51 3 0.6867094058674592 81.0468591
true 0.01255019868651965 8884 8 6 0.51 4 0.6867094058674592 619.2957741
true 0.2717409072526169 179 8 7 0.51 1 0.6867094058674592 7.2563149
true 0.012603870916991096 1905 8 7 0.51 2 0.6867094058674592 100.072418
true 0.10365198202589222 5131 8 7 0.51 3 0.6867094058674592 396.8078053
true 0.005454150997943734 5971 8 7 0.51 4 0.6867094058674592 555.3334835
true 0.2457081881227522 202 8 8 0.51 1 0.6867094058674592 7.9658143
true 0.011084248218423527 1227 8 8 0.51 2 0.6867094058674592 68.7660467
true 0.15348716107981308 8510 8 8 0.51 3 0.6867094058674592 618.2827418
true 0.13592230901547347 28460 8 8 0.51 4 0.6867094058674592 2665.1447729
true 0.1125052468745738 156 8 1 0.52 1 0.686465557464803 5.4847855
true 0.018073348790542065 1292 8 1 0.52 2 0.686465557464803 68.8960277
true 0.016626452219079157 3840 8 1 0.52 3 0.686465557464803 270.9363587
true 0.0034158498856504127 8145 8 1 0.52 4 0.686465557464803 203.7721197
true 0.24060412685275262 186 8 2 0.52 1 0.686465557464803 1.660519
true 0.017255225579183353 1028 8 2 0.52 2 0.686465557464803 15.6450924
true 0.014411763193497434 9041 8 2 0.52 3 0.686465557464803 177.8767761
true 0.00031646235896495845 10645 8 2 0.52 4 0.686465557464803 264.014921
true 0.2711772843132319 195 8 3 0.52 1 0.686465557464803 1.807756
true 0.06837058910792561 1460 8 3 0.52 2 0.686465557464803 20.0736735
true 0.029719600170977595 5698 8 3 0.52 3 0.686465557464803 110.9043881
true 0.0004352945692166858 9125 8 3 0.52 4 0.686465557464803 226.2819486
true 0.25478787048228324 205 8 4 0.52 1 0.686465557464803 1.9261865
true 0.01589224593543305 2020 8 4 0.52 2 0.686465557464803 28.5963147
true 0.025441693564172085 1628 8 4 0.52 3 0.686465557464803 33.98332
true 0.050229835406396126 12206 8 4 0.52 4 0.686465557464803 301.1714142
true 0.23065531387738036 176 8 5 0.52 1 0.686465557464803 1.794133
true 0.015942272648487677 646 8 5 0.52 2 0.686465557464803 9.9271991
true 0.049999087852116056 5200 8 5 0.52 3 0.686465557464803 104.9037265
true 0.013124526353163846 4642 8 5 0.52 4 0.686465557464803 116.0003659
true 0.34703474453298994 191 8 6 0.52 1 0.686465557464803 1.8848545
true 0.14837831250439348 1613 8 6 0.52 2 0.686465557464803 23.3459207
true 0.04844560329710738 7111 8 6 0.52 3 0.686465557464803 144.4144545
true 0.00014219305041400973 21174 8 6 0.52 4 0.686465557464803 529.2216315
true 0.29433340549939807 301 8 7 0.52 1 0.686465557464803 2.6914413
true 0.18706039162482607 1549 8 7 0.52 2 0.686465557464803 21.8284717
true 0.15799419414748103 5876 8 7 0.52 3 0.686465557464803 117.1244671
true 0.0635935337647192 4879 8 7 0.52 4 0.686465557464803 122.2906908
true 0.4067574155429651 531 8 8 0.52 1 0.686465557464803 4.8173245
true 0.011444210486222316 1876 8 8 0.52 2 0.686465557464803 28.3181995
true 0.15570231361775655 9700 8 8 0.52 3 0.686465557464803 200.9478765