g_converged min_loss iter nsites nqubits0 h nlayers SvN time
true 1.4302451865622068e-6 56 4 1 0.0 1 0.0 5.7908764
true 2.350766033498708e-7 71 4 2 0.0 1 0.0 0.4170214
true 3.172340655721584e-7 68 4 3 0.0 1 0.0 0.1801612
true 0.2500008429189311 70 4 4 0.0 1 0.0 0.1665795
true 2.2522898068810804e-7 49 4 1 0.01 1 2.049427791020832e-6 0.1171125
true 3.7422553200716635e-7 72 4 2 0.01 1 2.049427791020832e-6 0.1649242
true 2.970230044141431e-7 79 4 3 0.01 1 2.049427791020832e-6 0.1940339
true 3.5272617870951706e-7 95 4 4 0.01 1 2.049427791020832e-6 0.2421785
true 5.93805971560446e-7 64 4 1 0.02 1 1.5519341457791147e-8 0.1540027
true 1.5262426808493323e-7 72 4 2 0.02 1 1.5519341457791147e-8 0.1552301
true 5.019892358089825e-7 66 4 3 0.02 1 1.5519341457791147e-8 0.1439848
true 2.9854508878934816e-7 104 4 4 0.02 1 1.5519341457791147e-8 0.2309218
true 5.949535263893857e-7 56 4 1 0.03 1 9.85891651468959e-8 0.1139476
true 7.226003404525727e-7 69 4 2 0.03 1 9.85891651468959e-8 0.1616766
true 0.3333337351776516 52 4 3 0.03 1 9.85891651468959e-8 0.1245189
true 0.2500002455762693 94 4 4 0.03 1 9.85891651468959e-8 0.2198492
true 6.420614261926083e-7 54 4 1 0.04 1 5.221054521751489e-7 0.1326226
true 4.15938345599276e-7 70 4 2 0.04 1 5.221054521751489e-7 0.1622747
true 1.233121768751122e-6 73 4 3 0.04 1 5.221054521751489e-7 0.1843053
true 1.0389694190260368e-6 95 4 4 0.04 1 5.221054521751489e-7 0.2401239
true 1.0931077110143406e-7 59 4 1 0.05 1 2.252253432013266e-6 0.161685
true 5.285500147556021e-7 71 4 2 0.05 1 2.252253432013266e-6 0.1727539
true 8.09703710765349e-7 79 4 3 0.05 1 2.252253432013266e-6 0.1782051
true 0.2500008309097974 72 4 4 0.05 1 2.252253432013266e-6 0.1818559
true 1.0782198750503014e-7 56 4 1 0.06 1 3.2712639605332464e-5 0.154797
true 2.1141399589863497e-6 75 4 2 0.06 1 3.2712639605332464e-5 0.1645269
true 2.5355763275114462e-6 61 4 3 0.06 1 3.2712639605332464e-5 0.154106
true 1.8303865641638994e-6 99 4 4 0.06 1 3.2712639605332464e-5 0.2354194
true 3.237817090551154e-7 60 4 1 0.07 1 0.0001183786849266515 0.1438748
true 6.13217792558296e-6 78 4 2 0.07 1 0.0001183786849266515 0.1765567
true 7.510923884457288e-6 71 4 3 0.07 1 0.0001183786849266515 0.1903727
true 6.238201725863868e-6 77 4 4 0.07 1 0.0001183786849266515 0.1780234
true 1.1263911783299108e-6 57 4 1 0.08 1 0.00031555771092967207 0.1349861
true 1.566843843206489e-5 70 4 2 0.08 1 0.00031555771092967207 0.158567
true 1.9912240734868785e-5 70 4 3 0.08 1 0.00031555771092967207 0.1740051
true 1.585312142630968e-5 69 4 4 0.08 1 0.00031555771092967207 0.1742284
true 1.4901393635691207e-6 54 4 1 0.09 1 0.0006755458943422365 0.1438889
true 3.404650608856974e-5 61 4 2 0.09 1 0.0006755458943422365 0.1308348
true 4.48263658178553e-5 110 4 3 0.09 1 0.0006755458943422365 0.2546988
true 3.41455611011926e-5 101 4 4 0.09 1 0.0006755458943422365 0.229225
true 2.8919650728043145e-6 66 4 1 0.1 1 0.0012584685665444728 0.1444558
true 6.6372883368776e-5 70 4 2 0.1 1 0.0012584685665444728 0.1555981
true 8.771558230311986e-5 81 4 3 0.1 1 0.0012584685665444728 0.1774294
true 6.719201524334195e-5 101 4 4 0.1 1 0.0012584685665444728 0.2227772
true 5.003129291580866e-6 88 4 1 0.11 1 0.002051125570344679 0.2085463
true 0.00011389801864683524 80 4 2 0.11 1 0.002051125570344679 0.1587016
true 0.33333486281602887 54 4 3 0.11 1 0.002051125570344679 0.1386108
true 0.25011277357040684 80 4 4 0.11 1 0.002051125570344679 0.2029293
true 8.526012156062635e-6 57 4 1 0.12 1 0.002857451366537061 0.144093
true 0.00016420141087886142 68 4 2 0.12 1 0.002857451366537061 0.1471258
true 0.00021643439826785071 85 4 3 0.12 1 0.002857451366537061 0.1889785
true 0.2501625520389375 65 4 4 0.12 1 0.002857451366537061 0.163554
true 1.410662240580729e-5 63 4 1 0.13 1 0.0038710037250973186 0.1431524
true 0.00023230846041347175 65 4 2 0.13 1 0.0038710037250973186 0.1530327
true 0.33333822706565464 51 4 3 0.13 1 0.0038710037250973186 0.1356628
true 0.00023446938575873155 75 4 4 0.13 1 0.0038710037250973186 0.1764401
true 2.2006756064507638e-5 47 4 1 0.14 1 0.005207607228596099 0.1185524
true 0.000323772621688978 93 4 2 0.14 1 0.005207607228596099 0.2115256
true 0.0004240356750781123 76 4 3 0.14 1 0.005207607228596099 0.1743425
true 0.25031693752188283 73 4 4 0.14 1 0.005207607228596099 0.1863171
true 3.5018915354234625e-5 41 4 1 0.15 1 0.006975091406260766 0.1125721
true 0.0004496100954597959 66 4 2 0.15 1 0.006975091406260766 0.1509427
true 0.0005896749169016502 59 4 3 0.15 1 0.006975091406260766 0.1681253
true 0.0004570072688205862 73 4 4 0.15 1 0.006975091406260766 0.1944844
true 5.3577215370526066e-5 63 4 1 0.16 1 0.009312166724123666 0.1478987
true 0.000624384104172232 57 4 2 0.16 1 0.009312166724123666 0.1490681
true 0.333348267038625 63 4 3 0.16 1 0.009312166724123666 0.163737
true 0.2500344264186263 75 4 4 0.16 1 0.009312166724123666 0.2003313
true 8.25310384149347e-5 55 4 1 0.17 1 0.012401116232128213 0.142113
true 0.0008659897975633879 115 4 2 0.17 1 0.012401116232128213 0.2515513
true 0.001132839457739972 62 4 3 0.17 1 0.012401116232128213 0.1494389
true 0.2508439422938484 69 4 4 0.17 1 0.012401116232128213 0.1838708
true 0.00012683161990961755 64 4 1 0.18 1 0.01647603291411175 0.1630699
true 0.0012007617648034097 79 4 2 0.18 1 0.01647603291411175 0.1842606
true 0.0015680208522935724 67 4 3 0.18 1 0.01647603291411175 0.1623947
true 0.0012310028049021121 82 4 4 0.18 1 0.01647603291411175 0.2233583
true 0.00019299601971567437 54 4 1 0.19 1 0.021828128818143427 0.1576185
true 0.001663446569750121 73 4 2 0.19 1 0.021828128818143427 0.1815357
true 0.0021691165897608777 113 4 3 0.19 1 0.021828128818143427 0.2757926
true 0.25011767262450774 73 4 4 0.19 1 0.021828128818143427 0.1986994
true 0.0002917868035120508 60 4 1 0.2 1 0.028809882776728333 0.1478251
true 0.0023008450419310378 59 4 2 0.2 1 0.028809882776728333 0.1396299
true 0.33340380694060084 61 4 3 0.2 1 0.028809882776728333 0.1576435
true 0.002371259228897915 86 4 4 0.2 1 0.028809882776728333 0.203305
true 0.0004366164763585645 58 4 1 0.21 1 0.037837809482577124 0.1375981
true 0.0031761318444131215 59 4 2 0.21 1 0.037837809482577124 0.1329191
true 0.004130710351934057 64 4 3 0.21 1 0.037837809482577124 0.1519498
true 0.003281713629519248 78 4 4 0.21 1 0.037837809482577124 0.1855443
true 0.0006460608344459051 62 4 1 0.22 1 0.04938099268332533 0.1489284
true 0.004366344664674421 87 4 2 0.22 1 0.04938099268332533 0.1823118
true 0.005670677520053328 80 4 3 0.22 1 0.04938099268332533 0.1886974
true 0.004525233472842921 67 4 4 0.22 1 0.04938099268332533 0.1636522
true 0.0009457178846014602 55 4 1 0.23 1 0.0639155091216561 0.1321876
true 0.0059685790279262185 75 4 2 0.23 1 0.0639155091216561 0.1735558
true 0.00773982643552253 77 4 3 0.23 1 0.0639155091216561 0.1862808
true 0.006204136289727491 75 4 4 0.23 1 0.0639155091216561 0.1857696
true 0.0013663012726362611 53 4 1 0.24 1 0.08188079160576314 0.1149106
true 0.008093150659607584 73 4 2 0.24 1 0.08188079160576314 0.1609052
true 0.010477588398443613 67 4 3 0.24 1 0.08188079160576314 0.1679075
true 0.25092318318481827 72 4 4 0.24 1 0.08188079160576314 0.1920043
true 0.0019492381435541883 65 4 1 0.25 1 0.10370693433146623 0.1862812
true 0.010872786079542895 60 4 2 0.25 1 0.10370693433146623 0.1421182
true 0.0140495372596486 71 4 3 0.25 1 0.10370693433146623 0.1860525
true 0.25114852867995097 98 4 4 0.25 1 0.10370693433146623 0.2258024
true 0.0027431338107850034 63 4 1 0.26 1 0.1297967786166197 0.1484904
true 0.014464958567039748 65 4 2 0.26 1 0.1297967786166197 0.1354176
true 0.33393290744993753 58 4 3 0.26 1 0.1297967786166197 0.1437058
true 0.01517276165886769 77 4 4 0.26 1 0.1297967786166197 0.1801056
true 0.0038103122994157523 46 4 1 0.27 1 0.16040132296490764 0.1334465
true 0.019039688494639412 100 4 2 0.27 1 0.16040132296490764 0.20511
true 0.02450675362780506 69 4 3 0.27 1 0.16040132296490764 0.1813691
true 0.02003433626107312 94 4 4 0.27 1 0.16040132296490764 0.2424967
true 0.005214537660594154 62 4 1 0.28 1 0.1955000413843353 0.174106
true 0.024765594478484088 73 4 2 0.28 1 0.1955000413843353 0.1645339
true 0.03180698888009733 66 4 3 0.28 1 0.1955000413843353 0.1532916
true 0.02614174275735881 233 4 4 0.28 1 0.1955000413843353 0.5643169
true 0.007021582232173695 59 4 1 0.29 1 0.23471453828017486 0.1520614
true 0.031782275823113215 69 4 2 0.29 1 0.23471453828017486 0.1516099
true 0.3348056543524769 66 4 3 0.29 1 0.23471453828017486 0.1664518
true 0.2541464025123207 74 4 4 0.29 1 0.23471453828017486 0.1803209
true 0.009288266886889773 45 4 1 0.3 1 0.27725966462546564 0.1150232
true 0.040176531226031986 97 4 2 0.3 1 0.27725966462546564 0.1995504
true 0.335242865920738 69 4 3 0.3 1 0.27725966462546564 0.1627658
true 0.0426867749795585 151 4 4 0.3 1 0.27725966462546564 0.3569998
true 0.012051168168865645 53 4 1 0.31 1 0.3219535459176348 0.1400392
true 0.0499556659650266 59 4 2 0.31 1 0.3219535459176348 0.1345988
true 0.06367531562955907 60 4 3 0.31 1 0.3219535459176348 0.1502212
true 0.053258578803833556 194 4 4 0.31 1 0.3219535459176348 0.4979542
true 0.015317405305614096 70 4 1 0.32 1 0.3673031991535092 0.1894113
true 0.06102532426672158 63 4 2 0.32 1 0.3673031991535092 0.1619487
true 0.0775598291527253 77 4 3 0.32 1 0.3673031991535092 0.1757636
true 0.30555573527266944 64 4 4 0.32 1 0.3673031991535092 0.1704484
true 0.019058017311977926 60 4 1 0.33 1 0.4116623212739852 0.1377683
true 0.07318190796339755 74 4 2 0.33 1 0.4116623212739852 0.1627658
true 0.09271685281386087 66 4 3 0.33 1 0.4116623212739852 0.1581211
true 0.07858788135428 120 4 4 0.33 1 0.4116623212739852 0.2729734
true 0.023208140998135618 70 4 1 0.34 1 0.4534331841925793 0.167358
true 0.08611004610937201 94 4 2 0.34 1 0.4534331841925793 0.2092695
true 0.10873114488432152 59 4 3 0.34 1 0.4534331841925793 0.1574857
true 0.09283980500917363 75 4 4 0.34 1 0.4534331841925793 0.1862952
true 0.027672411230002525 56 4 1 0.35 1 0.4912661337025823 0.1730011
true 0.09943781619685632 71 4 2 0.35 1 0.4912661337025823 0.1520936
true 0.33806670181532006 66 4 3 0.35 1 0.4912661337025823 0.1536032
true 0.10765530003926467 117 4 4 0.35 1 0.4912661337025823 0.2707374
true 0.03234030552911815 78 4 1 0.36 1 0.5242078864035358 0.1997815
true 0.11275133610118926 81 4 2 0.36 1 0.5242078864035358 0.211185
true 0.14130387595744018 87 4 3 0.36 1 0.5242078864035358 0.1854559
true 0.12260576729080376 96 4 4 0.36 1 0.5242078864035358 0.2293659
true 0.03709953464142807 65 4 1 0.37 1 0.5517666096751864 0.1569387
true 0.1256555493476596 66 4 2 0.37 1 0.5517666096751864 0.1440778
true 0.33883644606703783 59 4 3 0.37 1 0.5517666096751864 0.1439209
true 0.13726534320765937 100 4 4 0.37 1 0.5517666096751864 0.2368868
true 0.04185363744524745 59 4 1 0.38 1 0.5738898971784198 0.1463346
true 0.13781358065055604 74 4 2 0.38 1 0.5738898971784198 0.1652983
true 0.17122903353039173 98 4 3 0.38 1 0.5738898971784198 0.2483995
true 0.1512527409435836 82 4 4 0.38 1 0.5738898971784198 0.2175997
true 0.04652762234846913 51 4 1 0.39 1 0.5908774194945496 0.1298402
true 0.1489710191384356 82 4 2 0.39 1 0.5908774194945496 0.1771391
true 0.18421305771319255 73 4 3 0.39 1 0.5908774194945496 0.1641525
true 0.16425941044036807 68 4 4 0.39 1 0.5908774194945496 0.1779808
true 0.051074837374448845 59 4 1 0.4 1 0.6032626509160969 0.1588067
true 0.1589714001757546 59 4 2 0.4 1 0.6032626509160969 0.1382989
true 0.3385423942158159 55 4 3 0.4 1 0.6032626509160969 0.1319216
true 0.2826152304550691 67 4 4 0.4 1 0.6032626509160969 0.1646091
true 0.05547204759815283 50 4 1 0.41 1 0.6116959240155098 0.1441179
true 0.1677427940033978 67 4 2 0.41 1 0.6116959240155098 0.1630109
true 0.20523959515156695 61 4 3 0.41 1 0.6116959240155098 0.1386718
true 0.18648289629141246 87 4 4 0.41 1 0.6116959240155098 0.1906772
true 0.05971820451256171 58 4 1 0.42 1 0.6168497726156195 0.1483
true 0.17529354701403219 66 4 2 0.42 1 0.6168497726156195 0.1408808
true 0.2132120666535898 87 4 3 0.42 1 0.6168497726156195 0.204335
true 0.19543268652675466 105 4 4 0.42 1 0.6168497726156195 0.2415298
true 0.06382432639165408 53 4 1 0.43 1 0.6193545811854927 0.136668
true 0.18168104272864943 96 4 2 0.43 1 0.6193545811854927 0.1980746
true 0.21957016432473994 151 4 3 0.43 1 0.6193545811854927 0.3346093
true 0.2878748566540522 122 4 4 0.43 1 0.6193545811854927 0.2769197
true 0.06781121379750754 54 4 1 0.44 1 0.6197629413526827 0.1386515
true 0.18699653922591772 66 4 2 0.44 1 0.6197629413526827 0.1511711
true 0.22443021247888525 90 4 3 0.44 1 0.6197629413526827 0.1954737
true 0.20686263199147445 98 4 4 0.44 1 0.6197629413526827 0.2322868
true 0.0717008367318287 51 4 1 0.45 1 0.61853623243648 0.1457802
true 0.19134727963558576 58 4 2 0.45 1 0.61853623243648 0.1338659
true 0.22793200050102688 94 4 3 0.45 1 0.61853623243648 0.2205745
true 0.20396196538234934 92 4 4 0.45 1 0.61853623243648 0.2308933
true 0.07551715353290178 59 4 1 0.46 1 0.6160458563573982 0.1390439
true 0.19484143982700028 89 4 2 0.46 1 0.6160458563573982 0.2076422
true 0.2753725726560205 116 4 3 0.46 1 0.6160458563573982 0.2630884
true 0.20050854985607844 140 4 4 0.46 1 0.6160458563573982 0.3225738
true 0.07928128165969028 51 4 1 0.47 1 0.6125826098030013 0.1532681
true 0.19758282970978286 57 4 2 0.47 1 0.6125826098030013 0.1303532
true 0.23143875061659647 66 4 3 0.47 1 0.6125826098030013 0.1674086
true 0.1967487272763264 82 4 4 0.47 1 0.6125826098030013 0.2054548
true 0.08301096867388547 48 4 1 0.48 1 0.6083694839555642 0.1280589
true 0.1996628682861158 60 4 2 0.48 1 0.6083694839555642 0.1504421
true 0.23171870162123964 73 4 3 0.48 1 0.6083694839555642 0.1734144
true 0.19280662727250447 87 4 4 0.48 1 0.6083694839555642 0.1996711
true 0.08672023280086816 47 4 1 0.49 1 0.6035749303573885 0.1282401
true 0.20116262943863628 106 4 2 0.49 1 0.6035749303573885 0.2442211
true 0.23118070403591048 103 4 3 0.49 1 0.6035749303573885 0.2746434
true 0.18876200927239864 93 4 4 0.49 1 0.6035749303573885 0.2290204
true 0.09042091330927648 70 4 1 0.5 1 0.5983249863531529 0.183995
true 0.2021504749707402 69 4 2 0.5 1 0.5983249863531529 0.1697347
true 0.22993347684855034 74 4 3 0.5 1 0.5983249863531529 0.1554762
true 0.1846631569302402 70 4 4 0.5 1 0.5983249863531529 0.1804186
true 0.09412013425870847 67 4 1 0.51 1 0.5927135663433547 0.1491541
true 0.21922771862964435 49 4 2 0.51 1 0.5927135663433547 0.1094895
true 0.22806637703773935 80 4 3 0.51 1 0.5927135663433547 0.1844541
true 0.18054705024170004 102 4 4 0.51 1 0.5927135663433547 0.2527559
true 0.0978234392005991 54 4 1 0.52 1 0.5868107723568018 0.1390217
true 0.20280173328300474 99 4 2 0.52 1 0.5868107723568018 0.2076373
true 0.22566167578070365 64 4 3 0.52 1 0.5868107723568018 0.1508681
true 0.17643674540388582 88 4 4 0.52 1 0.5868107723568018 0.2015705
true 0.10153489217418765 54 4 1 0.53 1 0.5806693661306456 0.1411853
true 0.20255371071928147 66 4 2 0.53 1 0.5806693661306456 0.1402123
true 0.22278680361102998 69 4 3 0.53 1 0.5806693661306456 0.1641312
true 0.2889758910724026 76 4 4 0.53 1 0.5806693661306456 0.2038656
true 0.10525380665537853 59 4 1 0.54 1 0.5743296695059446 0.1887926
true 0.21083212790330919 64 4 2 0.54 1 0.5743296695059446 0.1301018
true 0.2194977162577454 93 4 3 0.54 1 0.5743296695059446 0.2142912
true 0.16830365872754882 138 4 4 0.54 1 0.5743296695059446 0.3028078
true 0.10898261196722547 64 4 1 0.55 1 0.5678231900992725 0.1564114
true 0.20106306116069442 60 4 2 0.55 1 0.5678231900992725 0.1305906
true 0.2158414221918795 95 4 3 0.55 1 0.5678231900992725 0.1956884
true 0.31353732612027 73 4 4 0.55 1 0.5678231900992725 0.1752372
true 0.11271835068310065 56 4 1 0.56 1 0.5611752507606665 0.1295584
true 0.19986539144616405 96 4 2 0.56 1 0.5611752507606665 0.2062513
true 0.2118579179387096 65 4 3 0.56 1 0.5611752507606665 0.156221
true 0.16035594915080514 76 4 4 0.56 1 0.5611752507606665 0.177491
true 0.11645948779930182 51 4 1 0.57 1 0.5544068620460246 0.1375524
true 0.20288968025034038 54 4 2 0.57 1 0.5544068620460246 0.1235304
true 0.20758302571977402 68 4 3 0.57 1 0.5544068620460246 0.1685241
true 0.1564702502978885 109 4 4 0.57 1 0.5544068620460246 0.2507348
true 0.12020470670120942 55 4 1 0.58 1 0.5475360323215799 0.1404034
true 0.20017831839495664 53 4 2 0.58 1 0.5475360323215799 0.1160055
true 0.2030552348642286 62 4 3 0.58 1 0.5475360323215799 0.1591156
true 0.15264950333016264 100 4 4 0.58 1 0.5475360323215799 0.2409491
true 0.12395076216677348 57 4 1 0.59 1 0.5405786680075171 0.13656
true 0.19461965460974423 51 4 2 0.59 1 0.5405786680075171 0.1166402
true 0.19833837703516635 77 4 3 0.59 1 0.5405786680075171 0.1769158
true 0.1488962994134897 82 4 4 0.59 1 0.5405786680075171 0.1886434
true 0.12769449740550215 56 4 1 0.6 1 0.533549180191324 0.1633605
true 0.19446566889124808 57 4 2 0.6 1 0.533549180191324 0.1258196
true 0.1935434630378604 86 4 3 0.6 1 0.533549180191324 0.1953808
true 0.14521499403005783 124 4 4 0.6 1 0.533549180191324 0.3084069
true 0.1314333172242696 56 4 1 0.61 1 0.5264608842762123 0.1308998
true 0.18978880955443786 103 4 2 0.61 1 0.5264608842762123 0.2077413
true 0.1887751075966305 60 4 3 0.61 1 0.5264608842762123 0.1323642
true 0.14160640872049796 99 4 4 0.61 1 0.5264608842762123 0.225466
true 0.13516310422763594 56 4 1 0.62 1 0.5193262561278011 0.1449218
true 0.1881722976878085 64 4 2 0.62 1 0.5193262561278011 0.1446662
true 0.18408111975824082 60 4 3 0.62 1 0.5193262561278011 0.142458
true 0.13807330660807948 72 4 4 0.62 1 0.5193262561278011 0.1728925
true 0.138881534786656 59 4 1 0.63 1 0.5121570904727426 0.1439259
true 0.1838609147658452 62 4 2 0.63 1 0.5121570904727426 0.1273911
true 0.17947965470499505 61 4 3 0.63 1 0.5121570904727426 0.1504012
true 0.13461524043562403 125 4 4 0.63 1 0.5121570904727426 0.3073587
true 0.14258671535841155 75 4 1 0.64 1 0.5049645940759805 0.1525009
true 0.1810636875012691 88 4 2 0.64 1 0.5049645940759805 0.2084918
true 0.17497704186123011 58 4 3 0.64 1 0.5049645940759805 0.1422291
true 0.279858597437544 110 4 4 0.64 1 0.5049645940759805 0.2733237
true 0.14627216715701474 48 4 1 0.65 1 0.4977594365167816 0.1308551
true 0.1767510090234315 105 4 2 0.65 1 0.4977594365167816 0.2069788
true 0.1705772277371044 64 4 3 0.65 1 0.4977594365167816 0.139513
true 0.1279332558430762 98 4 4 0.65 1 0.4977594365167816 0.2430808
true 0.1499382829554594 57 4 1 0.66 1 0.49055177436486347 0.1389607
true 0.17272091047803498 102 4 2 0.66 1 0.49055177436486347 0.2255065
true 0.16627717815442358 64 4 3 0.66 1 0.49055177436486347 0.1528785
true 0.29812127572818137 80 4 4 0.66 1 0.49055177436486347 0.1822957
true 0.15358172233025924 52 4 1 0.67 1 0.4833512595471167 0.1556936
true 0.1684330550349549 62 4 2 0.67 1 0.4833512595471167 0.1487166
true 0.16209281432725475 55 4 3 0.67 1 0.4833512595471167 0.1416042
true 0.12156363822907792 63 4 4 0.67 1 0.4833512595471167 0.154364
true 0.1571993495994468 54 4 1 0.68 1 0.4761670391572981 0.133133
true 0.16416156191560508 74 4 2 0.68 1 0.4761670391572981 0.160691
true 0.15799351286420557 66 4 3 0.68 1 0.4761670391572981 0.1867669
true 0.29566866572942097 80 4 4 0.68 1 0.4761670391572981 0.1869408
true 0.16078908424499472 41 4 1 0.69 1 0.46900775148799523 0.1144092
true 0.1599923753862016 73 4 2 0.69 1 0.46900775148799523 0.1683666
true 0.15400759266434247 56 4 3 0.69 1 0.46900775148799523 0.1385874
true 0.2944879567503729 101 4 4 0.69 1 0.46900775148799523 0.2592314
true 0.16434896594871296 56 4 1 0.7 1 0.46188152135118604 0.145671
true 0.15592929520861926 90 4 2 0.7 1 0.46188152135118604 0.2016642
true 0.15012414437946345 95 4 3 0.7 1 0.46188152135118604 0.2364212
true 0.27592143981449135 71 4 4 0.7 1 0.46188152135118604 0.1969864
true 0.16787062926358975 72 4 1 0.71 1 0.4547959565777236 0.1807599
true 0.1519724248558336 139 4 2 0.71 1 0.4547959565777236 0.3193165
true 0.1463443634980753 82 4 3 0.71 1 0.4547959565777236 0.2122499
true 0.2753283681211356 68 4 4 0.71 1 0.4547959565777236 0.1694453
true 0.16449190974112243 89 4 1 0.72 1 0.4477581467864862 0.1890388
true 0.14812121130900485 61 4 2 0.72 1 0.4477581467864862 0.1750569
true 0.14266371266459646 84 4 3 0.72 1 0.4477581467864862 0.2157719
true 0.2911229922812526 59 4 4 0.72 1 0.4477581467864862 0.1429844
true 0.16024153854454004 62 4 1 0.73 1 0.4407746649756799 0.1970396
true 0.14437464500140557 67 4 2 0.73 1 0.4407746649756799 0.1503986
true 0.1390842590779558 63 4 3 0.73 1 0.4407746649756799 0.1485094
true 0.10431327894226057 68 4 4 0.73 1 0.4407746649756799 0.1730321
true 0.15610707549073538 75 4 1 0.74 1 0.433851572131634 0.1713171
true 0.14072977395720573 92 4 2 0.74 1 0.433851572131634 0.2000629
true 0.13560389860526773 73 4 3 0.74 1 0.433851572131634 0.1840766
true 0.2736492450923984 67 4 4 0.74 1 0.433851572131634 0.177625
true 0.1520864706709601 72 4 1 0.75 1 0.4269944248179092 0.1775041
true 0.1371866869037183 81 4 2 0.75 1 0.4269944248179092 0.1915269
true 0.13221987304044405 60 4 3 0.75 1 0.4269944248179092 0.1437111
true 0.09916539745286367 76 4 4 0.75 1 0.4269944248179092 0.2089129
true 0.14817863804899045 57 4 1 0.76 1 0.4202082855607151 0.1552761
true 0.1337431914503306 84 4 2 0.76 1 0.4202082855607151 0.1723103
true 0.12893161053545893 175 4 3 0.76 1 0.4202082855607151 0.3892226
true 0.09669841500904655 72 4 4 0.76 1 0.4202082855607151 0.1689461
true 0.1443812024083947 59 4 1 0.77 1 0.4134977357583876 0.1503526
true 0.1303977255820414 88 4 2 0.77 1 0.4134977357583876 0.2056496
true 0.12573665923247554 69 4 3 0.77 1 0.4134977357583876 0.1545346
true 0.09430254671750814 96 4 4 0.77 1 0.4134977357583876 0.2584121
true 0.1406930396206354 76 4 1 0.78 1 0.4068668907949228 0.1696297
true 0.12714877788643628 90 4 2 0.78 1 0.4068668907949228 0.2262961
true 0.12263363071559082 63 4 3 0.78 1 0.4068668907949228 0.1530982
true 0.09197528839632037 67 4 4 0.78 1 0.4068668907949228 0.1587654
true 0.1371105047885403 59 4 1 0.79 1 0.4003194170169781 0.1596966
true 0.12399336225144639 68 4 2 0.79 1 0.4003194170169781 0.1553516
true 0.11962237564653784 53 4 3 0.79 1 0.4003194170169781 0.1372748
true 0.08971544439274141 78 4 4 0.79 1 0.4003194170169781 0.2288027
true 0.13363311043742343 59 4 1 0.8 1 0.3938585502319869 0.1331545
true 0.12092950275421904 84 4 2 0.8 1 0.3938585502319869 0.1813624
true 0.11669491469033422 69 4 3 0.8 1 0.3938585502319869 0.1852881
true 0.08752124717563801 131 4 4 0.8 1 0.3938585502319869 0.3522641
true 0.13025737994635805 49 4 1 0.81 1 0.3874871153957022 0.1364327
true 0.11795592833778029 63 4 2 0.81 1 0.3874871153957022 0.1576398
true 0.11385527893996715 141 4 3 0.81 1 0.3874871153957022 0.3494021
true 0.08539173845150605 152 4 4 0.81 1 0.3874871153957022 0.3731468
true 0.12698199823408085 51 4 1 0.82 1 0.38120754717639876 0.1253209
true 0.11507008496906301 78 4 2 0.82 1 0.38120754717639876 0.1649269
true 0.11109967026446836 120 4 3 0.82 1 0.38120754717639876 0.249888
true 0.26983353610755056 66 4 4 0.82 1 0.38120754717639876 0.160223
true 0.12380407177044772 66 4 1 0.83 1 0.3750219111069072 0.1572202
true 0.11227023089372701 88 4 2 0.83 1 0.3750219111069072 0.1740827
true 0.10842559684312514 81 4 3 0.83 1 0.3750219111069072 0.1696262
true 0.26941809412238943 71 4 4 0.83 1 0.3750219111069072 0.1657847
true 0.12072108343958438 50 4 1 0.84 1 0.36893192506274924 0.1265212
true 0.10955271657416624 97 4 2 0.84 1 0.36893192506274924 0.2076637
true 0.10582994785845327 88 4 3 0.84 1 0.36893192506274924 0.2180165
true 0.07937272493263307 86 4 4 0.84 1 0.36893192506274924 0.1960345
true 0.11773049528166318 76 4 1 0.85 1 0.3629389808329282 0.1985607
true 0.10691684032401072 65 4 2 0.85 1 0.3629389808329282 0.1351485
true 0.10331230903627382 74 4 3 0.85 1 0.3629389808329282 0.1938374
true 0.27943270540045206 77 4 4 0.85 1 0.3629389808329282 0.1995188
true 0.11483022002827625 60 4 1 0.86 1 0.35704416557853136 0.1553689
true 0.10435970578572196 69 4 2 0.86 1 0.35704416557853136 0.1465253
true 0.10087144948509634 62 4 3 0.86 1 0.35704416557853136 0.1366817
true 0.07565222349680732 98 4 4 0.86 1 0.35704416557853136 0.2378305
true 0.11201955917194856 46 4 1 0.87 1 0.3512482830023614 0.127459
true 0.10187957027421529 88 4 2 0.87 1 0.3512482830023614 0.1858914
true 0.09850118623165009 79 4 3 0.87 1 0.3512482830023614 0.1836485
true 0.26786640034387743 57 4 4 0.87 1 0.3512482830023614 0.1388645
true 0.10929061165999515 52 4 1 0.88 1 0.34555187407953597 0.1325051
true 0.09947378541908505 66 4 2 0.88 1 0.34555187407953597 0.1380264
true 0.0962013547338259 45 4 3 0.88 1 0.34555187407953597 0.1127443
true 0.07215152031652454 95 4 4 0.88 1 0.34555187407953597 0.238808
true 0.10664638879670829 49 4 1 0.89 1 0.3399552372243108 0.1195487
true 0.09714028909857805 61 4 2 0.89 1 0.3399552372243108 0.1468723
true 0.09397182077736722 65 4 3 0.89 1 0.3399552372243108 0.1552042
true 0.0704789058697433 96 4 4 0.89 1 0.3399552372243108 0.2345508
true 0.10408299460599557 51 4 1 0.9 1 0.3344584477916396 0.1334371
true 0.09487733387852032 87 4 2 0.9 1 0.3344584477916396 0.1967091
true 0.09180864615529187 70 4 3 0.9 1 0.3344584477916396 0.1788051
true 0.06885683598940101 94 4 4 0.9 1 0.3344584477916396 0.2222046
true 0.10159658814535666 63 4 1 0.91 1 0.32906137683338327 0.1505616
true 0.09268194841664051 80 4 2 0.91 1 0.32906137683338327 0.1639449
true 0.08971066390080264 62 4 3 0.91 1 0.32906137683338327 0.1377637
true 0.06728274608024448 82 4 4 0.91 1 0.32906137683338327 0.1831767
true 0.0991862954564342 63 4 1 0.92 1 0.32376370904828605 0.1672826
true 0.0905526728237186 66 4 2 0.92 1 0.32376370904828605 0.161859
true 0.08767514219246164 71 4 3 0.92 1 0.32376370904828605 0.1506637
true 0.06575636388587758 75 4 4 0.92 1 0.32376370904828605 0.1778809
true 0.09684954675276436 60 4 1 0.93 1 0.31856495988197037 0.1348118
true 0.08848811407354537 76 4 2 0.93 1 0.31856495988197037 0.183955
true 0.08570045014027021 80 4 3 0.93 1 0.31856495988197037 0.2026215
true 0.06427517616065383 81 4 4 0.93 1 0.31856495988197037 0.1899244
true 0.09458399394940237 50 4 1 0.94 1 0.313464491748325 0.1155678
true 0.08648428718149995 69 4 2 0.94 1 0.313464491748325 0.1508588
true 0.08378522392126046 73 4 3 0.94 1 0.313464491748325 0.1693005
true 0.06283846240820547 98 4 4 0.94 1 0.313464491748325 0.2058011
true 0.09238664254785378 51 4 1 0.95 1 0.3084615293567113 0.125751
true 0.08454116237915574 77 4 2 0.95 1 0.3084615293567113 0.1557505
true 0.08192557826570045 69 4 3 0.95 1 0.3084615293567113 0.1546079
true 0.06144467329996563 117 4 4 0.95 1 0.3084615293567113 0.2672383
true 0.09025612141339945 55 4 1 0.96 1 0.30355517414078803 0.1519147
true 0.08265570647133783 78 4 2 0.96 1 0.30355517414078803 0.163496
true 0.0801222112309255 96 4 3 0.96 1 0.30355517414078803 0.2113706
true 0.2725641545046626 77 4 4 0.96 1 0.30355517414078803 0.2003082
true 0.08819034373666385 56 4 1 0.97 1 0.2987444177942179 0.1349311
true 0.08082817914081017 67 4 2 0.97 1 0.2987444177942179 0.1370614
true 0.07837202352802104 56 4 3 0.97 1 0.2987444177942179 0.127599
true 0.26468484913540485 62 4 4 0.97 1 0.2987444177942179 0.1493821
true 0.08618727403253268 97 4 1 0.98 1 0.2940281549265302 0.1972735
true 0.07905220891341913 70 4 2 0.98 1 0.2940281549265302 0.1492782
true 0.0766735913014298 121 4 3 0.98 1 0.2940281549265302 0.2636859
true 0.05750538847644142 76 4 4 0.98 1 0.2940281549265302 0.1803449
true 0.08424397179812748 142 4 1 0.99 1 0.289405194858965 0.3157096
true 0.07732993148994327 86 4 2 0.99 1 0.289405194858965 0.1840509
true 0.07502508967134452 59 4 3 0.99 1 0.289405194858965 0.1397991
true 0.056269039264823156 77 4 4 0.99 1 0.289405194858965 0.1790637
true 0.08235887132613812 49 4 1 1.0 1 0.28487427258540376 0.1165176
true 0.07565851588422118 82 4 2 1.0 1 0.28487427258540376 0.177053
true 0.07342547460272271 67 4 3 1.0 1 0.28487427258540376 0.1576472
true 0.05506932031794545 167 4 4 1.0 1 0.28487427258540376 0.4064351
true 7.49612005801481e-8 98 6 1 0.0 1 0.0 0.3356108
true 3.263391487873246e-7 104 6 2 0.0 1 0.0 0.3924082
true 1.958474514969962e-7 203 6 3 0.0 1 0.0 0.6609397
true 9.078792513744771e-7 127 6 4 0.0 1 0.0 0.4292688
true 1.5987855112031824e-6 162 6 5 0.0 1 0.0 0.531484
true 0.33333386945487775 128 6 6 0.0 1 0.0 0.4649984
true 2.142272393368394e-7 103 6 1 0.01 1 9.75321858992617e-10 0.3521756
true 9.438325507260537e-8 97 6 2 0.01 1 9.75321858992617e-10 0.3158337
true 1.392021118003702e-7 128 6 3 0.01 1 9.75321858992617e-10 0.4245251
true 0.25000038801147395 122 6 4 0.01 1 9.75321858992617e-10 0.4359747
true 2.8903607959263054e-7 158 6 5 0.01 1 9.75321858992617e-10 0.5196453
true 6.917185249033508e-7 178 6 6 0.01 1 9.75321858992617e-10 0.6279866
true 2.5825413801916497e-7 101 6 1 0.02 1 1.3876132883984694e-8 0.375542
true 3.496831729454808e-7 190 6 2 0.02 1 1.3876132883984694e-8 0.5846191
true 8.551631077713395e-7 201 6 3 0.02 1 1.3876132883984694e-8 0.7137886
true 0.2500002504178833 123 6 4 0.02 1 1.3876132883984694e-8 0.4455788
true 0.20000029888965304 140 6 5 0.02 1 1.3876132883984694e-8 0.4837752
true 3.703064831532081e-7 143 6 6 0.02 1 1.3876132883984694e-8 0.5018583
true 2.545876270354519e-7 95 6 1 0.03 1 6.514617774288047e-8 0.3220986
true 2.725241407264267e-7 231 6 2 0.03 1 6.514617774288047e-8 0.737761
true 2.9789545430425335e-7 112 6 3 0.03 1 6.514617774288047e-8 0.4124875
true 0.25000045205253885 152 6 4 0.03 1 6.514617774288047e-8 0.5126961
true 0.4000002819782349 137 6 5 0.03 1 6.514617774288047e-8 0.4856745
true 0.1666671775043871 167 6 6 0.03 1 6.514617774288047e-8 0.5913602
true 1.4906023676486413e-7 81 6 1 0.04 1 1.9451342214953868e-7 0.2843997
true 1.172338038313292e-7 127 6 2 0.04 1 1.9451342214953868e-7 0.4227023
true 4.828575473532956e-7 111 6 3 0.04 1 1.9451342214953868e-7 0.3792217
true 0.25000150624048256 113 6 4 0.04 1 1.9451342214953868e-7 0.3782357
true 0.20000035411870476 176 6 5 0.04 1 1.9451342214953868e-7 0.6379598
true 9.843251718155699e-7 280 6 6 0.04 1 1.9451342214953868e-7 0.9341211
true 5.320562612709523e-7 111 6 1 0.05 1 4.534899036735454e-7 0.3853609
true 1.5628579275173138e-7 137 6 2 0.05 1 4.534899036735454e-7 0.4428051
true 5.08929293060086e-7 181 6 3 0.05 1 4.534899036735454e-7 0.5905631
true 2.521741015587553e-7 113 6 4 0.05 1 4.534899036735454e-7 0.4278723
true 5.701255173518049e-7 160 6 5 0.05 1 4.534899036735454e-7 0.5530384
true 0.16666870305210893 212 6 6 0.05 1 4.534899036735454e-7 0.7198863
true 2.269158894119272e-7 104 6 1 0.06 1 9.044862730796238e-7 0.3755927
true 2.5380947907271967e-7 129 6 2 0.06 1 9.044862730796238e-7 0.4075598
true 0.33333351848155307 140 6 3 0.06 1 9.044862730796238e-7 0.4705323
true 0.2500003661902863 113 6 4 0.06 1 9.044862730796238e-7 0.3860163
true 6.743845351153688e-7 114 6 5 0.06 1 9.044862730796238e-7 0.4362968
true 7.907133546536382e-7 136 6 6 0.06 1 9.044862730796238e-7 0.4997529
true 4.0224199820970696e-7 116 6 1 0.07 1 1.620507244588313e-6 0.4099724
true 3.166276861532591e-7 111 6 2 0.07 1 1.620507244588313e-6 0.4130091
true 3.471822138297516e-7 107 6 3 0.07 1 1.620507244588313e-6 0.428824
true 6.959747974460972e-7 204 6 4 0.07 1 1.620507244588313e-6 0.6451306
true 0.20000107112764343 154 6 5 0.07 1 1.620507244588313e-6 0.5357148
true 1.6480799392519045e-6 384 6 6 0.07 1 1.620507244588313e-6 1.3700668
true 4.1160031960529864e-7 108 6 1 0.08 1 2.6865744580997196e-6 0.3577719
true 3.694691385891513e-7 125 6 2 0.08 1 2.6865744580997196e-6 0.4197021
true 3.8242568541531813e-7 132 6 3 0.08 1 2.6865744580997196e-6 0.4721687
true 8.906979040018692e-7 146 6 4 0.08 1 2.6865744580997196e-6 0.4824401
true 0.2000006112608867 259 6 5 0.08 1 2.6865744580997196e-6 0.8461474
true 0.16666800212753177 203 6 6 0.08 1 2.6865744580997196e-6 0.7050473
true 4.483234586905027e-7 100 6 1 0.09 1 4.2117247491048234e-6 0.3400206
true 6.059780418288252e-7 146 6 2 0.09 1 4.2117247491048234e-6 0.4487026
true 4.4682382110972085e-7 118 6 3 0.09 1 4.2117247491048234e-6 0.4069414
true 1.4335260310194275e-6 123 6 4 0.09 1 4.2117247491048234e-6 0.4521304
true 0.20000213738769163 109 6 5 0.09 1 4.2117247491048234e-6 0.4198721
true 0.1666687887964965 318 6 6 0.09 1 4.2117247491048234e-6 1.2854172
true 5.904784604604529e-7 95 6 1 0.1 1 6.288481422309478e-6 0.4170374
true 5.416084229159512e-7 121 6 2 0.1 1 6.288481422309478e-6 0.4140426
true 5.439400040385678e-7 146 6 3 0.1 1 6.288481422309478e-6 0.55385
true 2.424075037976703e-6 138 6 4 0.1 1 6.288481422309478e-6 0.4997178
true 0.20000286364559408 116 6 5 0.1 1 6.288481422309478e-6 0.4660618
true 3.184606775554396e-6 231 6 6 0.1 1 6.288481422309478e-6 0.79851
true 7.863209591230103e-7 112 6 1 0.11 1 9.920046723210953e-6 0.3963164
true 8.03240053748322e-7 112 6 2 0.11 1 9.920046723210953e-6 0.4809262
true 7.896073917120402e-7 117 6 3 0.11 1 9.920046723210953e-6 0.4795708
true 2.98140241306033e-6 163 6 4 0.11 1 9.920046723210953e-6 0.6034953
true 4.204135861829439e-6 196 6 5 0.11 1 9.920046723210953e-6 0.7516944
true 0.16666771833421112 133 6 6 0.11 1 9.920046723210953e-6 0.5670764
true 1.1752487524274713e-6 99 6 1 0.12 1 1.4167013580723822e-5 0.3852069
true 1.3831001079989136e-6 152 6 2 0.12 1 1.4167013580723822e-5 0.5517523
true 1.3763761084195636e-6 209 6 3 0.12 1 1.4167013580723822e-5 0.8157516
true 0.00033068255744467256 119 6 4 0.12 1 1.4167013580723822e-5 0.4774272
true 6.508605167776515e-6 156 6 5 0.12 1 1.4167013580723822e-5 0.6137153
true 5.261010690510437e-6 173 6 6 0.12 1 1.4167013580723822e-5 0.7115776
true 9.569216532223646e-6 96 6 1 0.13 1 0.00012247871679834928 0.396576
true 5.7050775668365805e-6 109 6 2 0.13 1 0.00012247871679834928 0.4479308
true 0.33333700843559305 102 6 3 0.13 1 0.00012247871679834928 0.4596436
true 0.2500055442447132 114 6 4 0.13 1 0.00012247871679834928 0.4729516
true 0.20000427145048455 148 6 5 0.13 1 0.00012247871679834928 0.6024648
true 0.16670411475241495 178 6 6 0.13 1 0.00012247871679834928 0.7295614
true 4.307313472118324e-6 102 6 1 0.14 1 5.72578404831951e-5 0.4411714
true 3.4072239732119147e-6 107 6 2 0.14 1 5.72578404831951e-5 0.3979163
true 2.901440075605185e-6 143 6 3 0.14 1 5.72578404831951e-5 0.5517222
true 9.169388294233416e-6 163 6 4 0.14 1 5.72578404831951e-5 0.5988986
true 0.20000170736671263 132 6 5 0.14 1 5.72578404831951e-5 0.5495772
true 0.3333340852003123 211 6 6 0.14 1 5.72578404831951e-5 0.8024403
true 9.200949842025352e-6 98 6 1 0.15 1 0.00011676253018292078 0.38168
true 6.6307813410271255e-6 129 6 2 0.15 1 0.00011676253018292078 0.4811459
true 5.032149924625677e-6 121 6 3 0.15 1 0.00011676253018292078 0.493958
true 0.25000914355425397 129 6 4 0.15 1 0.00011676253018292078 0.4854974
true 1.859650721079964e-5 143 6 5 0.15 1 0.00011676253018292078 0.6035958
true 1.568682876548766e-5 253 6 6 0.15 1 0.00011676253018292078 1.0006532
true 1.285596404559941e-5 130 6 1 0.16 1 0.00016158603904299304 0.5104126
true 9.13880523173427e-6 116 6 2 0.16 1 0.00016158603904299304 0.4265564
true 7.474596483980633e-6 170 6 3 0.16 1 0.00016158603904299304 0.6738661
true 1.802361925117013e-5 250 6 4 0.16 1 0.00016158603904299304 1.0147331
true 0.2000044685039679 130 6 5 0.16 1 0.00016158603904299304 0.5561976
true 2.314639210875454e-5 129 6 6 0.16 1 0.00016158603904299304 0.5601981
true 4.697360676314544e-5 122 6 1 0.17 1 0.000536463443155198 0.4901353
true 2.7357529473137632e-5 111 6 2 0.17 1 0.000536463443155198 0.433807
true 2.0165804900384998e-5 118 6 3 0.17 1 0.000536463443155198 0.5014261
true 3.906770342955446e-5 128 6 4 0.17 1 0.000536463443155198 0.5092813
true 0.20003129940978442 124 6 5 0.17 1 0.000536463443155198 0.5268486
true 4.3408648266167006e-5 201 6 6 0.17 1 0.000536463443155198 0.7805991
true 0.0001356193933412242 96 6 1 0.18 1 0.001398108063733185 0.4132623
true 7.495335820431603e-5 115 6 2 0.18 1 0.001398108063733185 0.4371442
true 0.33329659556329405 97 6 3 0.18 1 0.001398108063733185 0.3934208
true 8.817327883933745e-5 135 6 4 0.18 1 0.001398108063733185 0.5299135
true 0.20005621548978483 127 6 5 0.18 1 0.001398108063733185 0.5329321
true 9.466154096064254e-5 225 6 6 0.18 1 0.001398108063733185 0.8764141
true 0.00023878622007339478 189 6 1 0.19 1 0.0023456711720873744 0.6812849
true 0.00013193232069066974 104 6 2 0.19 1 0.0023456711720873744 0.4145871
true 9.374958310283861e-5 139 6 3 0.19 1 0.0023456711720873744 0.5084916
true 0.25007170895125796 118 6 4 0.19 1 0.0023456711720873744 0.4711748
true 0.4000509277355057 143 6 5 0.19 1 0.0023456711720873744 0.5923215
true 0.0002745848746394571 143 6 6 0.19 1 0.0023456711720873744 0.5956338
true 0.0004950157545335898 120 6 1 0.2 1 0.004504687675768008 0.4591616
true 0.000271197726117417 179 6 2 0.2 1 0.004504687675768008 0.6227694
true 0.333503327080894 116 6 3 0.2 1 0.004504687675768008 0.4237195
true 0.00028857776964322235 267 6 4 0.2 1 0.004504687675768008 1.0025256
true 0.00034991932106301913 157 6 5 0.2 1 0.004504687675768008 0.6143385
true 0.00030201984574561763 185 6 6 0.2 1 0.004504687675768008 0.7168282
true 0.001684287972793741 96 6 1 0.21 1 0.013192803681484885 0.3886317
true 0.0010099366433989898 105 6 2 0.21 1 0.013192803681484885 0.4376313
true 0.0006467141722384199 108 6 3 0.21 1 0.013192803681484885 0.4311293
true 0.000925218432568084 149 6 4 0.21 1 0.013192803681484885 0.5681712
true 0.20043259977125055 115 6 5 0.21 1 0.013192803681484885 0.4933599
true 0.0009614701418089918 216 6 6 0.21 1 0.013192803681484885 0.8016629
true 0.005294792825291161 100 6 1 0.22 1 0.03514648515030565 0.3944488
true 0.0028899755379077907 105 6 2 0.22 1 0.03514648515030565 0.4297966
true 0.002042259336417792 127 6 3 0.22 1 0.03514648515030565 0.4908292
true 0.25276080080371677 122 6 4 0.22 1 0.03514648515030565 0.5040404
true 0.0034141590171125726 144 6 5 0.22 1 0.03514648515030565 0.5571337
true 0.002957058753913916 169 6 6 0.22 1 0.03514648515030565 0.7029501
true 0.059567956371036124 187 6 1 0.23 1 0.2400626437505589 0.6804637
true 0.03278295245624133 284 6 2 0.23 1 0.2400626437505589 1.016462
true 0.023214742233434577 122 6 3 0.23 1 0.2400626437505589 0.4843446
true 0.03205963316040501 166 6 4 0.23 1 0.2400626437505589 0.6642015
true 0.21397399213100363 116 6 5 0.23 1 0.2400626437505589 0.495558
true 0.03314014480109872 190 6 6 0.23 1 0.2400626437505589 0.7516995
true 0.22006510687111952 104 6 1 0.24 1 0.5594945557528007 0.4667619
true 0.12498317318573446 102 6 2 0.24 1 0.5594945557528007 0.4084363
true 0.08854815833364159 149 6 3 0.24 1 0.5594945557528007 0.5676724
true 0.12188184428807723 131 6 4 0.24 1 0.5594945557528007 0.5896315
true 0.1440562209897294 187 6 5 0.24 1 0.5594945557528007 0.7532116
true 0.2837002234624027 179 6 6 0.24 1 0.5594945557528007 0.7695615
true 0.3514639075544696 85 6 1 0.25 1 0.6825045855245673 0.3710066
true 0.28769125201426404 126 6 2 0.25 1 0.6825045855245673 0.4876034
true 0.15271531113084336 109 6 3 0.25 1 0.6825045855245673 0.4819648
true 0.20896561465582478 135 6 4 0.25 1 0.6825045855245673 0.5421215
true 0.24699497428848627 164 6 5 0.25 1 0.6825045855245673 0.6978794
true 0.29004050421144206 112 6 6 0.25 1 0.6825045855245673 0.5144181
true 0.36738440208227463 91 6 1 0.26 1 0.6906406215869202 0.3953341
true 0.23565890934461406 109 6 2 0.26 1 0.6906406215869202 0.4745755
true 0.16716837575156318 140 6 3 0.26 1 0.6906406215869202 0.5451609
true 0.22675606199592616 287 6 4 0.26 1 0.6906406215869202 1.1508098
true 0.26812838324709387 120 6 5 0.26 1 0.6906406215869202 0.5102841
true 0.2379157018455396 269 6 6 0.26 1 0.6906406215869202 1.1097975
true 0.3654006770781022 90 6 1 0.27 1 0.6912248319433528 0.3883633
true 0.23881377001439819 110 6 2 0.27 1 0.6912248319433528 0.4478785
true 0.18846064554726635 112 6 3 0.27 1 0.6912248319433528 0.4515485
true 0.4328760453982722 138 6 4 0.27 1 0.6912248319433528 0.5525706
true 0.2929376572708116 139 6 5 0.27 1 0.6912248319433528 0.5891643
true 0.4178332198765118 203 6 6 0.27 1 0.6912248319433528 0.8663451
true 0.3155677806504109 106 6 1 0.28 1 0.667600007654748 0.4185185
true 0.19647583418525644 102 6 2 0.28 1 0.667600007654748 0.4403935
true 0.14127646220991966 105 6 3 0.28 1 0.667600007654748 0.4534058
true 0.18960712731351978 154 6 4 0.28 1 0.667600007654748 0.6537617
true 0.3272830563541665 213 6 5 0.28 1 0.667600007654748 0.8592449
true 0.28295580462887765 160 6 6 0.28 1 0.667600007654748 0.6976234
true 0.11555998855444888 142 6 1 0.29 1 0.3921559143816515 0.5231641
true 0.06768536374272771 169 6 2 0.29 1 0.3921559143816515 0.6841152
true 0.049415958662094396 105 6 3 0.29 1 0.3921559143816515 0.4930042
true 0.06551872112282205 210 6 4 0.29 1 0.3921559143816515 0.8121095
true 0.22780254049741103 173 6 5 0.29 1 0.3921559143816515 0.7142077
true 0.19617464459097744 174 6 6 0.29 1 0.3921559143816515 0.7086118
true 0.20126689579846602 98 6 1 0.3 1 0.5494692946950424 0.3936074
true 0.12139136225424377 106 6 2 0.3 1 0.5494692946950424 0.4756778
true 0.0887903901065822 135 6 3 0.3 1 0.5494692946950424 0.5452281
true 0.11721026233366269 124 6 4 0.3 1 0.5494692946950424 0.5086903
true 0.2527734295415162 198 6 5 0.3 1 0.5494692946950424 0.8809308
true 0.27664682515961597 172 6 6 0.3 1 0.5494692946950424 0.7322035
true 0.252082488340095 90 6 1 0.31 1 0.6173237368701092 0.3972924
true 0.1567671580658828 106 6 2 0.31 1 0.6173237368701092 0.4594148
true 0.1149892833930664 108 6 3 0.31 1 0.6173237368701092 0.4984238
true 0.15100414224086817 228 6 4 0.31 1 0.6173237368701092 0.9900013
true 0.1764217188888138 151 6 5 0.31 1 0.6173237368701092 0.6438301
true 0.15883605932230319 155 6 6 0.31 1 0.6173237368701092 0.6887204
true 0.19496861819014943 167 6 1 0.32 1 0.5448201202960236 0.66851
true 0.11977150210534176 110 6 2 0.32 1 0.5448201202960236 0.4904273
true 0.27181378045044197 140 6 3 0.32 1 0.5448201202960236 0.5955354
true 0.11535896408369763 185 6 4 0.32 1 0.5448201202960236 0.6731652
true 0.24936386829758864 107 6 5 0.32 1 0.5448201202960236 0.4165544