g_converged min_loss iter nsites nqubits0 h nlayers SvN time
true 3.0036397868915543e-7 156 8 1 0.0 1 0.0 8.8587572
true 6.295151611102057e-8 338 8 1 0.0 2 0.0 5.047596
true 1.729285870055719e-8 584 8 1 0.0 3 0.0 13.7618018
true 3.5757998776420052e-6 1220 8 1 0.0 4 0.0 36.9545285
true 2.961568652537494e-7 152 8 2 0.0 1 0.0 1.0260653
true 1.5507814446480417e-7 556 8 2 0.0 2 0.0 6.5156851
true 1.3771385490718435e-5 3065 8 2 0.0 3 0.0 51.1661085
true 5.24578015764221e-5 2103 8 2 0.0 4 0.0 57.5126836
true 8.229878389887091e-8 441 8 3 0.0 1 0.0 2.7348305
true 1.7239440956255217e-7 875 8 3 0.0 2 0.0 11.0087803
true 3.912480224614138e-7 1378 8 3 0.0 3 0.0 26.4248755
true 1.7854167087364797e-5 1614 8 3 0.0 4 0.0 44.4609296
true 2.3617952808752118e-7 254 8 4 0.0 1 0.0 1.6533639
true 1.2699820502587444e-6 425 8 4 0.0 2 0.0 5.8857248
true 3.2962030081795657e-6 1552 8 4 0.0 3 0.0 28.1550219
true 1.5203742827318845e-5 1397 8 4 0.0 4 0.0 36.9051909
true 0.20000044602377426 213 8 5 0.0 1 0.0 1.5059996
true 3.807187297977244e-7 812 8 5 0.0 2 0.0 9.733344
true 8.108581548771366e-6 1355 8 5 0.0 3 0.0 26.4775861
true 2.6916645188146403e-5 4287 8 5 0.0 4 0.0 92.8628401
true 0.1666672109750107 180 8 6 0.0 1 0.0 1.3701465
true 0.08336159840082576 588 8 6 0.0 2 0.0 7.6618553
true 0.16668173073519502 1742 8 6 0.0 3 0.0 31.449852
true 1.5401064808332848e-5 1618 8 6 0.0 4 0.0 42.8115929
true 0.1428576474549582 368 8 7 0.0 1 0.0 2.4631903
true 3.2146360499640814e-6 1522 8 7 0.0 2 0.0 16.9141788
true 0.14286183064211475 2849 8 7 0.0 3 0.0 48.4794464
true 3.3941330553986593e-5 3958 8 7 0.0 4 0.0 85.2087217
true 1.3714652069563016e-6 211 8 8 0.0 1 0.0 1.6663656
true 3.7801289217570533e-6 1655 8 8 0.0 2 0.0 19.9084971
true 7.277808021305399e-5 2731 8 8 0.0 3 0.0 47.1249183
true 4.643379290493466e-6 5074 8 8 0.0 4 0.0 109.6338136
true 2.750401834061833e-7 164 8 1 0.01 1 9.753221371305747e-10 1.2072686
true 1.190428338126992e-7 425 8 1 0.01 2 9.753221371305747e-10 5.9798698
true 4.358901357082168e-7 789 8 1 0.01 3 9.753221371305747e-10 18.7350408
true 1.4793869539397875e-5 2398 8 1 0.01 4 9.753221371305747e-10 63.2712912
true 1.809822081089152e-7 273 8 2 0.01 1 9.753221371305747e-10 1.7620053
true 3.9133674695213116e-7 490 8 2 0.01 2 9.753221371305747e-10 6.3788643
true 4.931029211341365e-7 992 8 2 0.01 3 9.753221371305747e-10 20.194715
true 1.9055445605042909e-6 1182 8 2 0.01 4 9.753221371305747e-10 33.7199619
true 1.2530464268042016e-7 202 8 3 0.01 1 9.753221371305747e-10 1.3765301
true 4.686978809509412e-7 677 8 3 0.01 2 9.753221371305747e-10 8.9042605
true 1.6356333065588775e-5 1744 8 3 0.01 3 9.753221371305747e-10 28.9141899
true 2.996921559892766e-5 2122 8 3 0.01 4 9.753221371305747e-10 51.2793788
true 4.738305612039806e-7 314 8 4 0.01 1 9.753221371305747e-10 1.988876
true 3.0957966672129356e-7 469 8 4 0.01 2 9.753221371305747e-10 6.6415071
true 1.1274262159077786e-5 1294 8 4 0.01 3 9.753221371305747e-10 22.5313741
true 5.933961683690647e-7 1042 8 4 0.01 4 9.753221371305747e-10 29.0038415
true 0.2000005938779524 202 8 5 0.01 1 9.753221371305747e-10 1.4940759
true 0.10000020422653282 754 8 5 0.01 2 9.753221371305747e-10 10.0183648
true 1.1456148663580024e-5 2229 8 5 0.01 3 9.753221371305747e-10 37.8179577
true 8.299322494509375e-6 2587 8 5 0.01 4 9.753221371305747e-10 61.3220537
true 0.16666691203573603 168 8 6 0.01 1 9.753221371305747e-10 1.3472346
true 2.422327915289439e-7 1361 8 6 0.01 2 9.753221371305747e-10 15.6196008
true 2.0393149229414043e-5 2212 8 6 0.01 3 9.753221371305747e-10 40.0557516
true 2.5689497154276115e-5 3213 8 6 0.01 4 9.753221371305747e-10 76.5424331
true 0.28571460107922464 207 8 7 0.01 1 9.753221371305747e-10 1.5259337
true 4.9540658910321845e-6 3268 8 7 0.01 2 9.753221371305747e-10 36.9254729
true 3.681287419823479e-5 2122 8 7 0.01 3 9.753221371305747e-10 36.2925328
true 0.1428315737414745 2590 8 7 0.01 4 9.753221371305747e-10 61.1852931
true 0.12500122309502948 386 8 8 0.01 1 9.753221371305747e-10 2.7002732
true 6.664516027585221e-7 1682 8 8 0.01 2 9.753221371305747e-10 18.9936594
true 0.25000533669519215 1323 8 8 0.01 3 9.753221371305747e-10 25.1461014
true 1.1207289669599996e-5 3545 8 8 0.01 4 9.753221371305747e-10 82.1226361
true 3.9465268530936015e-7 176 8 1 0.02 1 1.3876094621442088e-8 1.1191292
true 7.380409278168187e-8 340 8 1 0.02 2 1.3876094621442088e-8 5.4538062
true 6.034644226549091e-7 599 8 1 0.02 3 1.3876094621442088e-8 13.7351456
true 1.2106823099600206e-6 1559 8 1 0.02 4 1.3876094621442088e-8 39.725762
true 6.906410708051869e-7 164 8 2 0.02 1 1.3876094621442088e-8 1.1249595
true 1.0470070924417652e-6 751 8 2 0.02 2 1.3876094621442088e-8 8.8899668
true 4.43632468205557e-7 990 8 2 0.02 3 1.3876094621442088e-8 18.7980984
true 1.0165326036926103e-5 1323 8 2 0.02 4 1.3876094621442088e-8 35.5543459
true 9.33055513944551e-7 172 8 3 0.02 1 1.3876094621442088e-8 1.1697348
true 1.6626826073414442e-5 644 8 3 0.02 2 1.3876094621442088e-8 8.1474091
true 2.506244953422628e-7 698 8 3 0.02 3 1.3876094621442088e-8 14.5547495
true 3.5803670643375085e-5 3765 8 3 0.02 4 1.3876094621442088e-8 84.0535927
true 8.723631370055607e-8 257 8 4 0.02 1 1.3876094621442088e-8 1.6236523
true 1.8257701810409088e-5 468 8 4 0.02 2 1.3876094621442088e-8 7.309129
true 4.173646210248183e-6 2293 8 4 0.02 3 1.3876094621442088e-8 39.6889436
true 4.041527283907276e-6 3715 8 4 0.02 4 1.3876094621442088e-8 87.478802
true 0.20000011146211388 222 8 5 0.02 1 1.3876094621442088e-8 1.5633273
true 1.837738584586912e-6 606 8 5 0.02 2 1.3876094621442088e-8 7.3909113
true 2.234612992234597e-5 1497 8 5 0.02 3 1.3876094621442088e-8 28.169966
true 4.695130904593947e-5 5501 8 5 0.02 4 1.3876094621442088e-8 115.8042595
true 0.16666781789154653 176 8 6 0.02 1 1.3876094621442088e-8 1.2608908
true 3.1755710495536458e-6 1637 8 6 0.02 2 1.3876094621442088e-8 17.7892967
true 1.5140315191073764e-5 2235 8 6 0.02 3 1.3876094621442088e-8 38.713773
true 1.4508358606909095e-6 7010 8 6 0.02 4 1.3876094621442088e-8 155.0088352
true 0.2857147244499834 227 8 7 0.02 1 1.3876094621442088e-8 1.6679081
true 1.4329659516674833e-6 1100 8 7 0.02 2 1.3876094621442088e-8 13.8199242
true 7.573310927710963e-6 2448 8 7 0.02 3 1.3876094621442088e-8 44.5980683
true 1.2187339131021688e-5 8184 8 7 0.02 4 1.3876094621442088e-8 186.2503037
true 0.25000065625353374 258 8 8 0.02 1 1.3876094621442088e-8 1.9458283
true 1.1231832560826271e-6 2089 8 8 0.02 2 1.3876094621442088e-8 24.8122368
true 0.0001587408878037863 2589 8 8 0.02 3 1.3876094621442088e-8 44.3631092
true 1.899218315330048e-5 2958 8 8 0.02 4 1.3876094621442088e-8 68.1119935
true 1.9693775371587563e-7 150 8 1 0.03 1 6.514499921251558e-8 1.0058137
true 8.789366090500295e-8 318 8 1 0.03 2 6.514499921251558e-8 4.6756769
true 1.881430963129871e-5 748 8 1 0.03 3 6.514499921251558e-8 14.8491503
true 6.277118450992436e-5 1069 8 1 0.03 4 6.514499921251558e-8 30.2047623
true 5.26913346843294e-7 243 8 2 0.03 1 6.514499921251558e-8 1.6615468
true 2.315545355180415e-7 522 8 2 0.03 2 6.514499921251558e-8 6.9460413
true 6.307704795482927e-6 902 8 2 0.03 3 6.514499921251558e-8 17.0214844
true 4.1735036296314254e-5 1435 8 2 0.03 4 6.514499921251558e-8 37.2596221
true 1.569535317454592e-7 185 8 3 0.03 1 6.514499921251558e-8 1.3497583
true 4.835285511909741e-6 1976 8 3 0.03 2 6.514499921251558e-8 21.3037028
true 2.3362054100510102e-7 961 8 3 0.03 3 6.514499921251558e-8 19.4077786
true 1.628506932986144e-5 3304 8 3 0.03 4 6.514499921251558e-8 70.7334351
true 8.327543378483515e-8 177 8 4 0.03 1 6.514499921251558e-8 1.1657181
true 1.4542334776102006e-6 893 8 4 0.03 2 6.514499921251558e-8 9.7986822
true 0.12500187434651447 938 8 4 0.03 3 6.514499921251558e-8 27.376136
true 6.847623285066717e-6 3816 8 4 0.03 4 6.514499921251558e-8 86.5733188
true 0.2000026504345004 212 8 5 0.03 1 6.514499921251558e-8 1.5121508
true 3.9982535188221036e-7 1952 8 5 0.03 2 6.514499921251558e-8 22.4675686
true 1.1698768437884422e-5 2039 8 5 0.03 3 6.514499921251558e-8 34.2740398
true 2.880831379816762e-5 2130 8 5 0.03 4 6.514499921251558e-8 51.97642
true 8.006203419304766e-7 189 8 6 0.03 1 6.514499921251558e-8 1.3959715
true 7.366354094151539e-6 928 8 6 0.03 2 6.514499921251558e-8 11.0401625
true 0.1666989465433476 872 8 6 0.03 3 6.514499921251558e-8 18.1546273
true 1.8549283992706316e-5 2202 8 6 0.03 4 6.514499921251558e-8 52.8856397
true 6.604846354920011e-7 262 8 7 0.03 1 6.514499921251558e-8 1.7428373
true 2.5605825510715315e-6 1168 8 7 0.03 2 6.514499921251558e-8 13.8932833
true 5.314050997970046e-6 2843 8 7 0.03 3 6.514499921251558e-8 47.7861569
true 2.9347297963920404e-6 3748 8 7 0.03 4 6.514499921251558e-8 82.611332
true 0.12500020292538502 302 8 8 0.03 1 6.514499921251558e-8 2.0632483
true 5.095622920496534e-6 1480 8 8 0.03 2 6.514499921251558e-8 16.4900188
true 8.379103271255461e-6 1862 8 8 0.03 3 6.514499921251558e-8 31.7001241
true 8.73783106904169e-6 2444 8 8 0.03 4 6.514499921251558e-8 58.4451958
true 3.218606577093386e-6 102 8 1 0.04 1 1.9450197052012196e-7 0.7135962
true 1.468849276931028e-6 462 8 1 0.04 2 1.9450197052012196e-7 5.784695
true 1.0152767442761501e-5 1293 8 1 0.04 3 1.9450197052012196e-7 23.292978
true 1.793308839204144e-7 2136 8 1 0.04 4 1.9450197052012196e-7 57.8300276
true 4.7447420298274423e-7 200 8 2 0.04 1 1.9450197052012196e-7 1.3056534
true 3.070598320387141e-6 564 8 2 0.04 2 1.9450197052012196e-7 7.0041868
true 4.003766838622802e-7 619 8 2 0.04 3 1.9450197052012196e-7 14.0401535
true 1.4922700734970595e-5 1574 8 2 0.04 4 1.9450197052012196e-7 42.0912571
true 0.33333341159580304 270 8 3 0.04 1 1.9450197052012196e-7 1.5501179
true 1.0452510565583939e-5 519 8 3 0.04 2 1.9450197052012196e-7 6.7793549
true 5.496949083157639e-6 1090 8 3 0.04 3 1.9450197052012196e-7 21.0857085
true 5.132330511692373e-7 5809 8 3 0.04 4 1.9450197052012196e-7 125.4440241
true 5.595660270557579e-7 235 8 4 0.04 1 1.9450197052012196e-7 1.4486463
true 7.847699786386886e-6 2621 8 4 0.04 2 1.9450197052012196e-7 28.6116023
true 1.684763859158278e-6 2185 8 4 0.04 3 1.9450197052012196e-7 35.1926463
true 5.133505185078713e-6 2324 8 4 0.04 4 1.9450197052012196e-7 56.7227313
true 0.20000050753462864 274 8 5 0.04 1 1.9450197052012196e-7 1.8037691
true 4.345238469261048e-7 1115 8 5 0.04 2 1.9450197052012196e-7 13.3575191
true 2.273808831443347e-7 691 8 5 0.04 3 1.9450197052012196e-7 14.2886731
true 2.1251916208331334e-5 1715 8 5 0.04 4 1.9450197052012196e-7 42.7992016
true 0.16666723093254712 299 8 6 0.04 1 1.9450197052012196e-7 2.1659038
true 0.08331035212262268 772 8 6 0.04 2 1.9450197052012196e-7 11.0693271
true 1.6586493399269504e-5 1137 8 6 0.04 3 1.9450197052012196e-7 22.1282924
true 1.246764533220183e-5 2265 8 6 0.04 4 1.9450197052012196e-7 53.8391483
true 4.941273407586623e-7 376 8 7 0.04 1 1.9450197052012196e-7 2.7877236
true 3.363099071849808e-5 3613 8 7 0.04 2 1.9450197052012196e-7 41.6478693
true 7.746995736151213e-6 2950 8 7 0.04 3 1.9450197052012196e-7 50.0677313
true 1.851198578976611e-5 2784 8 7 0.04 4 1.9450197052012196e-7 63.2823603
true 0.12500039645138855 211 8 8 0.04 1 1.9450197052012196e-7 1.4900927
true 6.438586165891103e-7 1097 8 8 0.04 2 1.9450197052012196e-7 12.6031364
true 7.493917393887328e-6 1741 8 8 0.04 3 1.9450197052012196e-7 29.8478981
true 0.12501015915600333 3058 8 8 0.04 4 1.9450197052012196e-7 72.6260966
true 2.195006542637934e-7 183 8 1 0.05 1 4.534186871824433e-7 1.2393554
true 4.398295807006569e-7 367 8 1 0.05 2 4.534186871824433e-7 4.8611582
true 1.4965103611319641e-6 590 8 1 0.05 3 4.534186871824433e-7 15.1151955
true 1.0243526338271636e-6 1232 8 1 0.05 4 4.534186871824433e-7 31.9146465
true 1.7247595224256784e-7 169 8 2 0.05 1 4.534186871824433e-7 1.1172793
true 2.0038913728370744e-7 405 8 2 0.05 2 4.534186871824433e-7 5.6425443
true 3.612229930102795e-5 986 8 2 0.05 3 4.534186871824433e-7 17.8769592
true 7.647312871866818e-6 2386 8 2 0.05 4 4.534186871824433e-7 54.8776102
true 1.1475066323078191e-7 201 8 3 0.05 1 4.534186871824433e-7 1.2993626
true 1.2065467414057451e-7 630 8 3 0.05 2 4.534186871824433e-7 7.6421363
true 1.0450658515422557e-6 793 8 3 0.05 3 4.534186871824433e-7 15.6323026
true 2.9171084540591252e-5 1722 8 3 0.05 4 4.534186871824433e-7 45.4079885
true 0.2500003296837844 213 8 4 0.05 1 4.534186871824433e-7 1.4112062
true 3.7279057922556813e-7 551 8 4 0.05 2 4.534186871824433e-7 7.2434437
true 9.672142714384213e-7 1113 8 4 0.05 3 4.534186871824433e-7 20.3150128
true 5.5891872630567385e-5 4765 8 4 0.05 4 4.534186871824433e-7 104.6721196
true 0.20000117292909278 202 8 5 0.05 1 4.534186871824433e-7 1.3088825
true 3.436295038072856e-7 722 8 5 0.05 2 4.534186871824433e-7 8.4353213
true 1.047834105505352e-5 2304 8 5 0.05 3 4.534186871824433e-7 41.1218917
true 3.551578194768146e-5 4615 8 5 0.05 4 4.534186871824433e-7 95.3482252
true 0.16666743281223464 223 8 6 0.05 1 4.534186871824433e-7 1.5666619
true 9.00315304317815e-7 2693 8 6 0.05 2 4.534186871824433e-7 29.3133662
true 1.766347228146503e-5 944 8 6 0.05 3 4.534186871824433e-7 18.6175491
true 0.08333756054946469 3088 8 6 0.05 4 4.534186871824433e-7 68.948769
true 9.654854360996445e-7 386 8 7 0.05 1 4.534186871824433e-7 2.3957683
true 9.30677005146961e-6 1513 8 7 0.05 2 4.534186871824433e-7 16.8149351
true 7.332378120989651e-6 1200 8 7 0.05 3 4.534186871824433e-7 22.5515374
true 9.29651559960736e-5 2059 8 7 0.05 4 4.534186871824433e-7 51.667685
true 6.237661623609281e-7 336 8 8 0.05 1 4.534186871824433e-7 2.1657874
true 2.6056624037804066e-6 1032 8 8 0.05 2 4.534186871824433e-7 12.0526499
true 0.12510691830870252 1508 8 8 0.05 3 4.534186871824433e-7 28.7570664
true 1.616665138812895e-5 1773 8 8 0.05 4 4.534186871824433e-7 43.0095982
true 1.9194791450738435e-7 155 8 1 0.06 1 9.041374472960501e-7 0.9906197
true 1.587072259723321e-7 616 8 1 0.06 2 9.041374472960501e-7 7.8865854
true 3.0354119315845196e-6 1384 8 1 0.06 3 9.041374472960501e-7 25.3094338
true 2.0653816001914294e-7 1483 8 1 0.06 4 9.041374472960501e-7 43.6952805
true 1.5146638465690643e-7 219 8 2 0.06 1 9.041374472960501e-7 1.302552
true 3.2507311202023548e-6 712 8 2 0.06 2 9.041374472960501e-7 8.6938014
true 4.7385118005505156e-6 968 8 2 0.06 3 9.041374472960501e-7 18.7256275
true 6.417535721725542e-7 1661 8 2 0.06 4 9.041374472960501e-7 41.1917382
true 4.118331690672328e-7 162 8 3 0.06 1 9.041374472960501e-7 1.083069
true 1.6771891283203408e-7 417 8 3 0.06 2 9.041374472960501e-7 5.6346188
true 1.0152540597182144e-5 2094 8 3 0.06 3 9.041374472960501e-7 34.5299028
true 5.8017162029984824e-5 3929 8 3 0.06 4 9.041374472960501e-7 87.4918506
true 0.2500002668709981 203 8 4 0.06 1 9.041374472960501e-7 1.432606
true 2.84759949555069e-6 631 8 4 0.06 2 9.041374472960501e-7 8.0420233
true 7.113914434336843e-7 2102 8 4 0.06 3 9.041374472960501e-7 35.7124025
true 4.780440327867286e-6 2192 8 4 0.06 4 9.041374472960501e-7 50.9523513
true 0.2000005671318812 201 8 5 0.06 1 9.041374472960501e-7 1.3600256
true 5.256340129711212e-7 2676 8 5 0.06 2 9.041374472960501e-7 29.4930056
true 1.4821818418508937e-5 2040 8 5 0.06 3 9.041374472960501e-7 34.9310188
true 8.240404503511156e-5 2834 8 5 0.06 4 9.041374472960501e-7 64.8870834
true 0.16666731175916713 288 8 6 0.06 1 9.041374472960501e-7 1.8818987
true 1.0660694588863577e-6 1527 8 6 0.06 2 9.041374472960501e-7 16.9517798
true 1.4698510081105158e-6 2910 8 6 0.06 3 9.041374472960501e-7 50.3519272
true 9.93526546035628e-5 3697 8 6 0.06 4 9.041374472960501e-7 81.0759859
true 0.14285748377757904 303 8 7 0.06 1 9.041374472960501e-7 2.1466429
true 1.2708103928615877e-6 1625 8 7 0.06 2 9.041374472960501e-7 18.0497915
true 6.165736209238849e-6 1238 8 7 0.06 3 9.041374472960501e-7 22.7687022
true 1.61019455457434e-5 4193 8 7 0.06 4 9.041374472960501e-7 88.9434011
true 0.37500129797174636 274 8 8 0.06 1 9.041374472960501e-7 1.9027813
true 5.6386185493403906e-5 1287 8 8 0.06 2 9.041374472960501e-7 15.1297735
true 7.926197562860282e-6 1590 8 8 0.06 3 9.041374472960501e-7 28.0416727
true 4.097298001708161e-6 3687 8 8 0.06 4 9.041374472960501e-7 83.4081831
true 1.7127546708683994e-7 173 8 1 0.07 1 1.6189768904833955e-6 1.1553964
true 3.2061454663390165e-7 365 8 1 0.07 2 1.6189768904833955e-6 5.1667559
true 5.113014535285121e-5 669 8 1 0.07 3 1.6189768904833955e-6 14.9747289
true 2.7845446765040194e-7 1121 8 1 0.07 4 1.6189768904833955e-6 33.2706756
true 1.8689494787893501e-7 161 8 2 0.07 1 1.6189768904833955e-6 1.2752338
true 3.380762688964811e-7 1370 8 2 0.07 2 1.6189768904833955e-6 15.9097856
true 1.0703799055905572e-5 1376 8 2 0.07 3 1.6189768904833955e-6 23.8862727
true 3.390061473523831e-5 2349 8 2 0.07 4 1.6189768904833955e-6 53.5711916
true 0.33333347375307176 147 8 3 0.07 1 1.6189768904833955e-6 1.0139632
true 3.4249089591413076e-6 815 8 3 0.07 2 1.6189768904833955e-6 9.2646078
true 6.045296094825403e-7 1019 8 3 0.07 3 1.6189768904833955e-6 18.7110165
true 5.856760618686933e-6 1723 8 3 0.07 4 1.6189768904833955e-6 42.8504993
true 1.9606273859995582e-7 212 8 4 0.07 1 1.6189768904833955e-6 1.3447714
true 2.8071755241165786e-6 1174 8 4 0.07 2 1.6189768904833955e-6 13.3992238
true 2.9978689373238998e-5 1494 8 4 0.07 3 1.6189768904833955e-6 25.9189042
true 2.26990167525587e-5 2081 8 4 0.07 4 1.6189768904833955e-6 49.4605094
true 0.20000011355754813 238 8 5 0.07 1 1.6189768904833955e-6 1.5410921
true 7.672739229636072e-7 977 8 5 0.07 2 1.6189768904833955e-6 11.2198253
true 1.5664008855997835e-6 1107 8 5 0.07 3 1.6189768904833955e-6 20.0339126
true 4.5969512322008296e-5 1996 8 5 0.07 4 1.6189768904833955e-6 47.9372645
true 0.166667459783572 288 8 6 0.07 1 1.6189768904833955e-6 1.8684165
true 4.445940638475587e-6 1567 8 6 0.07 2 1.6189768904833955e-6 17.3235627
true 2.3463735843609612e-5 2862 8 6 0.07 3 1.6189768904833955e-6 46.9209903
true 4.445867194228607e-5 3796 8 6 0.07 4 1.6189768904833955e-6 85.0405827
true 0.28571478246807913 292 8 7 0.07 1 1.6189768904833955e-6 1.9677652
true 6.872943333981395e-6 1036 8 7 0.07 2 1.6189768904833955e-6 12.1360038
true 8.703838298270863e-7 1035 8 7 0.07 3 1.6189768904833955e-6 20.637257
true 0.07146005350489215 3814 8 7 0.07 4 1.6189768904833955e-6 87.0511751
true 0.37500060684058556 313 8 8 0.07 1 1.6189768904833955e-6 2.1651522
true 0.2500584633994315 902 8 8 0.07 2 1.6189768904833955e-6 11.1224303
true 9.617110356112402e-5 3320 8 8 0.07 3 1.6189768904833955e-6 53.819718
true 5.34014863002516e-5 4038 8 8 0.07 4 1.6189768904833955e-6 88.0386611
true 3.0267375322745593e-7 235 8 1 0.08 1 2.6798230228707025e-6 1.5033385
true 5.169498757784385e-6 453 8 1 0.08 2 2.6798230228707025e-6 5.934438
true 3.2639594772509994e-6 661 8 1 0.08 3 2.6798230228707025e-6 14.4682748
true 7.079082921523927e-7 1062 8 1 0.08 4 2.6798230228707025e-6 32.7431805
true 4.354040048226704e-7 272 8 2 0.08 1 2.6798230228707025e-6 1.6012956
true 5.077095216465821e-7 368 8 2 0.08 2 2.6798230228707025e-6 5.4607648
true 9.890075574198187e-6 1680 8 2 0.08 3 2.6798230228707025e-6 29.4120747
true 1.0513360829994545e-5 1484 8 2 0.08 4 2.6798230228707025e-6 46.9337331
true 5.94216855738979e-7 191 8 3 0.08 1 2.6798230228707025e-6 1.3234779
true 3.690337002648647e-7 623 8 3 0.08 2 2.6798230228707025e-6 8.278856
true 1.510356861393151e-6 780 8 3 0.08 3 2.6798230228707025e-6 17.6106851
true 6.071910047030412e-5 3494 8 3 0.08 4 2.6798230228707025e-6 83.2518008
true 3.3715519956456497e-7 282 8 4 0.08 1 2.6798230228707025e-6 1.9869274
true 1.193131073065623e-6 786 8 4 0.08 2 2.6798230228707025e-6 9.6230625
true 2.2132455939821716e-5 3717 8 4 0.08 3 2.6798230228707025e-6 61.0767782
true 8.212305473848103e-6 2594 8 4 0.08 4 2.6798230228707025e-6 61.8559619
true 2.8793824193851234e-7 314 8 5 0.08 1 2.6798230228707025e-6 2.1802942
true 2.2594126159236615e-6 629 8 5 0.08 2 2.6798230228707025e-6 8.3513221
true 7.423610465895347e-6 1599 8 5 0.08 3 2.6798230228707025e-6 29.5228474
true 2.8116862642446618e-5 2641 8 5 0.08 4 2.6798230228707025e-6 66.1972384
true 0.3333349131057628 240 8 6 0.08 1 2.6798230228707025e-6 1.5971473
true 5.683747494813114e-6 2280 8 6 0.08 2 2.6798230228707025e-6 27.2766269
true 3.093570018026607e-5 3097 8 6 0.08 3 2.6798230228707025e-6 53.3469733
true 3.7643980124087615e-6 3335 8 6 0.08 4 2.6798230228707025e-6 81.5261098
true 0.14285865507878462 342 8 7 0.08 1 2.6798230228707025e-6 2.2875353
true 0.0004967544603913481 2544 8 7 0.08 2 2.6798230228707025e-6 29.7083251
true 1.0994039883757292e-5 1191 8 7 0.08 3 2.6798230228707025e-6 23.7185268
true 1.7618929316898235e-5 2638 8 7 0.08 4 2.6798230228707025e-6 67.2899538
true 1.2701501516318436e-6 240 8 8 0.08 1 2.6798230228707025e-6 1.805391
true 2.334965214075002e-6 1546 8 8 0.08 2 2.6798230228707025e-6 18.9849279
true 1.3212067492975044e-5 3152 8 8 0.08 3 2.6798230228707025e-6 57.6019549
true 6.4597734583324296e-6 3192 8 8 0.08 4 2.6798230228707025e-6 82.1980583
true 3.6613720033606967e-7 238 8 1 0.09 1 4.177754222831366e-6 1.6002921
true 7.21482679100216e-7 397 8 1 0.09 2 4.177754222831366e-6 5.6984687
true 1.2670722210450514e-5 1307 8 1 0.09 3 4.177754222831366e-6 25.918461
true 1.452300542814644e-5 1251 8 1 0.09 4 4.177754222831366e-6 44.3861605
true 4.3607545852086815e-7 190 8 2 0.09 1 4.177754222831366e-6 1.4052467
true 5.362139770537233e-7 472 8 2 0.09 2 4.177754222831366e-6 6.9605154
true 2.9858795295711893e-6 760 8 2 0.09 3 4.177754222831366e-6 16.0606122
true 6.648577506565556e-5 3555 8 2 0.09 4 4.177754222831366e-6 82.6311365
true 5.62763318371721e-7 184 8 3 0.09 1 4.177754222831366e-6 1.3453332
true 2.353314544937627e-6 2111 8 3 0.09 2 4.177754222831366e-6 25.7473166
true 1.204373719141764e-5 1741 8 3 0.09 3 4.177754222831366e-6 31.792614
true 2.6216155483297737e-5 3626 8 3 0.09 4 4.177754222831366e-6 81.6549703
true 5.748673056193976e-7 260 8 4 0.09 1 4.177754222831366e-6 1.7943308
true 9.655788919676889e-6 1008 8 4 0.09 2 4.177754222831366e-6 12.1131236
true 3.997451964665721e-6 1364 8 4 0.09 3 4.177754222831366e-6 24.3741836
true 1.207520676339835e-5 18612 8 4 0.09 4 4.177754222831366e-6 412.562722
true 5.782417067723422e-7 174 8 5 0.09 1 4.177754222831366e-6 1.4119053
true 4.067162702570126e-6 979 8 5 0.09 2 4.177754222831366e-6 12.7360428
true 0.20001124878500728 1503 8 5 0.09 3 4.177754222831366e-6 28.78286
true 6.863550377189665e-6 3720 8 5 0.09 4 4.177754222831366e-6 90.0807782
true 1.6871694627125973e-6 271 8 6 0.09 1 4.177754222831366e-6 1.807845
true 4.571643835225385e-6 781 8 6 0.09 2 4.177754222831366e-6 10.009745
true 5.316293656465465e-6 2198 8 6 0.09 3 4.177754222831366e-6 42.3977714
true 0.08335409188581423 2751 8 6 0.09 4 4.177754222831366e-6 65.5585184
true 0.14285905482181585 222 8 7 0.09 1 4.177754222831366e-6 1.6599346
true 2.95661930891208e-6 1023 8 7 0.09 2 4.177754222831366e-6 12.203245
true 0.14286034856716676 1566 8 7 0.09 3 4.177754222831366e-6 30.3746626
true 1.6165753328316918e-5 3232 8 7 0.09 4 4.177754222831366e-6 83.648435
true 0.37500149925001197 312 8 8 0.09 1 4.177754222831366e-6 2.3392613
true 1.8678221149218133e-5 2783 8 8 0.09 2 4.177754222831366e-6 34.295978
true 0.12500742243906376 1950 8 8 0.09 3 4.177754222831366e-6 35.6462521
true 9.539119414418706e-6 2223 8 8 0.09 4 4.177754222831366e-6 57.6895549
true 5.294103862518718e-7 165 8 1 0.1 1 6.212771328167428e-6 1.1238322
true 9.62004523652471e-7 425 8 1 0.1 2 6.212771328167428e-6 6.514507
true 4.814251858498153e-6 949 8 1 0.1 3 6.212771328167428e-6 20.6947728
true 1.2254569469793974e-5 1556 8 1 0.1 4 6.212771328167428e-6 41.4307926
true 7.482842473705009e-7 159 8 2 0.1 1 6.212771328167428e-6 1.1842383
true 9.990066409393261e-7 672 8 2 0.1 2 6.212771328167428e-6 8.5391702
true 7.594537644595167e-6 1009 8 2 0.1 3 6.212771328167428e-6 20.4554249
true 2.1203175371520278e-5 1710 8 2 0.1 4 6.212771328167428e-6 44.8852166
true 5.660981526323106e-7 276 8 3 0.1 1 6.212771328167428e-6 2.0068786
true 2.0368061644145583e-6 578 8 3 0.1 2 6.212771328167428e-6 7.9125538
true 6.009703929406769e-6 1020 8 3 0.1 3 6.212771328167428e-6 21.4013115
true 1.0633682748525016e-5 1138 8 3 0.1 4 6.212771328167428e-6 32.6519941
true 5.798832132669629e-7 241 8 4 0.1 1 6.212771328167428e-6 1.9793281
true 2.3527373502169047e-5 921 8 4 0.1 2 6.212771328167428e-6 12.4667837
true 0.12499130783657707 937 8 4 0.1 3 6.212771328167428e-6 19.1901868
true 1.174459275302131e-5 3209 8 4 0.1 4 6.212771328167428e-6 75.640732
true 1.0215633509891298e-6 404 8 5 0.1 1 6.212771328167428e-6 2.7713437
true 0.00010781869278275735 1707 8 5 0.1 2 6.212771328167428e-6 20.5256789
true 3.5203488185864274e-6 1169 8 5 0.1 3 6.212771328167428e-6 22.8203023
true 1.738553644811125e-5 1491 8 5 0.1 4 6.212771328167428e-6 39.8010569
true 1.8163093791305023e-6 415 8 6 0.1 1 6.212771328167428e-6 3.0298887
true 5.139002973451416e-6 536 8 6 0.1 2 6.212771328167428e-6 8.0867575
true 9.6618462893198e-6 3344 8 6 0.1 3 6.212771328167428e-6 58.0293719
true 4.6082072593258326e-5 5235 8 6 0.1 4 6.212771328167428e-6 125.6473517
true 2.399153426480005e-6 322 8 7 0.1 1 6.212771328167428e-6 2.4530955
true 3.201953429240615e-6 1255 8 7 0.1 2 6.212771328167428e-6 15.292763
true 3.7573057097918728e-6 1486 8 7 0.1 3 6.212771328167428e-6 28.4119555
true 3.082648314285079e-5 5616 8 7 0.1 4 6.212771328167428e-6 129.0635718
true 0.25000191640048575 336 8 8 0.1 1 6.212771328167428e-6 2.429947
true 7.79801944535835e-6 2609 8 8 0.1 2 6.212771328167428e-6 30.9630428
true 3.819352252918545e-5 3025 8 8 0.1 3 6.212771328167428e-6 55.8410027
true 7.884726943956089e-6 2704 8 8 0.1 4 6.212771328167428e-6 70.3390367
true 9.607119663690433e-7 172 8 1 0.11 1 8.89354271946002e-6 1.1872456
true 1.280145087823037e-6 350 8 1 0.11 2 8.89354271946002e-6 5.4684861
true 1.7547001036621879e-6 628 8 1 0.11 3 8.89354271946002e-6 15.4434261
true 1.6353577478034342e-5 1162 8 1 0.11 4 8.89354271946002e-6 32.6808541
true 9.011314099360845e-7 164 8 2 0.11 1 8.89354271946002e-6 1.2216809
true 1.3117685118690936e-6 807 8 2 0.11 2 8.89354271946002e-6 10.6994468
true 1.9097048580052345e-5 1587 8 2 0.11 3 8.89354271946002e-6 30.2958876
true 3.5591138641155595e-5 2244 8 2 0.11 4 8.89354271946002e-6 52.7244522
true 7.003251872676289e-7 434 8 3 0.11 1 8.89354271946002e-6 2.8133209
true 1.3074120829292823e-6 789 8 3 0.11 2 8.89354271946002e-6 9.4640727
true 7.703836840307806e-6 1124 8 3 0.11 3 8.89354271946002e-6 25.5675205
true 3.5549183420543105e-5 4726 8 3 0.11 4 8.89354271946002e-6 107.5599639
true 0.2500134929478908 144 8 4 0.11 1 8.89354271946002e-6 1.2158986
true 2.670486738381994e-6 1119 8 4 0.11 2 8.89354271946002e-6 13.5427335
true 7.054495418989948e-6 4576 8 4 0.11 3 8.89354271946002e-6 78.2095859
true 0.00013772314312197886 1798 8 4 0.11 4 8.89354271946002e-6 51.0353781
true 0.200000761680113 378 8 5 0.11 1 8.89354271946002e-6 2.8557444
true 3.186479842776091e-6 1139 8 5 0.11 2 8.89354271946002e-6 14.4220724
true 5.327602075633208e-6 1912 8 5 0.11 3 8.89354271946002e-6 37.3934433
true 1.389159964380049e-5 2009 8 5 0.11 4 8.89354271946002e-6 56.4780054
true 0.33333548243989797 251 8 6 0.11 1 8.89354271946002e-6 1.9957598
true 4.602862840532203e-6 1364 8 6 0.11 2 8.89354271946002e-6 16.5028878
true 1.0458521205874982e-5 2295 8 6 0.11 3 8.89354271946002e-6 40.0682785
true 7.685729670794025e-6 1532 8 6 0.11 4 8.89354271946002e-6 44.6216317
true 0.2857170732290162 172 8 7 0.11 1 8.89354271946002e-6 1.4698937
true 0.1428639274764127 1521 8 7 0.11 2 8.89354271946002e-6 19.0150026
true 4.780685263756317e-6 2274 8 7 0.11 3 8.89354271946002e-6 41.784637
true 9.18923604369721e-6 3733 8 7 0.11 4 8.89354271946002e-6 90.4342512
true 0.12500292149203535 267 8 8 0.11 1 8.89354271946002e-6 2.0823989
true 0.10153865800823567 2145 8 8 0.11 2 8.89354271946002e-6 25.4759852
true 1.2544835377568953e-5 2146 8 8 0.11 3 8.89354271946002e-6 38.6109037
true 2.628042501275074e-5 3095 8 8 0.11 4 8.89354271946002e-6 71.297102
true 1.142681016197411e-6 233 8 1 0.12 1 1.2337527774640828e-5 1.5865468
true 4.207613362783302e-6 632 8 1 0.12 2 1.2337527774640828e-5 8.1304657
true 7.262010162822907e-6 1265 8 1 0.12 3 1.2337527774640828e-5 25.3683468
true 6.054293771762254e-6 1546 8 1 0.12 4 1.2337527774640828e-5 44.127566
true 1.1814565283874146e-6 155 8 2 0.12 1 1.2337527774640828e-5 1.1088565
true 4.88519985208935e-6 901 8 2 0.12 2 1.2337527774640828e-5 11.7473837
true 1.3801732180906967e-5 649 8 2 0.12 3 1.2337527774640828e-5 14.0291537
true 1.4501966197150162e-5 1609 8 2 0.12 4 1.2337527774640828e-5 40.8871463
true 0.33333313075215304 126 8 3 0.12 1 1.2337527774640828e-5 0.9969453
true 3.4651702431331977e-6 1175 8 3 0.12 2 1.2337527774640828e-5 14.3219994
true 8.574197608894144e-6 1511 8 3 0.12 3 1.2337527774640828e-5 29.6200408
true 7.876042532513802e-6 1366 8 3 0.12 4 1.2337527774640828e-5 38.6088407
true 1.2192249812803535e-6 178 8 4 0.12 1 1.2337527774640828e-5 1.335193
true 6.168049673682674e-6 478 8 4 0.12 2 1.2337527774640828e-5 7.1760611
true 2.431158547185064e-5 1630 8 4 0.12 3 1.2337527774640828e-5 29.1003756
true 3.1960510760542515e-5 2107 8 4 0.12 4 1.2337527774640828e-5 49.798755
true 1.269906549328237e-6 401 8 5 0.12 1 1.2337527774640828e-5 2.6650865
true 6.632266980477475e-6 1341 8 5 0.12 2 1.2337527774640828e-5 15.5142805
true 5.942504348244171e-6 889 8 5 0.12 3 1.2337527774640828e-5 18.0864747
true 6.12681621642297e-6 1566 8 5 0.12 4 1.2337527774640828e-5 40.7367541
true 3.3380173543503164e-6 217 8 6 0.12 1 1.2337527774640828e-5 1.6293048
true 6.61647362739289e-6 895 8 6 0.12 2 1.2337527774640828e-5 11.7132718
true 9.038629637682835e-6 1651 8 6 0.12 3 1.2337527774640828e-5 30.1766531
true 5.020004002718551e-5 3425 8 6 0.12 4 1.2337527774640828e-5 77.6027912
true 0.1428617873008408 322 8 7 0.12 1 1.2337527774640828e-5 2.4544565
true 1.2201720960233356e-5 1508 8 7 0.12 2 1.2337527774640828e-5 17.8837375
true 1.1254259037426653e-5 1550 8 7 0.12 3 1.2337527774640828e-5 27.8970853
true 3.270861589650874e-5 1918 8 7 0.12 4 1.2337527774640828e-5 47.6102893
true 0.00026362924754937817 723 8 8 0.12 1 1.2337527774640828e-5 5.251317
true 4.970439828944073e-6 1150 8 8 0.12 2 1.2337527774640828e-5 13.6881562
true 1.3889642981865236e-5 1982 8 8 0.12 3 1.2337527774640828e-5 35.7551902
true 0.00029684113565155157 3496 8 8 0.12 4 1.2337527774640828e-5 79.9962624
true 1.4149965552601174e-6 181 8 1 0.13 1 1.667115612822946e-5 1.2968901
true 1.994245997838373e-6 337 8 1 0.13 2 1.667115612822946e-5 5.2058968
true 1.308950829004285e-6 763 8 1 0.13 3 1.667115612822946e-5 15.3974664
true 5.3998967989410396e-5 1507 8 1 0.13 4 1.667115612822946e-5 42.5900523
true 1.3772008238543965e-6 212 8 2 0.13 1 1.667115612822946e-5 1.4033436
true 4.840302626762938e-6 1122 8 2 0.13 2 1.667115612822946e-5 14.196496
true 1.7721778148654943e-5 1400 8 2 0.13 3 1.667115612822946e-5 25.1306083
true 1.4172742335255561e-5 1734 8 2 0.13 4 1.667115612822946e-5 44.1167559
true 1.4007868579339149e-6 209 8 3 0.13 1 1.667115612822946e-5 1.380396
true 5.497552204950887e-7 730 8 3 0.13 2 1.667115612822946e-5 9.0274747
true 6.779234255775239e-6 989 8 3 0.13 3 1.667115612822946e-5 22.0501186
true 7.317855428012887e-6 2741 8 3 0.13 4 1.667115612822946e-5 63.4779529
true 1.9936277736720687e-6 197 8 4 0.13 1 1.667115612822946e-5 1.3943102
true 9.398686107511822e-6 666 8 4 0.13 2 1.667115612822946e-5 8.9140468
true 2.1233376980442364e-5 796 8 4 0.13 3 1.667115612822946e-5 16.2385019
true 4.506646687843507e-6 1558 8 4 0.13 4 1.667115612822946e-5 39.5590647
true 1.7370716050124635e-6 271 8 5 0.13 1 1.667115612822946e-5 1.9273577
true 6.029634987847477e-6 697 8 5 0.13 2 1.667115612822946e-5 8.8809928
true 7.17096739619727e-6 1115 8 5 0.13 3 1.667115612822946e-5 22.0707279
true 5.182382206136982e-5 3484 8 5 0.13 4 1.667115612822946e-5 77.529779
true 0.16667097392960295 225 8 6 0.13 1 1.667115612822946e-5 1.7095454
true 1.4013145658973528e-5 2960 8 6 0.13 2 1.667115612822946e-5 33.6451437
true 9.391447704186021e-6 1396 8 6 0.13 3 1.667115612822946e-5 30.2943979
true 2.6313886462107455e-5 1843 8 6 0.13 4 1.667115612822946e-5 46.563291
true 0.28571505451381274 192 8 7 0.13 1 1.667115612822946e-5 1.4628676
true 9.240353524025175e-6 628 8 7 0.13 2 1.667115612822946e-5 8.4607792
true 6.662038899834284e-6 1838 8 7 0.13 3 1.667115612822946e-5 31.8532406
true 6.816775037879077e-5 2256 8 7 0.13 4 1.667115612822946e-5 57.3970184
true 0.25000532295657235 302 8 8 0.13 1 1.667115612822946e-5 2.212941
true 7.071406721861906e-6 1772 8 8 0.13 2 1.667115612822946e-5 21.5605965
true 9.662443920678554e-6 2294 8 8 0.13 3 1.667115612822946e-5 39.6701749
true 1.6449709530887147e-5 7111 8 8 0.13 4 1.667115612822946e-5 168.7387035
true 1.903668181202356e-6 166 8 1 0.14 1 2.202898740416792e-5 1.2923148
true 4.105106534590952e-6 376 8 1 0.14 2 2.202898740416792e-5 5.3526059
true 2.1804170445227644e-5 765 8 1 0.14 3 2.202898740416792e-5 15.4497663
true 2.2698761598438644e-5 1226 8 1 0.14 4 2.202898740416792e-5 39.2609774
true 2.0528832585520185e-6 273 8 2 0.14 1 2.202898740416792e-5 1.9319635
true 7.158955985325788e-6 545 8 2 0.14 2 2.202898740416792e-5 7.5374199
true 1.7888163910045884e-5 977 8 2 0.14 3 2.202898740416792e-5 19.6770902
true 3.5659994803205475e-5 1453 8 2 0.14 4 2.202898740416792e-5 37.6238017
true 2.0681146439827103e-6 146 8 3 0.14 1 2.202898740416792e-5 1.1756624
true 3.3242504956324894e-6 397 8 3 0.14 2 2.202898740416792e-5 5.9356485
true 9.09378095457584e-6 2251 8 3 0.14 3 2.202898740416792e-5 39.4524955
true 1.1325461352869789e-5 1524 8 3 0.14 4 2.202898740416792e-5 41.8962985
true 0.25000117824792417 240 8 4 0.14 1 2.202898740416792e-5 1.746261
true 9.76892731832657e-6 497 8 4 0.14 2 2.202898740416792e-5 6.9039158
true 1.329525356814909e-5 1803 8 4 0.14 3 2.202898740416792e-5 34.5047349
true 2.7796614269673392e-5 3090 8 4 0.14 4 2.202898740416792e-5 72.4338493
true 0.20000135127209995 213 8 5 0.14 1 2.202898740416792e-5 1.6022256
true 8.084002955477398e-6 595 8 5 0.14 2 2.202898740416792e-5 8.1530225
true 3.60422863661447e-5 2428 8 5 0.14 3 2.202898740416792e-5 41.7379356
true 2.585206954525132e-5 5090 8 5 0.14 4 2.202898740416792e-5 109.759167
true 4.5981080536753684e-5 228 8 6 0.14 1 2.202898740416792e-5 1.7014277
true 1.2838564189654456e-5 1349 8 6 0.14 2 2.202898740416792e-5 16.3881715
true 6.178599021191185e-5 3444 8 6 0.14 3 2.202898740416792e-5 57.594388
true 1.0332713670541116e-5 4294 8 6 0.14 4 2.202898740416792e-5 106.023461
true 0.1428651221495833 240 8 7 0.14 1 2.202898740416792e-5 1.8089778
true 1.0076213137374549e-5 3099 8 7 0.14 2 2.202898740416792e-5 39.4109976
true 9.671456893654642e-6 1664 8 7 0.14 3 2.202898740416792e-5 30.6347396
true 1.80981409637864e-5 3353 8 7 0.14 4 2.202898740416792e-5 76.5065374
true 0.3750005225628447 214 8 8 0.14 1 2.202898740416792e-5 1.6764679
true 9.057471048359855e-6 1631 8 8 0.14 2 2.202898740416792e-5 19.1130937
true 0.12500907610758746 1352 8 8 0.14 3 2.202898740416792e-5 25.3064981
true 1.6005508791758216e-5 6913 8 8 0.14 4 2.202898740416792e-5 154.0731583
true 2.5649145748429802e-6 153 8 1 0.15 1 2.855544248865359e-5 1.1322522
true 3.714226117851327e-5 378 8 1 0.15 2 2.855544248865359e-5 5.7842379
true 4.769799865966817e-6 628 8 1 0.15 3 2.855544248865359e-5 14.0251733
true 4.4338947146616015e-6 1193 8 1 0.15 4 2.855544248865359e-5 33.0239332
true 2.5850121435078144e-6 152 8 2 0.15 1 2.855544248865359e-5 1.1690634
true 1.2296404608258538e-5 651 8 2 0.15 2 2.855544248865359e-5 8.3652801
true 8.762515048221786e-6 935 8 2 0.15 3 2.855544248865359e-5 20.488314
true 7.805052945369928e-6 2831 8 2 0.15 4 2.855544248865359e-5 66.4347234
true 2.53578805688622e-6 222 8 3 0.15 1 2.855544248865359e-5 1.7127165
true 1.3536988828277696e-5 484 8 3 0.15 2 2.855544248865359e-5 6.6037083
true 1.6686150134929505e-5 2715 8 3 0.15 3 2.855544248865359e-5 47.2679215
true 4.540970500249708e-5 2567 8 3 0.15 4 2.855544248865359e-5 60.0435953
true 2.6370567722949767e-6 303 8 4 0.15 1 2.855544248865359e-5 2.2546648
true 1.1865286042411771e-5 2129 8 4 0.15 2 2.855544248865359e-5 27.248033
true 8.214141284883236e-5 2075 8 4 0.15 3 2.855544248865359e-5 36.1461422
true 4.4633663786611266e-5 2258 8 4 0.15 4 2.855544248865359e-5 53.9064329
true 1.202973282450337e-5 253 8 5 0.15 1 2.855544248865359e-5 1.86042
true 5.357639161085448e-6 1142 8 5 0.15 2 2.855544248865359e-5 13.6923351
true 1.242360981313917e-5 875 8 5 0.15 3 2.855544248865359e-5 17.9742276
true 3.3067524127794456e-5 3149 8 5 0.15 4 2.855544248865359e-5 72.5088475
true 7.587594697202234e-6 188 8 6 0.15 1 2.855544248865359e-5 1.5390785
true 1.3960554171623304e-5 1217 8 6 0.15 2 2.855544248865359e-5 14.9540289
true 1.9559471272329043e-5 1908 8 6 0.15 3 2.855544248865359e-5 33.6080147
true 4.853215883834916e-5 3264 8 6 0.15 4 2.855544248865359e-5 73.9000477
true 0.1428676427313555 405 8 7 0.15 1 2.855544248865359e-5 3.141211
true 4.648538243287195e-6 1626 8 7 0.15 2 2.855544248865359e-5 19.3739311
true 0.1428755019908349 1612 8 7 0.15 3 2.855544248865359e-5 30.803412
true 5.89424571119498e-5 4454 8 7 0.15 4 2.855544248865359e-5 99.5816002
true 0.2502244437031437 306 8 8 0.15 1 2.855544248865359e-5 2.3817575
true 0.00043836564278297574 1796 8 8 0.15 2 2.855544248865359e-5 22.703333
true 0.062229499585251216 1799 8 8 0.15 3 2.855544248865359e-5 32.8819492
true 0.0002519684060224084 11001 8 8 0.15 4 2.855544248865359e-5 248.022572
true 3.2986011068159016e-6 177 8 1 0.16 1 3.644453169312535e-5 1.3404506
true 5.2678083956592126e-6 370 8 1 0.16 2 3.644453169312535e-5 5.514403
true 3.769690553712124e-6 571 8 1 0.16 3 3.644453169312535e-5 15.1074194
true 1.3157696524379592e-5 966 8 1 0.16 4 3.644453169312535e-5 27.5984242
true 3.4196213993531455e-6 178 8 2 0.16 1 3.644453169312535e-5 1.4670659
true 6.115374967252674e-6 915 8 2 0.16 2 3.644453169312535e-5 11.6137648
true 9.916916469648873e-6 1429 8 2 0.16 3 3.644453169312535e-5 26.9338775
true 4.447920077804701e-5 2142 8 2 0.16 4 3.644453169312535e-5 51.6308114
true 0.3333335747366606 151 8 3 0.16 1 3.644453169312535e-5 1.2422655
true 3.9645926439938844e-7 989 8 3 0.16 2 3.644453169312535e-5 12.4993039
true 1.7920388471925897e-5 744 8 3 0.16 3 3.644453169312535e-5 16.5565999
true 2.7846901716051715e-5 1624 8 3 0.16 4 3.644453169312535e-5 40.448586
true 3.7588475630817575e-6 265 8 4 0.16 1 3.644453169312535e-5 1.9035109
true 7.221688998609865e-7 427 8 4 0.16 2 3.644453169312535e-5 6.5689674
true 1.5106179058754776e-5 1116 8 4 0.16 3 3.644453169312535e-5 22.5931535
true 4.863481921500712e-5 2891 8 4 0.16 4 3.644453169312535e-5 73.4683458
true 3.4601629607555752e-6 211 8 5 0.16 1 3.644453169312535e-5 1.683968
true 1.5360906860106827e-5 616 8 5 0.16 2 3.644453169312535e-5 8.424138
true 2.1152565345661233e-5 4221 8 5 0.16 3 3.644453169312535e-5 70.8834323
true 2.8658769582556863e-5 3736 8 5 0.16 4 3.644453169312535e-5 98.2134284
true 0.16667541740942024 196 8 6 0.16 1 3.644453169312535e-5 1.6047029
true 0.16668964136755882 1191 8 6 0.16 2 3.644453169312535e-5 14.8789775
true 2.2213009455355575e-5 1430 8 6 0.16 3 3.644453169312535e-5 27.0600784
true 7.708366625601888e-5 1990 8 6 0.16 4 3.644453169312535e-5 49.5424639
true 0.14285973865062776 319 8 7 0.16 1 3.644453169312535e-5 2.483384
true 1.3855641263343138e-5 1297 8 7 0.16 2 3.644453169312535e-5 16.4649714
true 2.3296399715631656e-5 3364 8 7 0.16 3 3.644453169312535e-5 57.001808
true 6.721297371853341e-5 5327 8 7 0.16 4 3.644453169312535e-5 117.9217092
true 0.12500253821999682 245 8 8 0.16 1 3.644453169312535e-5 1.9080635
true 1.3842438545012825e-5 937 8 8 0.16 2 3.644453169312535e-5 12.6439156
true 0.00015546641554198964 2510 8 8 0.16 3 3.644453169312535e-5 44.0266026
true 9.802514822467023e-5 1687 8 8 0.16 4 3.644453169312535e-5 44.4266689
true 4.307859256535984e-6 148 8 1 0.17 1 4.573683624314419e-5 1.1720326
true 3.880175826698196e-6 457 8 1 0.17 2 4.573683624314419e-5 6.584638
true 4.849373559295822e-5 831 8 1 0.17 3 4.573683624314419e-5 17.7654075
true 1.7725891576503283e-5 1301 8 1 0.17 4 4.573683624314419e-5 38.4041948
true 4.370754656729536e-6 240 8 2 0.17 1 4.573683624314419e-5 1.9243749
true 2.32867780587398e-5 512 8 2 0.17 2 4.573683624314419e-5 7.6915696
true 3.557107972335105e-5 569 8 2 0.17 3 4.573683624314419e-5 12.8756289
true 4.413345349055242e-5 1955 8 2 0.17 4 4.573683624314419e-5 48.3896593
true 4.732759897818628e-6 216 8 3 0.17 1 4.573683624314419e-5 1.753514
true 5.372305275086475e-7 554 8 3 0.17 2 4.573683624314419e-5 8.4297252
true 4.342580698590837e-6 723 8 3 0.17 3 4.573683624314419e-5 15.7549915
true 3.426801939587776e-5 1898 8 3 0.17 4 4.573683624314419e-5 47.7130401
true 4.703898065158696e-6 230 8 4 0.17 1 4.573683624314419e-5 1.776544
true 1.8382467196861874e-5 1469 8 4 0.17 2 4.573683624314419e-5 17.0701838
true 1.832321371525447e-5 4113 8 4 0.17 3 4.573683624314419e-5 69.9920272
true 6.297578227401623e-5 4661 8 4 0.17 4 4.573683624314419e-5 105.8012106
true 4.586032490483394e-6 293 8 5 0.17 1 4.573683624314419e-5 2.2733401
true 4.202422533494677e-6 1958 8 5 0.17 2 4.573683624314419e-5 24.2599446
true 4.865132819615869e-5 1503 8 5 0.17 3 4.573683624314419e-5 27.54219
true 4.3126738625653974e-5 3817 8 5 0.17 4 4.573683624314419e-5 87.7681942
true 0.1666791298824163 260 8 6 0.17 1 4.573683624314419e-5 2.0856848
true 0.08334515856225427 682 8 6 0.17 2 4.573683624314419e-5 9.2782538
true 1.3307140914399959e-5 1414 8 6 0.17 3 4.573683624314419e-5 26.2040484
true 4.304136553958301e-5 2378 8 6 0.17 4 4.573683624314419e-5 58.0796761
true 0.2857246530790542 174 8 7 0.17 1 4.573683624314419e-5 1.5130474
true 2.3462662131450746e-5 3095 8 7 0.17 2 4.573683624314419e-5 39.2209227
true 7.075410489491642e-5 1666 8 7 0.17 3 4.573683624314419e-5 30.9319989
true 1.9422338254280824e-6 3145 8 7 0.17 4 4.573683624314419e-5 76.1760825
true 0.37500193906135226 317 8 8 0.17 1 4.573683624314419e-5 2.6533937
true 2.21243380337105e-5 1265 8 8 0.17 2 4.573683624314419e-5 15.8714229
true 3.1390344730500286e-5 4083 8 8 0.17 3 4.573683624314419e-5 69.4186677
true 3.4039785277655e-5 4622 8 8 0.17 4 4.573683624314419e-5 106.9290355
true 5.427448682648883e-6 236 8 1 0.18 1 5.672819933488509e-5 1.7469583
true 9.449906756775484e-6 544 8 1 0.18 2 5.672819933488509e-5 7.3533978
true 6.0752352096238305e-6 966 8 1 0.18 3 5.672819933488509e-5 23.5481866
true 1.1105039047276666e-5 1207 8 1 0.18 4 5.672819933488509e-5 34.4462097
true 5.68111663898363e-6 254 8 2 0.18 1 5.672819933488509e-5 1.9055002
true 1.3465207415408464e-5 665 8 2 0.18 2 5.672819933488509e-5 8.994369
true 3.172458739242323e-5 2097 8 2 0.18 3 5.672819933488509e-5 37.1321462
true 9.592062021646086e-5 2510 8 2 0.18 4 5.672819933488509e-5 59.5585579
true 0.33333434641258713 150 8 3 0.18 1 5.672819933488509e-5 1.306868
true 9.861890259958242e-6 749 8 3 0.18 2 5.672819933488509e-5 10.3904641
true 5.508543740338304e-5 923 8 3 0.18 3 5.672819933488509e-5 20.2859258
true 3.546094246372385e-5 3824 8 3 0.18 4 5.672819933488509e-5 87.3934704
true 6.166292178422239e-6 313 8 4 0.18 1 5.672819933488509e-5 2.3773011
true 5.028583490906957e-5 2317 8 4 0.18 2 5.672819933488509e-5 29.1161192
true 2.327234194623995e-5 950 8 4 0.18 3 5.672819933488509e-5 19.3266425
true 3.63511842899622e-5 2430 8 4 0.18 4 5.672819933488509e-5 61.3188377
true 5.849804101354383e-6 342 8 5 0.18 1 5.672819933488509e-5 2.7120593
true 0.20000766209623722 466 8 5 0.18 2 5.672819933488509e-5 6.992425
true 2.1349580248986034e-5 1390 8 5 0.18 3 5.672819933488509e-5 27.4621655
true 4.1027266143622845e-5 2133 8 5 0.18 4 5.672819933488509e-5 58.2362048
true 1.6596834764626145e-5 228 8 6 0.18 1 5.672819933488509e-5 1.8413584
true 3.350903800784325e-5 6000 8 6 0.18 2 5.672819933488509e-5 75.0249437
true 3.129108927075556e-5 1392 8 6 0.18 3 5.672819933488509e-5 28.3996432
true 6.857640033589944e-5 3355 8 6 0.18 4 5.672819933488509e-5 79.3492916
true 2.319082155135702e-5 372 8 7 0.18 1 5.672819933488509e-5 2.863201
true 0.07139124136306367 701 8 7 0.18 2 5.672819933488509e-5 9.5210476
true 1.5696769665142695e-5 4837 8 7 0.18 3 5.672819933488509e-5 85.2884083
true 4.86109545452965e-5 2709 8 7 0.18 4 5.672819933488509e-5 71.4895079
true 2.2068435380037665e-5 346 8 8 0.18 1 5.672819933488509e-5 2.9457314
true 2.4525724252745518e-5 3252 8 8 0.18 2 5.672819933488509e-5 40.5639589
true 3.747520654152209e-5 2352 8 8 0.18 3 5.672819933488509e-5 43.6745178
true 7.117990951984593e-5 5616 8 8 0.18 4 5.672819933488509e-5 123.8955822
true 6.959809082718316e-6 144 8 1 0.19 1 6.956881640670231e-5 1.2499655
true 1.0146107066510979e-5 663 8 1 0.19 2 6.956881640670231e-5 9.1363141
true 1.2798922362111664e-5 599 8 1 0.19 3 6.956881640670231e-5 14.5315222
true 2.738790599116081e-5 2447 8 1 0.19 4 6.956881640670231e-5 59.5912212
true 7.5156625081174155e-6 156 8 2 0.19 1 6.956881640670231e-5 1.326441
true 1.5836488888754108e-5 390 8 2 0.19 2 6.956881640670231e-5 5.9662438
true 5.085432659304723e-5 3627 8 2 0.19 3 6.956881640670231e-5 60.465103
true 6.745017411557974e-5 1922 8 2 0.19 4 6.956881640670231e-5 47.2715131
true 7.0885186907269455e-6 196 8 3 0.19 1 6.956881640670231e-5 1.5866465
true 0.0005435590604058552 1005 8 3 0.19 2 6.956881640670231e-5 13.418786
true 1.848875775850578e-5 1527 8 3 0.19 3 6.956881640670231e-5 29.2710908
true 4.687232385625073e-5 2885 8 3 0.19 4 6.956881640670231e-5 72.6111071
true 7.932734406246311e-6 262 8 4 0.19 1 6.956881640670231e-5 2.0462615
true 2.7225900419300397e-5 762 8 4 0.19 2 6.956881640670231e-5 10.3223147
true 3.6108082223637594e-5 1095 8 4 0.19 3 6.956881640670231e-5 21.6669574
true 5.887849419845825e-5 3262 8 4 0.19 4 6.956881640670231e-5 76.0080894
true 7.965599559855985e-6 206 8 5 0.19 1 6.956881640670231e-5 1.7030453
true 2.696845656541269e-5 726 8 5 0.19 2 6.956881640670231e-5 9.7117615
true 0.2000359165420647 1412 8 5 0.19 3 6.956881640670231e-5 26.5344836
true 5.679201936361622e-5 2077 8 5 0.19 4 6.956881640670231e-5 51.9032711
true 0.16668462746637538 207 8 6 0.19 1 6.956881640670231e-5 1.7699599
true 0.0004555586473498537 2566 8 6 0.19 2 6.956881640670231e-5 32.4581721
true 0.00024589795583588686 1342 8 6 0.19 3 6.956881640670231e-5 27.3277857
true 4.4772876261386006e-5 1644 8 6 0.19 4 6.956881640670231e-5 42.6272767
true 2.9909520944869173e-5 239 8 7 0.19 1 6.956881640670231e-5 1.9150214
true 1.5789788829125217e-5 2566 8 7 0.19 2 6.956881640670231e-5 33.0185066
true 0.00010165618430807433 1686 8 7 0.19 3 6.956881640670231e-5 30.8828434
true 9.873503930440952e-5 3489 8 7 0.19 4 6.956881640670231e-5 83.2349297
true 2.6087939431748697e-5 549 8 8 0.19 1 6.956881640670231e-5 4.5556716
true 3.388710428343239e-5 1164 8 8 0.19 2 6.956881640670231e-5 14.9632076
true 0.000223408385417935 1706 8 8 0.19 3 6.956881640670231e-5 33.0396154
true 0.00012529652317599255 3096 8 8 0.19 4 6.956881640670231e-5 75.225819
true 8.827035026581775e-6 156 8 1 0.2 1 8.447509918454874e-5 1.2454352
true 1.7536511613180927e-5 362 8 1 0.2 2 8.447509918454874e-5 5.7488748
true 1.9058844325126056e-5 571 8 1 0.2 3 8.447509918454874e-5 15.7506591
true 1.7845156229767678e-5 2029 8 1 0.2 4 8.447509918454874e-5 50.3134159
true 8.915872886372522e-6 350 8 2 0.2 1 8.447509918454874e-5 2.5617061
true 1.5007716661102899e-5 650 8 2 0.2 2 8.447509918454874e-5 8.5143496
true 2.764870537455555e-5 1082 8 2 0.2 3 8.447509918454874e-5 22.7541868
true 4.86892097974756e-5 954 8 2 0.2 4 8.447509918454874e-5 28.5804892
true 8.97683299512971e-6 176 8 3 0.2 1 8.447509918454874e-5 1.4797697
true 2.1994462997572867e-5 1239 8 3 0.2 2 8.447509918454874e-5 16.2161387
true 1.266620484874359e-5 1308 8 3 0.2 3 8.447509918454874e-5 24.740635
true 0.00010400119303919746 2262 8 3 0.2 4 8.447509918454874e-5 57.7376426
true 0.25000571787613846 237 8 4 0.2 1 8.447509918454874e-5 2.0032545
true 2.072951296899772e-5 1002 8 4 0.2 2 8.447509918454874e-5 12.7393962
true 4.5315065570025737e-5 2923 8 4 0.2 3 8.447509918454874e-5 53.6390615
true 6.210363231846927e-5 1561 8 4 0.2 4 8.447509918454874e-5 46.7065689
true 9.640832901780527e-6 219 8 5 0.2 1 8.447509918454874e-5 1.8030347
true 0.2000457596645811 794 8 5 0.2 2 8.447509918454874e-5 10.2065435
true 3.187180149125668e-5 1801 8 5 0.2 3 8.447509918454874e-5 33.994773
true 1.62711466660026e-5 6820 8 5 0.2 4 8.447509918454874e-5 159.7246755
true 0.16668881742483058 184 8 6 0.2 1 8.447509918454874e-5 1.5773711
true 3.286519971652339e-5 1406 8 6 0.2 2 8.447509918454874e-5 17.4744893
true 9.60206583919913e-5 2671 8 6 0.2 3 8.447509918454874e-5 49.3810291
true 6.633315345648076e-5 2834 8 6 0.2 4 8.447509918454874e-5 69.3656767
true 0.14289045801490863 372 8 7 0.2 1 8.447509918454874e-5 3.0065149
true 3.5691714257879426e-5 1462 8 7 0.2 2 8.447509918454874e-5 18.3129302
true 5.766528922083022e-5 1642 8 7 0.2 3 8.447509918454874e-5 30.8551319
true 0.00011093116823646903 4921 8 7 0.2 4 8.447509918454874e-5 115.0357303
true 0.12515639154763855 210 8 8 0.2 1 8.447509918454874e-5 1.9003396
true 5.0497467731128176e-5 4016 8 8 0.2 2 8.447509918454874e-5 51.5413614
true 0.00011482925702482188 1692 8 8 0.2 3 8.447509918454874e-5 31.462782
true 4.883355264959782e-5 5185 8 8 0.2 4 8.447509918454874e-5 122.6408384
true 1.097476723949109e-5 159 8 1 0.21 1 0.00010168453589452703 1.3879071
true 1.6047131598528885e-5 367 8 1 0.21 2 0.00010168453589452703 6.2961029
true 4.796526837841375e-5 1306 8 1 0.21 3 0.00010168453589452703 27.3471954
true 1.2593198588373156e-5 1143 8 1 0.21 4 0.00010168453589452703 31.9713605
true 1.1227739182884111e-5 159 8 2 0.21 1 0.00010168453589452703 1.3804096
true 2.0931493985826277e-5 1089 8 2 0.21 2 0.00010168453589452703 14.3874649
true 2.6809090301227467e-5 1047 8 2 0.21 3 0.00010168453589452703 21.1201718
true 7.566227009997428e-5 1345 8 2 0.21 4 0.00010168453589452703 36.0749884
true 1.1272625005313378e-5 219 8 3 0.21 1 0.00010168453589452703 1.7533744
true 1.0362848799572166e-5 815 8 3 0.21 2 0.00010168453589452703 10.4707267
true 1.0261500444030958e-5 2927 8 3 0.21 3 0.00010168453589452703 52.4391189
true 0.0001527529809337754 2704 8 3 0.21 4 0.00010168453589452703 70.0938344
true 0.2500067696319211 307 8 4 0.21 1 0.00010168453589452703 2.5035074
true 0.00020776331340857657 2800 8 4 0.21 2 0.00010168453589452703 34.3447852
true 6.48037771271287e-5 1256 8 4 0.21 3 0.00010168453589452703 24.5162548
true 7.501876653057127e-5 1629 8 4 0.21 4 0.00010168453589452703 42.5762599
true 0.2000080129951473 162 8 5 0.21 1 0.00010168453589452703 1.508548
true 2.6603022545534925e-6 625 8 5 0.21 2 0.00010168453589452703 8.7351732
true 3.2940080014609575e-5 4520 8 5 0.21 3 0.00010168453589452703 79.8395033
true 0.00010236500146170169 2923 8 5 0.21 4 0.00010168453589452703 74.2199231
true 0.16669398377384947 237 8 6 0.21 1 0.00010168453589452703 1.9396674
true 5.3459151503556145e-5 1369 8 6 0.21 2 0.00010168453589452703 17.4186094
true 3.6966214343153725e-5 1290 8 6 0.21 3 0.00010168453589452703 25.5651963
true 0.08340195181150696 2653 8 6 0.21 4 0.00010168453589452703 64.6041188
true 0.28574868719612184 156 8 7 0.21 1 0.00010168453589452703 1.4071301
true 4.956084681546307e-5 2168 8 7 0.21 2 0.00010168453589452703 27.842677
true 6.267208008208553e-5 2587 8 7 0.21 3 0.00010168453589452703 46.1869516
true 0.00011169129130795501 4280 8 7 0.21 4 0.00010168453589452703 104.7275604
true 0.12503619653172945 351 8 8 0.21 1 0.00010168453589452703 2.8694278
true 4.751445421800199e-5 1462 8 8 0.21 2 0.00010168453589452703 18.2520229
true 5.4219714311416756e-5 2675 8 8 0.21 3 0.00010168453589452703 47.4713527
true 6.830933851617593e-5 5317 8 8 0.21 4 0.00010168453589452703 120.2991857
true 1.3625375379244797e-5 155 8 1 0.22 1 0.000121344932874854 1.2721444
true 1.5776972972558756e-5 485 8 1 0.22 2 0.000121344932874854 6.9919084
true 1.9944421456030703e-5 864 8 1 0.22 3 0.000121344932874854 18.982782
true 5.856634437423347e-5 2171 8 1 0.22 4 0.000121344932874854 63.7296517
true 1.4209272021531438e-5 180 8 2 0.22 1 0.000121344932874854 1.4328824
true 2.6640935093746876e-5 488 8 2 0.22 2 0.000121344932874854 7.5625358
true 9.129394487950027e-5 773 8 2 0.22 3 0.000121344932874854 17.0110647
true 0.00011347973918787724 1728 8 2 0.22 4 0.000121344932874854 46.5326183
true 1.3788632423035926e-5 287 8 3 0.22 1 0.000121344932874854 2.1936708
true 2.5483540719295483e-6 735 8 3 0.22 2 0.000121344932874854 9.9263886
true 3.630819566291521e-5 3365 8 3 0.22 3 0.000121344932874854 58.9244715
true 0.00010030861924492651 2992 8 3 0.22 4 0.000121344932874854 68.9636729
true 1.5566248741827327e-5 304 8 4 0.22 1 0.000121344932874854 2.3157974
true 6.367797676340436e-5 1932 8 4 0.22 2 0.000121344932874854 23.5580997
true 6.608212320455276e-5 3116 8 4 0.22 3 0.000121344932874854 53.5136735
true 0.00016176250131713643 1515 8 4 0.22 4 0.000121344932874854 42.9504236
true 1.4846260352985308e-5 221 8 5 0.22 1 0.000121344932874854 1.8059621
true 3.599680876775757e-5 1777 8 5 0.22 2 0.000121344932874854 21.7308997
true 6.484892939165877e-5 1379 8 5 0.22 3 0.000121344932874854 28.584895
true 0.00012213717028687344 6377 8 5 0.22 4 0.000121344932874854 143.8616234
true 0.16669898646527667 242 8 6 0.22 1 0.000121344932874854 2.1229528
true 6.513893988137805e-5 2327 8 6 0.22 2 0.000121344932874854 29.0155945
true 4.766239748966542e-5 3397 8 6 0.22 3 0.000121344932874854 60.0286573
true 0.00011443255283620964 2610 8 6 0.22 4 0.000121344932874854 66.5199257
true 0.14307208163927235 332 8 7 0.22 1 0.000121344932874854 2.7491283
true 3.904923866292011e-6 1386 8 7 0.22 2 0.000121344932874854 19.388508
true 4.261477945792315e-5 1727 8 7 0.22 3 0.000121344932874854 33.7320283
true 0.07146366747588227 2241 8 7 0.22 4 0.000121344932874854 61.705463
true 0.2500068958722382 430 8 8 0.22 1 0.000121344932874854 3.4229644
true 2.7192786357085885e-5 1954 8 8 0.22 2 0.000121344932874854 26.729403
true 3.275357530158063e-5 2677 8 8 0.22 3 0.000121344932874854 48.5850444
true 6.275823547945841e-5 12876 8 8 0.22 4 0.000121344932874854 307.1425691
true 1.66382934993492e-5 155 8 1 0.23 1 0.00014401971777686906 1.356088
true 2.910858526361526e-5 350 8 1 0.23 2 0.00014401971777686906 5.5409946
true 3.0193527729316383e-5 649 8 1 0.23 3 0.00014401971777686906 15.2236576
true 8.586837122320778e-5 1799 8 1 0.23 4 0.00014401971777686906 49.5572569
true 2.0892949508938274e-5 183 8 2 0.23 1 0.00014401971777686906 1.6784272
true 2.6105597067727082e-5 784 8 2 0.23 2 0.00014401971777686906 10.4698274
true 0.00014209560779834818 2473 8 2 0.23 3 0.00014401971777686906 44.2011952
true 0.00012876035744391334 2952 8 2 0.23 4 0.00014401971777686906 74.2172828
true 1.6956967919090626e-5 158 8 3 0.23 1 0.00014401971777686906 1.471102
true 3.770297174391738e-5 477 8 3 0.23 2 0.00014401971777686906 7.1595188
true 3.0933834876882095e-5 934 8 3 0.23 3 0.00014401971777686906 19.9738954
true 0.00015569059760202805 1347 8 3 0.23 4 0.00014401971777686906 38.0962685
true 0.00025169650024832457 172 8 4 0.23 1 0.00014401971777686906 1.5918668
true 6.946832008150605e-5 828 8 4 0.23 2 0.00014401971777686906 13.2950926
true 0.2500278472736794 1196 8 4 0.23 3 0.00014401971777686906 23.594063
true 8.680185114605388e-5 2321 8 4 0.23 4 0.00014401971777686906 64.9220176
true 1.8037316569619043e-5 219 8 5 0.23 1 0.00014401971777686906 1.9803089
true 3.907053102745195e-5 964 8 5 0.23 2 0.00014401971777686906 12.7638235
true 6.35988134664478e-5 1214 8 5 0.23 3 0.00014401971777686906 25.4871029
true 1.4610392625957758e-5 1875 8 5 0.23 4 0.00014401971777686906 54.5201622
true 0.16670723897442194 220 8 6 0.23 1 0.00014401971777686906 1.8953412
true 7.644204519990001e-5 1361 8 6 0.23 2 0.00014401971777686906 17.9986813
true 5.43413119128792e-5 1526 8 6 0.23 3 0.00014401971777686906 30.965858
true 7.308213146266691e-5 2738 8 6 0.23 4 0.00014401971777686906 71.7571186
true 6.399061379958842e-5 287 8 7 0.23 1 0.00014401971777686906 2.4933658
true 5.599569098235779e-6 1748 8 7 0.23 2 0.00014401971777686906 24.1351713
true 5.0394851751630766e-5 2037 8 7 0.23 3 0.00014401971777686906 39.1634455
true 0.00011310728568427107 2909 8 7 0.23 4 0.00014401971777686906 75.9401599
true 0.12505422497724433 321 8 8 0.23 1 0.00014401971777686906 2.8596106
true 9.134849408466705e-5 1233 8 8 0.23 2 0.00014401971777686906 17.6797548
true 3.734123406271689e-5 1646 8 8 0.23 3 0.00014401971777686906 34.7625475
true 5.215112016788981e-5 2293 8 8 0.23 4 0.00014401971777686906 60.0856835
true 2.0314099409057818e-5 158 8 1 0.24 1 0.00017048896560115199 1.4349536
true 2.8556255473266567e-5 396 8 1 0.24 2 0.00017048896560115199 6.3668867
true 2.4036971058627454e-5 1542 8 1 0.24 3 0.00017048896560115199 32.3919659
true 0.0005214482588404845 1684 8 1 0.24 4 0.00017048896560115199 52.37109
true 2.08554531813121e-5 181 8 2 0.24 1 0.00017048896560115199 1.6415329
true 3.8817479771691143e-5 425 8 2 0.24 2 0.00017048896560115199 7.064774
true 0.00017480015252782644 1040 8 2 0.24 3 0.00017048896560115199 22.0522766