g_converged min_loss iter nsites nqubits0 h nlayers SvN time
true 4.662841861330369e-5 240 8 1 0.24 1 0.00017048896560115199 9.0858268
true 1.864203459195357e-5 374 8 1 0.24 2 0.00017048896560115199 5.3773422
true 1.6690535016128383e-5 632 8 1 0.24 3 0.00017048896560115199 14.2945773
true 5.111453285855383e-6 1072 8 1 0.24 4 0.00017048896560115199 31.2117526
true 2.0911283151986426e-5 163 8 2 0.24 1 0.00017048896560115199 1.5050938
true 2.997466220852618e-5 437 8 2 0.24 2 0.00017048896560115199 6.5096326
true 0.00015358842863044675 2229 8 2 0.24 3 0.00017048896560115199 40.7419716
true 4.523976243864247e-5 2098 8 2 0.24 4 0.00017048896560115199 55.2295499
true 2.0678364964517765e-5 239 8 3 0.24 1 0.00017048896560115199 1.9991849
true 1.7375054077709933e-5 424 8 3 0.24 2 0.00017048896560115199 7.0612426
true 0.00016120364317643668 1424 8 3 0.24 3 0.00017048896560115199 31.9020918
true 9.443608562202203e-5 2060 8 3 0.24 4 0.00017048896560115199 56.6044347
true 2.3188305311672153e-5 176 8 4 0.24 1 0.00017048896560115199 1.5690633
true 7.999821893729664e-5 1412 8 4 0.24 2 0.00017048896560115199 17.9922791
true 8.80037372555098e-5 3221 8 4 0.24 3 0.00017048896560115199 70.1583515
true 3.631510431847951e-5 2312 8 4 0.24 4 0.00017048896560115199 73.2536734
true 0.20001402252875772 198 8 5 0.24 1 0.00017048896560115199 1.9767329
true 6.028092727232704e-5 1586 8 5 0.24 2 0.00017048896560115199 23.1972327
true 9.021957639030465e-5 2375 8 5 0.24 3 0.00017048896560115199 48.62
true 3.2731792886242504e-5 3675 8 5 0.24 4 0.00017048896560115199 98.2938999
true 0.3333727170332061 202 8 6 0.24 1 0.00017048896560115199 1.9881049
true 8.159744501489337e-5 876 8 6 0.24 2 0.00017048896560115199 13.0377716
true 8.840268481249043e-5 4720 8 6 0.24 3 0.00017048896560115199 95.2809341
true 0.08333912419579415 2633 8 6 0.24 4 0.00017048896560115199 70.2371347
true 0.2857519699898209 166 8 7 0.24 1 0.00017048896560115199 1.6958152
true 8.141482312615642e-5 843 8 7 0.24 2 0.00017048896560115199 12.827846
true 5.185742637267169e-5 3541 8 7 0.24 3 0.00017048896560115199 73.143164
true 0.00026966806645019526 3714 8 7 0.24 4 0.00017048896560115199 95.7531953
true 0.12506078783322125 529 8 8 0.24 1 0.00017048896560115199 4.9798281
true 5.959044160494531e-5 1450 8 8 0.24 2 0.00017048896560115199 21.0908063
true 9.581514543334502e-5 3132 8 8 0.24 3 0.00017048896560115199 61.8360163
true 7.28931092593213e-5 4704 8 8 0.24 4 0.00017048896560115199 118.3884655
true 3.3129686047128626e-5 148 8 1 0.25 1 0.00020065095512621192 1.4416332
true 2.212572757398501e-5 437 8 1 0.25 2 0.00020065095512621192 7.2293075
true 5.657825682015005e-5 1193 8 1 0.25 3 0.00020065095512621192 27.1121191
true 4.840875134198841e-5 1206 8 1 0.25 4 0.00020065095512621192 38.664926
true 2.5435332461715143e-5 167 8 2 0.25 1 0.00020065095512621192 1.6279417
true 6.291606881422829e-5 702 8 2 0.25 2 0.00020065095512621192 10.2703619
true 2.46910242414633e-5 1009 8 2 0.25 3 0.00020065095512621192 23.787447
true 4.887365079045414e-5 2001 8 2 0.25 4 0.00020065095512621192 57.9303879
true 2.531278099312158e-5 156 8 3 0.25 1 0.00020065095512621192 1.4820722
true 3.7544062691408087e-5 1067 8 3 0.25 2 0.00020065095512621192 15.7943383
true 3.370740156964184e-5 981 8 3 0.25 3 0.00020065095512621192 22.7568056
true 9.020837277077624e-5 3052 8 3 0.25 4 0.00020065095512621192 84.0431191
true 2.8418917356692885e-5 177 8 4 0.25 1 0.00020065095512621192 1.7335917
true 9.467021288483979e-5 1234 8 4 0.25 2 0.00020065095512621192 17.6937687
true 0.00010444894169786556 1101 8 4 0.25 3 0.00020065095512621192 25.1437796
true 0.0001491119000679303 2990 8 4 0.25 4 0.00020065095512621192 78.8556775
true 0.20001750688269154 184 8 5 0.25 1 0.00020065095512621192 1.8161925
true 8.966481655668934e-5 918 8 5 0.25 2 0.00020065095512621192 14.0533818
true 7.096232729820739e-5 1174 8 5 0.25 3 0.00020065095512621192 27.6359232
true 8.630840339214352e-5 4778 8 5 0.25 4 0.00020065095512621192 125.2758446
true 0.16672249329596914 296 8 6 0.25 1 0.00020065095512621192 2.6504226
true 0.00011400543443089901 599 8 6 0.25 2 0.00020065095512621192 9.542211
true 9.581481691769977e-5 1168 8 6 0.25 3 0.00020065095512621192 26.1281866
true 0.0002168766366914728 3176 8 6 0.25 4 0.00020065095512621192 84.2725751
true 0.28572676735100305 171 8 7 0.25 1 0.00020065095512621192 1.792011
true 9.988549686289008e-6 1300 8 7 0.25 2 0.00020065095512621192 18.6172185
true 6.0360797703844824e-5 3790 8 7 0.25 3 0.00020065095512621192 77.1102758
true 6.894607075882567e-5 3085 8 7 0.25 4 0.00020065095512621192 87.1812788
true 8.188317509675441e-5 344 8 8 0.25 1 0.00020065095512621192 3.2703979
true 0.06219209997137639 1528 8 8 0.25 2 0.00020065095512621192 21.5387225
true 0.00010114934128527958 3626 8 8 0.25 3 0.00020065095512621192 72.4017432
true 0.0001185406866211769 5137 8 8 0.25 4 0.00020065095512621192 138.5394136
true 3.045276658408813e-5 158 8 1 0.26 1 0.00023526288530908998 1.4888833
true 3.681599406218927e-5 717 8 1 0.26 2 0.00023526288530908998 11.5891903
true 6.263565749503597e-5 650 8 1 0.26 3 0.00023526288530908998 16.2836012
true 2.2310670940606236e-5 882 8 1 0.26 4 0.00023526288530908998 30.7643399
true 3.0467773225378858e-5 212 8 2 0.26 1 0.00023526288530908998 1.9029299
true 7.793905722891514e-5 639 8 2 0.26 2 0.00023526288530908998 10.1208019
true 0.000181115816398153 1016 8 2 0.26 3 0.00023526288530908998 22.6113763
true 0.0002075648200335345 1064 8 2 0.26 4 0.00023526288530908998 33.6991659
true 3.071438353981678e-5 219 8 3 0.26 1 0.00023526288530908998 2.0255369
true 4.2439825511275675e-5 1338 8 3 0.26 2 0.00023526288530908998 19.0582879
true 3.5610519712792055e-5 1585 8 3 0.26 3 0.00023526288530908998 34.2071113
true 0.00014839938822513998 1946 8 3 0.26 4 0.00023526288530908998 57.5847004
true 3.449916168768441e-5 199 8 4 0.26 1 0.00023526288530908998 1.9509535
true 1.8956370929607003e-5 607 8 4 0.26 2 0.00023526288530908998 9.5533355
true 9.485386401071605e-5 767 8 4 0.26 3 0.00023526288530908998 19.9908534
true 0.00034978889180904693 5143 8 4 0.26 4 0.00023526288530908998 131.7231588
true 3.273687343450238e-5 207 8 5 0.26 1 0.00023526288530908998 1.9524828
true 8.604891741007537e-5 696 8 5 0.26 2 0.00023526288530908998 10.7920064
true 9.538090612232208e-5 2737 8 5 0.26 3 0.00023526288530908998 54.1388369
true 0.00015057964728060202 3010 8 5 0.26 4 0.00023526288530908998 77.8455245
true 0.16673202561630915 336 8 6 0.26 1 0.00023526288530908998 3.0902989
true 0.0001719664704027124 1061 8 6 0.26 2 0.00023526288530908998 15.7762369
true 0.00023332647389190386 1904 8 6 0.26 3 0.00023526288530908998 39.4241606
true 0.00015106044676646557 8250 8 6 0.26 4 0.00023526288530908998 212.4531679
true 0.14295446376905874 236 8 7 0.26 1 0.00023526288530908998 2.2347435
true 0.00010771337044755493 2834 8 7 0.26 2 0.00023526288530908998 40.8025996
true 6.616987207319625e-5 2876 8 7 0.26 3 0.00023526288530908998 58.08203
true 0.00011118108342172179 6120 8 7 0.26 4 0.00023526288530908998 165.2037465
true 0.1250844724634692 201 8 8 0.26 1 0.00023526288530908998 2.0425342
true 9.75645787146609e-5 3422 8 8 0.26 2 0.00023526288530908998 49.8438376
true 8.507747747629052e-5 1260 8 8 0.26 3 0.00023526288530908998 28.0340121
true 0.00013049131753226084 1972 8 8 0.26 4 0.00023526288530908998 56.7581995
true 3.570738201319479e-5 150 8 1 0.27 1 0.00027763914380781097 1.4173337
true 2.057496727481123e-5 434 8 1 0.27 2 0.00027763914380781097 7.2267574
true 4.936400889898884e-5 656 8 1 0.27 3 0.00027763914380781097 17.4934131
true 8.098622899410657e-5 864 8 1 0.27 4 0.00027763914380781097 32.2002859
true 3.7099887574776336e-5 186 8 2 0.27 1 0.00027763914380781097 1.7093419
true 7.73581519013522e-5 445 8 2 0.27 2 0.00027763914380781097 7.8334211
true 0.00015019079964109783 1694 8 2 0.27 3 0.00027763914380781097 35.942416
true 0.00030608334184190067 1212 8 2 0.27 4 0.00027763914380781097 39.451079
true 3.68990074673207e-5 163 8 3 0.27 1 0.00027763914380781097 1.6402285
true 8.004215799143713e-6 1139 8 3 0.27 2 0.00027763914380781097 16.8562831
true 0.0001369324191677531 1299 8 3 0.27 3 0.00027763914380781097 28.0337422
true 5.8950221357027356e-5 2992 8 3 0.27 4 0.00027763914380781097 79.6170451
true 0.25002390778642486 129 8 4 0.27 1 0.00027763914380781097 1.3649323
true 0.0001311167625069054 1267 8 4 0.27 2 0.00027763914380781097 18.0949214
true 0.00021232856891957586 1136 8 4 0.27 3 0.00027763914380781097 26.3690752
true 0.00023983745514809252 2892 8 4 0.27 4 0.00027763914380781097 77.2600428
true 3.93876824129058e-5 327 8 5 0.27 1 0.00027763914380781097 2.8850011
true 0.0001104337167904812 4108 8 5 0.27 2 0.00027763914380781097 59.0559561
true 0.0001101126365682048 1666 8 5 0.27 3 0.00027763914380781097 34.3473785
true 0.00017500657902825846 2305 8 5 0.27 4 0.00027763914380781097 62.8990542
true 8.933682907049285e-5 249 8 6 0.27 1 0.00027763914380781097 2.4047823
true 0.00015944612286441137 895 8 6 0.27 2 0.00027763914380781097 13.6743976
true 8.058826610167029e-5 1322 8 6 0.27 3 0.00027763914380781097 29.3420385
true 0.00014387108560010944 2515 8 6 0.27 4 0.00027763914380781097 71.9355443
true 0.28580332507637385 187 8 7 0.27 1 0.00027763914380781097 1.8806984
true 0.00012347087688584818 643 8 7 0.27 2 0.00027763914380781097 10.3401795
true 9.851929614917987e-5 1639 8 7 0.27 3 0.00027763914380781097 35.1046558
true 0.07144442613835573 3657 8 7 0.27 4 0.00027763914380781097 98.2192426
true 0.12509839662402886 398 8 8 0.27 1 0.00027763914380781097 3.6496748
true 0.0001193233082138756 2179 8 8 0.27 2 0.00027763914380781097 30.3683719
true 0.2500819726412894 1039 8 8 0.27 3 0.00027763914380781097 24.8496191
true 0.0002092912936870403 5402 8 8 0.27 4 0.00027763914380781097 137.593154
true 4.305681902716518e-5 179 8 1 0.28 1 0.0003286108662315683 1.6203376
true 2.92877954697901e-5 345 8 1 0.28 2 0.0003286108662315683 7.0358903
true 4.102175226960991e-5 1351 8 1 0.28 3 0.0003286108662315683 29.0645614
true 7.631837089516758e-5 1565 8 1 0.28 4 0.0003286108662315683 47.8959179
true 4.441273655686473e-5 162 8 2 0.28 1 0.0003286108662315683 1.6798236
true 5.529782494487212e-5 672 8 2 0.28 2 0.0003286108662315683 10.3993658
true 4.230118320855403e-5 1010 8 2 0.28 3 0.0003286108662315683 24.0901561
true 6.720289776745991e-5 1523 8 2 0.28 4 0.0003286108662315683 46.3914154
true 0.3333489620494507 179 8 3 0.28 1 0.0003286108662315683 1.6790819
true 5.5824100656113686e-5 543 8 3 0.28 2 0.0003286108662315683 8.587742
true 6.359633271167213e-5 1089 8 3 0.28 3 0.0003286108662315683 25.0597704
true 0.00020410449089184693 2259 8 3 0.28 4 0.0003286108662315683 68.5409722
true 0.2500282567965935 179 8 4 0.28 1 0.0003286108662315683 1.8506363
true 0.00015994157205907744 898 8 4 0.28 2 0.0003286108662315683 13.2911829
true 0.00019503525326612647 832 8 4 0.28 3 0.0003286108662315683 20.6963342
true 0.0002946221189168152 3084 8 4 0.28 4 0.0003286108662315683 82.6879099
true 0.20002972865625326 271 8 5 0.28 1 0.0003286108662315683 2.485419
true 3.2872881213708015e-5 1047 8 5 0.28 2 0.0003286108662315683 15.5002758
true 0.00010545100154609743 1263 8 5 0.28 3 0.0003286108662315683 27.8148389
true 0.00020063513175329063 2069 8 5 0.28 4 0.0003286108662315683 60.0718417
true 0.00010479574442534556 307 8 6 0.28 1 0.0003286108662315683 2.7288758
true 0.16668039573195295 1536 8 6 0.28 2 0.0003286108662315683 22.1968233
true 0.00011681546918854147 745 8 6 0.28 3 0.0003286108662315683 19.6388233
true 0.00020152408607709837 2566 8 6 0.28 4 0.0003286108662315683 72.6406515
true 0.285802629415922 181 8 7 0.28 1 0.0003286108662315683 1.8149427
true 0.0001374046192462175 1095 8 7 0.28 2 0.0003286108662315683 16.3223767
true 0.00011707447633315025 1314 8 7 0.28 3 0.0003286108662315683 30.1264587
true 0.0001817756382100593 4143 8 7 0.28 4 0.0003286108662315683 114.4742893
true 0.00013172773643065072 397 8 8 0.28 1 0.0003286108662315683 3.801656
true 2.125809993192007e-5 1888 8 8 0.28 2 0.0003286108662315683 28.0581417
true 0.12508593226751097 960 8 8 0.28 3 0.0003286108662315683 23.3160936
true 0.00016128624225288796 8353 8 8 0.28 4 0.0003286108662315683 225.5422482
true 5.107621042038657e-5 203 8 1 0.29 1 0.0004175455824969026 1.9884515
true 7.201840671072768e-5 422 8 1 0.29 2 0.0004175455824969026 7.6022235
true 2.643623238279824e-5 1762 8 1 0.29 3 0.0004175455824969026 38.0714329
true 9.283414953836777e-5 1113 8 1 0.29 4 0.0004175455824969026 35.5592567
true 5.439803381362962e-5 177 8 2 0.29 1 0.0004175455824969026 1.7679677
true 8.572738434034499e-5 483 8 2 0.29 2 0.0004175455824969026 7.7371775
true 9.690056956596083e-5 1265 8 2 0.29 3 0.0004175455824969026 29.3246923
true 0.0001597588149984397 2977 8 2 0.29 4 0.0004175455824969026 80.8257496
true 5.4991651071885826e-5 242 8 3 0.29 1 0.0004175455824969026 2.1770038
true 6.197965896096817e-5 749 8 3 0.29 2 0.0004175455824969026 12.0943729
true 0.00020859912188782767 878 8 3 0.29 3 0.0004175455824969026 25.0820058
true 0.00031385836860455446 1348 8 3 0.29 4 0.0004175455824969026 49.0933747
true 6.213181612572949e-5 229 8 4 0.29 1 0.0004175455824969026 2.2775849
true 0.00021849236827667373 454 8 4 0.29 2 0.0004175455824969026 7.8617046
true 0.0001560206412436621 698 8 4 0.29 3 0.0004175455824969026 17.2614378
true 0.00029885011924161986 3387 8 4 0.29 4 0.0004175455824969026 89.6371038
true 0.20004110695699814 184 8 5 0.29 1 0.0004175455824969026 1.7377575
true 1.7887597117693944e-5 1556 8 5 0.29 2 0.0004175455824969026 22.2826536
true 0.00018052318683627888 2422 8 5 0.29 3 0.0004175455824969026 49.6535598
true 5.339952860862196e-5 2269 8 5 0.29 4 0.0004175455824969026 64.8400069
true 0.1667683579684417 213 8 6 0.29 1 0.0004175455824969026 1.9633147
true 0.00021853018123760282 661 8 6 0.29 2 0.0004175455824969026 10.3126369
true 8.057982960696375e-5 13867 8 6 0.29 3 0.0004175455824969026 284.0092909
true 0.00022363439136331245 3240 8 6 0.29 4 0.0004175455824969026 86.8558319
true 0.14301541658093653 264 8 7 0.29 1 0.0004175455824969026 2.5945975
true 0.00017995735246635811 520 8 7 0.29 2 0.0004175455824969026 9.5091933
true 0.00022441631659585775 1432 8 7 0.29 3 0.0004175455824969026 32.9653699
true 2.985208714022049e-5 6759 8 7 0.29 4 0.0004175455824969026 180.6454178
true 0.12514015051813004 482 8 8 0.29 1 0.0004175455824969026 4.3826387
true 0.00016284179530870468 925 8 8 0.29 2 0.0004175455824969026 14.29286
true 0.00011041395837326634 1949 8 8 0.29 3 0.0004175455824969026 43.038544
true 0.00014142351891557187 5358 8 8 0.29 4 0.0004175455824969026 139.4044694
true 6.048158006738413e-5 207 8 1 0.3 1 0.0004914661774798896 1.9607303
true 6.496964653396331e-5 329 8 1 0.3 2 0.0004914661774798896 6.3673937
true 7.137768053483429e-5 619 8 1 0.3 3 0.0004914661774798896 19.6350538
true 9.782289003912314e-5 936 8 1 0.3 4 0.0004914661774798896 34.2833107
true 6.514136478844024e-5 156 8 2 0.3 1 0.0004914661774798896 1.4813177
true 0.00011540827519707086 413 8 2 0.3 2 0.0004914661774798896 8.2062007
true 5.678022038735353e-5 996 8 2 0.3 3 0.0004914661774798896 23.0696836
true 7.248981108815e-5 1686 8 2 0.3 4 0.0004914661774798896 50.5536114
true 0.3333547115097834 135 8 3 0.3 1 0.0004914661774798896 1.3674228
true 8.995048228120177e-5 966 8 3 0.3 2 0.0004914661774798896 14.6110732
true 0.0001339328642631643 2332 8 3 0.3 3 0.0004914661774798896 49.5715874
true 0.0002646143574268067 2120 8 3 0.3 4 0.0004914661774798896 61.7111714
true 0.2500443385593152 200 8 4 0.3 1 0.0004914661774798896 1.9563213
true 0.00020435159356803345 607 8 4 0.3 2 0.0004914661774798896 9.4502853
true 0.00016925747881899045 2201 8 4 0.3 3 0.0004914661774798896 45.1575148
true 0.00039351104866132414 4024 8 4 0.3 4 0.0004914661774798896 109.1062864
true 0.20004734990510992 446 8 5 0.3 1 0.0004914661774798896 4.1100294
true 0.0001896575005778778 1692 8 5 0.3 2 0.0004914661774798896 24.8348154
true 0.0002718280096219994 4455 8 5 0.3 3 0.0004914661774798896 93.2230217
true 0.00027276859882983116 2032 8 5 0.3 4 0.0004914661774798896 60.1495851
true 0.00014506617850792067 271 8 6 0.3 1 0.0004914661774798896 2.4388361
true 0.00021842797440496664 2218 8 6 0.3 2 0.0004914661774798896 30.3307602
true 0.00013472848578178578 1482 8 6 0.3 3 0.0004914661774798896 32.8181263
true 3.078537339838242e-5 3176 8 6 0.3 4 0.0004914661774798896 87.2480724
true 0.14304052087108543 209 8 7 0.3 1 0.0004914661774798896 2.0728789
true 0.07156188563309025 1128 8 7 0.3 2 0.0004914661774798896 17.3452664
true 0.00022327485494714035 1365 8 7 0.3 3 0.0004914661774798896 29.9999129
true 9.29870114769352e-5 5206 8 7 0.3 4 0.0004914661774798896 142.3464868
true 0.12516770965560658 411 8 8 0.3 1 0.0004914661774798896 3.735089
true 0.00017814663547384424 3078 8 8 0.3 2 0.0004914661774798896 43.7714039
true 0.00023642106531852197 2461 8 8 0.3 3 0.0004914661774798896 51.9984753
true 0.00011065318811111918 3600 8 8 0.3 4 0.0004914661774798896 97.0011244
true 7.251577822992017e-5 168 8 1 0.31 1 0.0006419240332108236 1.5244623
true 0.0001083399315428557 335 8 1 0.31 2 0.0006419240332108236 6.4014917
true 5.510117276530391e-5 708 8 1 0.31 3 0.0006419240332108236 18.6474745
true 9.221038399537251e-5 1079 8 1 0.31 4 0.0006419240332108236 38.7061338
true 8.003550337634668e-5 195 8 2 0.31 1 0.0006419240332108236 1.8462688
true 0.00011282057251993383 620 8 2 0.31 2 0.0006419240332108236 10.5979217
true 0.000314410354279121 992 8 2 0.31 3 0.0006419240332108236 23.7628519
true 0.00013366938885922552 1349 8 2 0.31 4 0.0006419240332108236 41.2302355
true 8.17482792215829e-5 276 8 3 0.31 1 0.0006419240332108236 2.461993
true 0.0001442736012455259 430 8 3 0.31 2 0.0006419240332108236 8.2050534
true 0.0002739611901669455 659 8 3 0.31 3 0.0006419240332108236 17.7675469
true 0.0001000393156612156 1431 8 3 0.31 4 0.0006419240332108236 45.5294083
true 9.137028952417581e-5 307 8 4 0.31 1 0.0006419240332108236 2.6409194
true 0.0002469809192588712 1534 8 4 0.31 2 0.0006419240332108236 22.0785378
true 0.0002035902089080749 1399 8 4 0.31 3 0.0006419240332108236 29.4421578
true 0.000353983263467042 4552 8 4 0.31 4 0.0006419240332108236 117.9930446
true 8.49639418800896e-5 273 8 5 0.31 1 0.0006419240332108236 2.4934401
true 0.00020064320735385666 790 8 5 0.31 2 0.0006419240332108236 11.9159208
true 0.0001681303405525969 1246 8 5 0.31 3 0.0006419240332108236 28.3913665
true 0.0002482543504397361 2617 8 5 0.31 4 0.0006419240332108236 77.6460771
true 0.1668091408078707 265 8 6 0.31 1 0.0006419240332108236 2.5214103
true 0.00028136263548970514 462 8 6 0.31 2 0.0006419240332108236 8.1978917
true 0.0002502350801992422 2782 8 6 0.31 3 0.0006419240332108236 56.8933706
true 0.00027780738594771853 10813 8 6 0.31 4 0.0006419240332108236 289.381326
true 0.14307186459409807 195 8 7 0.31 1 0.0006419240332108236 2.0985306
true 0.00024228276919237488 804 8 7 0.31 2 0.0006419240332108236 12.3425239
true 0.14318888216668194 2695 8 7 0.31 3 0.0006419240332108236 56.6467408
true 0.00023416986588728088 1429 8 7 0.31 4 0.0006419240332108236 45.3852814
true 0.12519623670865607 357 8 8 0.31 1 0.0006419240332108236 3.3738066
true 0.00020689510634373798 992 8 8 0.31 2 0.0006419240332108236 15.7291028
true 0.00016879231290180957 5033 8 8 0.31 3 0.0006419240332108236 110.1250007
true 0.0002162999051873865 8247 8 8 0.31 4 0.0006419240332108236 222.3895815
true 8.887635881010825e-5 143 8 1 0.32 1 0.0009656652986781123 1.4251245
true 0.00015824113717632926 390 8 1 0.32 2 0.0009656652986781123 8.1779954
true 0.0001009339911233198 651 8 1 0.32 3 0.0009656652986781123 16.6761795
true 0.00013363934325122395 1290 8 1 0.32 4 0.0009656652986781123 47.3496968
true 0.00010511319755451831 209 8 2 0.32 1 0.0009656652986781123 1.9978034
true 0.00016170109953020373 1205 8 2 0.32 2 0.0009656652986781123 17.1874521
true 0.0001974878993762086 2201 8 2 0.32 3 0.0009656652986781123 44.8497812
true 0.0004830867404937156 1190 8 2 0.32 4 0.0009656652986781123 42.568903
true 0.3333639047587085 173 8 3 0.32 1 0.0009656652986781123 1.7885796
true 0.0001224423739112542 477 8 3 0.32 2 0.0009656652986781123 8.0376272
true 0.0005211316901553483 1671 8 3 0.32 3 0.0009656652986781123 38.4732378
true 0.0003736911473918858 2271 8 3 0.32 4 0.0009656652986781123 66.0251605
true 0.250075092301586 158 8 4 0.32 1 0.0009656652986781123 1.5648647
true 0.0002773694236819363 1064 8 4 0.32 2 0.0009656652986781123 15.4284797
true 0.0002464792829151713 2034 8 4 0.32 3 0.0009656652986781123 41.8092576
true 0.00045426928761405083 1343 8 4 0.32 4 0.0009656652986781123 44.877926
true 0.00010972788007603817 238 8 5 0.32 1 0.0009656652986781123 2.1973578
true 0.0002683893638210644 506 8 5 0.32 2 0.0009656652986781123 8.8729584
true 0.00022589449875899393 1337 8 5 0.32 3 0.0009656652986781123 29.4958447
true 0.0003949818605963218 2029 8 5 0.32 4 0.0009656652986781123 64.342874
true 0.33347246894617494 247 8 6 0.32 1 0.0009656652986781123 2.2381927
true 0.00034413628574057425 2057 8 6 0.32 2 0.0009656652986781123 30.3006416
true 0.00020196760270397665 2777 8 6 0.32 3 0.0009656652986781123 56.9799909
true 0.0005064310413905407 14297 8 6 0.32 4 0.0009656652986781123 377.9309592
true 0.0002781203194587697 405 8 7 0.32 1 0.0009656652986781123 3.6266387
true 0.000378465347713535 2801 8 7 0.32 2 0.0009656652986781123 41.709625
true 0.0012724034311870874 8642 8 7 0.32 3 0.0009656652986781123 185.1569004
true 0.00017811484125467608 2389 8 7 0.32 4 0.0009656652986781123 68.4560537
true 0.12523294461469178 232 8 8 0.32 1 0.0009656652986781123 2.2740684
true 0.0002525468531045655 1599 8 8 0.32 2 0.0009656652986781123 24.0136873
true 0.0006582499882569551 1513 8 8 0.32 3 0.0009656652986781123 35.2696556
true 0.0004223434897489692 5199 8 8 0.32 4 0.0009656652986781123 144.0619697
true 0.00011305173165809812 155 8 1 0.33 1 0.0015946641801874357 1.41722
true 0.000164194510462512 389 8 1 0.33 2 0.0015946641801874357 7.3931265
true 0.00019434512391314218 706 8 1 0.33 3 0.0015946641801874357 17.9201469
true 0.00021036896018544748 1026 8 1 0.33 4 0.0015946641801874357 34.2626014
true 0.00014874480808796386 161 8 2 0.33 1 0.0015946641801874357 1.5415871
true 7.276532236016875e-5 598 8 2 0.33 2 0.0015946641801874357 9.5678421
true 0.0005284594481637095 1209 8 2 0.33 3 0.0015946641801874357 29.1089862
true 0.000532151977788331 2043 8 2 0.33 4 0.0015946641801874357 64.1639242
true 0.00016057504001763348 159 8 3 0.33 1 0.0015946641801874357 1.5410715
true 5.512068935239108e-5 587 8 3 0.33 2 0.0015946641801874357 10.3920457
true 0.0003641248879141523 778 8 3 0.33 3 0.0015946641801874357 20.2701628
true 7.877216059174834e-5 3421 8 3 0.33 4 0.0015946641801874357 97.516776
true 0.00016672573757103848 192 8 4 0.33 1 0.0015946641801874357 1.8736686
true 0.0003887157322969015 945 8 4 0.33 2 0.0015946641801874357 14.4728524
true 0.00038015702167328025 1097 8 4 0.33 3 0.0015946641801874357 29.3723138
true 0.0005685088980816322 5333 8 4 0.33 4 0.0015946641801874357 138.6886608
true 0.2000781583776073 200 8 5 0.33 1 0.0015946641801874357 1.9185509
true 0.0003373380471119902 659 8 5 0.33 2 0.0015946641801874357 10.3586141
true 0.000300499372634877 1185 8 5 0.33 3 0.0015946641801874357 27.8779413
true 0.0004646043923612231 2681 8 5 0.33 4 0.0015946641801874357 77.9608353
true 0.1668711374751334 347 8 6 0.33 1 0.0015946641801874357 2.9694971
true 0.0004181587827646327 1402 8 6 0.33 2 0.0015946641801874357 20.9777234
true 0.16684588000985298 1475 8 6 0.33 3 0.0015946641801874357 31.8228243
true 0.0009208727735483258 8696 8 6 0.33 4 0.0015946641801874357 243.3317304
true 0.14318041961861974 313 8 7 0.33 1 0.0015946641801874357 3.1095565
true 0.00019012070038203013 1882 8 7 0.33 2 0.0015946641801874357 27.8073976
true 0.00022910528715617114 2874 8 7 0.33 3 0.0015946641801874357 58.9823034
true 0.14293903979661526 1831 8 7 0.33 4 0.0015946641801874357 56.3385585
true 0.1252960832710272 199 8 8 0.33 1 0.0015946641801874357 2.0236587
true 0.12523336016323092 826 8 8 0.33 2 0.0015946641801874357 13.2475828
true 0.0002778139637737362 2319 8 8 0.33 3 0.0015946641801874357 49.0048343
true 0.12542909784806103 3884 8 8 0.33 4 0.0015946641801874357 106.0191034
true 0.00016370374797669562 180 8 1 0.34 1 0.0032721762465393357 1.6238442
true 0.000160588721467958 426 8 1 0.34 2 0.0032721762465393357 7.1757344
true 0.00027630419430280106 1354 8 1 0.34 3 0.0032721762465393357 30.6418907
true 0.00045334237243127573 1845 8 1 0.34 4 0.0032721762465393357 59.5954205
true 0.0002579081737054123 167 8 2 0.34 1 0.0032721762465393357 1.6232233
true 0.0001397727834737128 458 8 2 0.34 2 0.0032721762465393357 7.8708701
true 0.0008503563815196458 1299 8 2 0.34 3 0.0032721762465393357 30.4895617
true 0.0002019577093173297 4717 8 2 0.34 4 0.0032721762465393357 129.0646198
true 0.0002918514002374639 321 8 3 0.34 1 0.0032721762465393357 2.9011286
true 0.0001252266673003044 915 8 3 0.34 2 0.0032721762465393357 14.0997602
true 0.00030050067377177897 1148 8 3 0.34 3 0.0032721762465393357 26.0049567
true 0.00014694516672712302 1952 8 3 0.34 4 0.0032721762465393357 56.9328694
true 0.00028303602008572515 345 8 4 0.34 1 0.0032721762465393357 3.0568338
true 0.0006129199024950405 1930 8 4 0.34 2 0.0032721762465393357 27.3540153
true 0.0004306991917889108 1007 8 4 0.34 3 0.0032721762465393357 26.558943
true 0.0007583540777089809 4258 8 4 0.34 4 0.0032721762465393357 118.5124333
true 0.20018671573638347 487 8 5 0.34 1 0.0032721762465393357 4.4517126
true 0.0005588358142777028 1329 8 5 0.34 2 0.0032721762465393357 19.6198372
true 0.0005026724173969432 2276 8 5 0.34 3 0.0032721762465393357 48.1473411
true 0.0006262333330636305 4182 8 5 0.34 4 0.0032721762465393357 120.8751972
true 0.16693674085690766 174 8 6 0.34 1 0.0032721762465393357 1.8190457
true 0.0005297726594228058 1087 8 6 0.34 2 0.0032721762465393357 16.2448915
true 0.00034159835404444966 2844 8 6 0.34 3 0.0032721762465393357 60.2056811
true 0.00045052739568182676 2710 8 6 0.34 4 0.0032721762465393357 75.6253765
true 0.0004906349282813702 319 8 7 0.34 1 0.0032721762465393357 2.8427847
true 0.0002497976758538927 3368 8 7 0.34 2 0.0032721762465393357 48.7599438
true 0.00033808933629914106 2000 8 7 0.34 3 0.0032721762465393357 45.6239395
true 0.00038061328510436657 2071 8 7 0.34 4 0.0032721762465393357 62.0836801
true 0.00045347436073508995 383 8 8 0.34 1 0.0032721762465393357 3.686669
true 0.0005323437220505836 1514 8 8 0.34 2 0.0032721762465393357 22.734769
true 0.00037904862341046897 3108 8 8 0.34 3 0.0032721762465393357 63.9970077
true 0.0006919274547295268 4635 8 8 0.34 4 0.0032721762465393357 126.5369943
true 0.000260435068127729 169 8 1 0.35 1 0.0064367258595390735 1.575347
true 0.00020926469206966614 417 8 1 0.35 2 0.0064367258595390735 7.963639
true 0.0005445957205875707 865 8 1 0.35 3 0.0064367258595390735 21.5152389
true 0.0002430596541637131 4526 8 1 0.35 4 0.0064367258595390735 123.3618693
true 0.0004764872519222585 158 8 2 0.35 1 0.0064367258595390735 1.5848576
true 0.0006395627057295405 356 8 2 0.35 2 0.0064367258595390735 6.733261
true 0.0003885769886420587 1765 8 2 0.35 3 0.0064367258595390735 38.1715249
true 0.0006257066176153236 1595 8 2 0.35 4 0.0064367258595390735 55.2869422
true 0.0005564052089542434 190 8 3 0.35 1 0.0064367258595390735 1.8743174
true 0.0002903377253325827 433 8 3 0.35 2 0.0064367258595390735 7.4131389
true 0.000801936733534477 930 8 3 0.35 3 0.0064367258595390735 22.4351701
true 0.0006127212691030189 1645 8 3 0.35 4 0.0064367258595390735 49.1288867
true 0.25017127020993113 176 8 4 0.35 1 0.0064367258595390735 1.783864
true 0.0003885455720568365 885 8 4 0.35 2 0.0064367258595390735 13.2115287
true 0.0005656113566148563 2046 8 4 0.35 3 0.0064367258595390735 43.5240583
true 0.001151835970490983 2798 8 4 0.35 4 0.0064367258595390735 75.8115163
true 0.0004512481027574511 205 8 5 0.35 1 0.0064367258595390735 1.942062
true 0.0005256768113762411 1531 8 5 0.35 2 0.0064367258595390735 21.6138148
true 0.000640152465348065 1616 8 5 0.35 3 0.0064367258595390735 37.9714601
true 0.0008379574650724142 1736 8 5 0.35 4 0.0064367258595390735 54.190018
true 0.16720340491650296 255 8 6 0.35 1 0.0064367258595390735 2.4665548
true 0.0004314835373002886 1873 8 6 0.35 2 0.0064367258595390735 27.3222077
true 0.0006344072739812948 1691 8 6 0.35 3 0.0064367258595390735 38.6687648
true 0.000686449874423641 1174 8 6 0.35 4 0.0064367258595390735 38.9522626
true 0.14350933751750708 253 8 7 0.35 1 0.0064367258595390735 2.3918647
true 0.07186592656976012 777 8 7 0.35 2 0.0064367258595390735 12.0912046
true 0.14317789697641933 1582 8 7 0.35 3 0.0064367258595390735 34.5824223
true 0.0010546174884977302 4291 8 7 0.35 4 0.0064367258595390735 116.0761965
true 0.2504673418400451 221 8 8 0.35 1 0.0064367258595390735 2.1910301
true 0.0003677542214952506 450 8 8 0.35 2 0.0064367258595390735 8.0758736
true 0.0004927695002308538 2252 8 8 0.35 3 0.0064367258595390735 48.0249212
true 0.000784309038453869 5069 8 8 0.35 4 0.0064367258595390735 133.2517808
true 0.0005323444486647899 177 8 1 0.36 1 0.014911844688028395 1.6521671
true 0.00034385223041455415 458 8 1 0.36 2 0.014911844688028395 7.621892
true 0.0010279833681432482 546 8 1 0.36 3 0.014911844688028395 15.1407767
true 0.00038849771003107714 5006 8 1 0.36 4 0.014911844688028395 136.3943054
true 0.0011186030145942938 173 8 2 0.36 1 0.014911844688028395 1.5757823
true 0.0017224234531714455 424 8 2 0.36 2 0.014911844688028395 7.456145
true 0.0010484847211710002 1012 8 2 0.36 3 0.014911844688028395 22.9310173
true 0.000912511886532491 3169 8 2 0.36 4 0.014911844688028395 89.7933461
true 0.0013386801273327735 184 8 3 0.36 1 0.014911844688028395 1.7077566
true 0.0003275465850539246 1407 8 3 0.36 2 0.014911844688028395 19.879118
true 0.0016249139428626824 1050 8 3 0.36 3 0.014911844688028395 24.5810636
true 0.0005258905111254301 7190 8 3 0.36 4 0.014911844688028395 189.4294377
true 0.25091947315331214 183 8 4 0.36 1 0.014911844688028395 1.7675924
true 0.0008354571264081317 432 8 4 0.36 2 0.014911844688028395 7.7056777
true 0.0010830208925090151 7906 8 4 0.36 3 0.014911844688028395 159.0431484
true 0.0015459965811811804 3417 8 4 0.36 4 0.014911844688028395 93.5650129
true 0.0010310954600829315 324 8 5 0.36 1 0.014911844688028395 2.8640698
true 0.0006968158869072871 568 8 5 0.36 2 0.014911844688028395 9.5527854
true 0.001329711751643936 1353 8 5 0.36 3 0.014911844688028395 30.9764029
true 0.0008589648870926614 3863 8 5 0.36 4 0.014911844688028395 102.6551741
true 0.16735569915493476 239 8 6 0.36 1 0.014911844688028395 2.295932
true 0.0011029356496457439 1527 8 6 0.36 2 0.014911844688028395 22.6351311
true 0.001385740305448413 6304 8 6 0.36 3 0.014911844688028395 128.6868671
true 0.0015903542165665214 1828 8 6 0.36 4 0.014911844688028395 57.5947013
true 0.0014940207658888768 262 8 7 0.36 1 0.014911844688028395 2.4842489
true 0.0012715952092476651 2920 8 7 0.36 2 0.014911844688028395 43.5851617
true 0.14397807777054775 1367 8 7 0.36 3 0.014911844688028395 30.8158914
true 0.0006828453790506751 5163 8 7 0.36 4 0.014911844688028395 135.6046565
true 0.12575423286238774 389 8 8 0.36 1 0.014911844688028395 3.4779344
true 0.06338823022763684 1404 8 8 0.36 2 0.014911844688028395 20.5316748
true 0.001527465573829781 1965 8 8 0.36 3 0.014911844688028395 43.9893017
true 0.0009184859593743058 8952 8 8 0.36 4 0.014911844688028395 242.0372992
true 0.0016126282755706822 151 8 1 0.37 1 0.04330148052247659 1.5266511
true 0.0006085264433801085 888 8 1 0.37 2 0.04330148052247659 13.2229586
true 0.0002910794819006024 3001 8 1 0.37 3 0.04330148052247659 63.8407726
true 0.000658369954567195 1852 8 1 0.37 4 0.04330148052247659 56.4462023
true 0.003698362625787044 166 8 2 0.37 1 0.04330148052247659 1.6095804
true 0.0009714973710712449 1494 8 2 0.37 2 0.04330148052247659 22.5193075
true 0.003011762272495111 1109 8 2 0.37 3 0.04330148052247659 25.2469505
true 0.0009236900400002857 8730 8 2 0.37 4 0.04330148052247659 237.5964376
true 0.004494197603420754 156 8 3 0.37 1 0.04330148052247659 1.6047132
true 0.0010550485253261372 2000 8 3 0.37 2 0.04330148052247659 28.9866798
true 0.0027215029707427876 4360 8 3 0.37 3 0.04330148052247659 87.3244844
true 0.0021917867526997834 7731 8 3 0.37 4 0.04330148052247659 204.5535698
true 0.2530719257933054 161 8 4 0.37 1 0.04330148052247659 1.5948712
true 0.0015662017481211515 978 8 4 0.37 2 0.04330148052247659 15.6008793
true 0.0039395954849385795 2078 8 4 0.37 3 0.04330148052247659 46.0633822
true 0.001516331234907034 8876 8 4 0.37 4 0.04330148052247659 228.3355092
true 0.0033555194736204054 267 8 5 0.37 1 0.04330148052247659 2.4718085
true 0.000671066489777472 1215 8 5 0.37 2 0.04330148052247659 18.0611601
true 0.002285149264245534 3608 8 5 0.37 3 0.04330148052247659 74.9725468
true 0.0009939416579432757 3067 8 5 0.37 4 0.04330148052247659 83.5704233
true 0.1700052702924207 503 8 6 0.37 1 0.04330148052247659 4.5794755
true 0.0007768458096472641 3285 8 6 0.37 2 0.04330148052247659 46.8334138
true 0.0037072744809856875 1332 8 6 0.37 3 0.04330148052247659 30.0887057
true 0.005048757747503611 4371 8 6 0.37 4 0.04330148052247659 122.5169941
true 0.004378607095663337 237 8 7 0.37 1 0.04330148052247659 2.3263562
true 0.0030731627139974427 999 8 7 0.37 2 0.04330148052247659 15.1442241
true 0.003940730679884009 3262 8 7 0.37 3 0.04330148052247659 71.4438959
true 0.0009892685408772275 9231 8 7 0.37 4 0.04330148052247659 254.5218338
true 0.25215572886758564 245 8 8 0.37 1 0.04330148052247659 2.4138429
true 0.003690067093785228 4869 8 8 0.37 2 0.04330148052247659 70.8815222
true 0.002623900485072897 4596 8 8 0.37 3 0.04330148052247659 96.683603
true 0.0037747315153663225 7042 8 8 0.37 4 0.04330148052247659 187.0263569
true 0.002772456690694425 147 8 1 0.38 1 0.06802735308496373 1.43103
true 0.0009044234542988638 1204 8 1 0.38 2 0.06802735308496373 17.2809851
true 0.001467311541412497 874 8 1 0.38 3 0.06802735308496373 24.6550196
true 0.0009052997721210598 2846 8 1 0.38 4 0.06802735308496373 76.5266958
true 0.006334078780092983 294 8 2 0.38 1 0.06802735308496373 2.4938178
true 0.0025722324905581018 1738 8 2 0.38 2 0.06802735308496373 26.2652846
true 0.001809246324077779 4139 8 2 0.38 3 0.06802735308496373 87.4253757
true 0.0012806294322771083 4718 8 2 0.38 4 0.06802735308496373 125.0614515
true 0.0077001416549729584 184 8 3 0.38 1 0.06802735308496373 1.857209
true 0.0009909143307998414 597 8 3 0.38 2 0.06802735308496373 9.6663588
true 0.0007791619360076699 4076 8 3 0.38 3 0.06802735308496373 82.2808189
true 0.0012101013917047247 3403 8 3 0.38 4 0.06802735308496373 92.5610501
true 0.25524102873203547 197 8 4 0.38 1 0.06802735308496373 1.9483714
true 0.0027664538815618672 2120 8 4 0.38 2 0.06802735308496373 31.5601239
true 0.0012849753436642714 2710 8 4 0.38 3 0.06802735308496373 55.8834278
true 0.004640987854042183 9249 8 4 0.38 4 0.06802735308496373 253.5703718
true 0.204884459278383 187 8 5 0.38 1 0.06802735308496373 1.8730458
true 0.0009060333355631389 1967 8 5 0.38 2 0.06802735308496373 29.8184521
true 0.2012752590747932 3594 8 5 0.38 3 0.06802735308496373 76.090774
true 0.00144084164634668 9261 8 5 0.38 4 0.06802735308496373 233.5379238
true 0.006533567567028266 212 8 6 0.38 1 0.06802735308496373 2.048905
true 0.1705784325795819 1250 8 6 0.38 2 0.06802735308496373 18.5597989
true 0.0015687364779677822 3906 8 6 0.38 3 0.06802735308496373 80.1548473
true 0.00671353744738266 2529 8 6 0.38 4 0.06802735308496373 73.8611031
true 0.007319876794513854 348 8 7 0.38 1 0.06802735308496373 3.4389982
true 0.14535985938324006 1236 8 7 0.38 2 0.06802735308496373 18.8129011
true 0.00041320928386806566 8477 8 7 0.38 3 0.06802735308496373 172.3017348
true 0.0011924068376039018 17542 8 7 0.38 4 0.06802735308496373 434.0152412
true 0.13107783803931025 596 8 8 0.38 1 0.06802735308496373 4.9757834
true 0.006037064979777233 1932 8 8 0.38 2 0.06802735308496373 25.6627039
true 0.004640676355105927 2390 8 8 0.38 3 0.06802735308496373 44.5910622
true 0.0008477691245462327 24283 8 8 0.38 4 0.06802735308496373 562.5858791
true 0.0027798097662601884 205 8 1 0.39 1 0.06550587700762392 1.7520689
true 0.0013127012925814863 1119 8 1 0.39 2 0.06550587700762392 14.1114065
true 0.001735245645755501 1167 8 1 0.39 3 0.06550587700762392 23.7530725
true 0.0008738783006670414 2833 8 1 0.39 4 0.06550587700762392 68.930491
true 0.006071588879922901 158 8 2 0.39 1 0.06550587700762392 1.3732333
true 0.0017852168119235345 422 8 2 0.39 2 0.06550587700762392 6.6972728
true 0.001700652833947408 5093 8 2 0.39 3 0.06550587700762392 92.780885
true 0.0018928223003289446 6768 8 2 0.39 4 0.06550587700762392 163.4349691
true 0.334079030306947 200 8 3 0.39 1 0.06550587700762392 1.6341018
true 0.0014449357992908918 972 8 3 0.39 2 0.06550587700762392 12.777957
true 0.0015004203173232995 4572 8 3 0.39 3 0.06550587700762392 85.4693163
true 0.0015529928685870293 5972 8 3 0.39 4 0.06550587700762392 139.6070366
true 0.006381759137504842 493 8 4 0.39 1 0.06550587700762392 4.0565007
true 0.0014586442050114057 1808 8 4 0.39 2 0.06550587700762392 23.7205822
true 0.00402194102374849 6634 8 4 0.39 3 0.06550587700762392 121.8021344
true 0.0040013749525005665 8191 8 4 0.39 4 0.06550587700762392 193.3835951
true 0.005539679088546657 230 8 5 0.39 1 0.06550587700762392 2.0191907
true 0.0009642456729754944 748 8 5 0.39 2 0.06550587700762392 10.3391195
true 0.0017535104964749083 2344 8 5 0.39 3 0.06550587700762392 45.0787435
true 0.001749432756927638 2902 8 5 0.39 4 0.06550587700762392 80.9915909
true 0.16966032326647376 332 8 6 0.39 1 0.06550587700762392 2.8389502
true 0.0010811329740182303 2381 8 6 0.39 2 0.06550587700762392 30.5740333
true 0.001052536515311046 9681 8 6 0.39 3 0.06550587700762392 174.6097078
true 0.0013370170105406105 6670 8 6 0.39 4 0.06550587700762392 157.8351886
true 0.14910400935074186 406 8 7 0.39 1 0.06550587700762392 3.3827303
true 0.001035928151705596 2581 8 7 0.39 2 0.06550587700762392 35.0468353
true 0.14714051361236774 3231 8 7 0.39 3 0.06550587700762392 58.4313639
true 0.0012763347045255471 5428 8 7 0.39 4 0.06550587700762392 130.2884466
true 0.12880830328710308 192 8 8 0.39 1 0.06550587700762392 1.7781614
true 0.00599908990748825 1503 8 8 0.39 2 0.06550587700762392 19.3670435
true 0.0052221613904795405 4050 8 8 0.39 3 0.06550587700762392 72.6499846
true 0.005427529894117648 19498 8 8 0.39 4 0.06550587700762392 465.9765491
true 0.011149546825127865 169 8 1 0.4 1 0.19554009410104872 1.6375357
true 0.0035467938894722106 1607 8 1 0.4 2 0.19554009410104872 23.0910148
true 0.005122300953795678 1476 8 1 0.4 3 0.19554009410104872 36.7930896
true 0.003557954335835778 5430 8 1 0.4 4 0.19554009410104872 142.6361701
true 0.024117090461420604 292 8 2 0.4 1 0.19554009410104872 2.7144927
true 0.0036191663241067484 563 8 2 0.4 2 0.19554009410104872 9.146905
true 0.000279970619221831 3538 8 2 0.4 3 0.19554009410104872 72.59133
true 0.0065409628406698506 4954 8 2 0.4 4 0.19554009410104872 132.9559934
true 0.029054167250359048 249 8 3 0.4 1 0.19554009410104872 2.3725269
true 0.005254410185144165 872 8 3 0.4 2 0.19554009410104872 13.6006611
true 0.0043626007509742215 2655 8 3 0.4 3 0.19554009410104872 57.4983377
true 0.002893914361074094 4897 8 3 0.4 4 0.19554009410104872 135.582769
true 0.025247299734149506 312 8 4 0.4 1 0.19554009410104872 2.957827
true 0.002480534754837907 898 8 4 0.4 2 0.19554009410104872 13.2455808
true 0.004386414051159138 3072 8 4 0.4 3 0.19554009410104872 63.4905602
true 0.0023827506443198365 8978 8 4 0.4 4 0.19554009410104872 243.2512955
true 0.0219605424106048 282 8 5 0.4 1 0.19554009410104872 2.7534465
true 0.015018821469950427 1513 8 5 0.4 2 0.19554009410104872 22.056298
true 0.013251257515751269 3645 8 5 0.4 3 0.19554009410104872 75.1942841
true 0.002929954350015507 9376 8 5 0.4 4 0.19554009410104872 253.8682254
true 0.17792277409691612 231 8 6 0.4 1 0.19554009410104872 2.5580375
true 0.002403942469298953 2377 8 6 0.4 2 0.19554009410104872 33.8242331
true 0.004134793122936455 6470 8 6 0.4 3 0.19554009410104872 129.2393744
true 0.0007386328373367353 5579 8 6 0.4 4 0.19554009410104872 146.375816
true 0.026933268525911252 326 8 7 0.4 1 0.19554009410104872 2.889476
true 0.02782949311601928 1171 8 7 0.4 2 0.19554009410104872 17.5297703
true 0.01668750066367436 8172 8 7 0.4 3 0.19554009410104872 167.8381945
true 0.015417543774257208 24780 8 7 0.4 4 0.19554009410104872 659.007735
true 0.14145933777885353 244 8 8 0.4 1 0.19554009410104872 2.3138768
true 0.002893176504981762 1739 8 8 0.4 2 0.19554009410104872 25.5849733
true 0.14135275015011103 3302 8 8 0.4 3 0.19554009410104872 68.4564875
true 0.0034496061036084283 3390 8 8 0.4 4 0.19554009410104872 92.9227647
true 0.011042065572999749 135 8 1 0.41 1 0.18889286645015071 1.3741346
true 0.005103145098966366 391 8 1 0.41 2 0.18889286645015071 6.8303763
true 0.00240584266617061 2137 8 1 0.41 3 0.18889286645015071 48.4558948
true 0.000582115302984576 14161 8 1 0.41 4 0.18889286645015071 365.7936351
true 0.023058535193637375 250 8 2 0.41 1 0.18889286645015071 2.2705264
true 0.0027090404832065818 1231 8 2 0.41 2 0.18889286645015071 17.7756213
true 0.0024805847505210143 2512 8 2 0.41 3 0.18889286645015071 52.3739605
true 0.0028591573883546273 6702 8 2 0.41 4 0.18889286645015071 170.7743809
true 0.027675757267616192 232 8 3 0.41 1 0.18889286645015071 2.1111379
true 0.0068486852226112465 1110 8 3 0.41 2 0.18889286645015071 15.4360324
true 0.001424053402405756 4814 8 3 0.41 3 0.18889286645015071 95.0803188
true 0.006119517123553871 10072 8 3 0.41 4 0.18889286645015071 253.7664973
true 0.02417589942483768 184 8 4 0.41 1 0.18889286645015071 1.833011
true 0.0025651040242973683 1085 8 4 0.41 2 0.18889286645015071 15.5608201
true 0.006307721326405738 6081 8 4 0.41 3 0.18889286645015071 124.5775726
true 0.006806710670181876 5512 8 4 0.41 4 0.18889286645015071 144.71855
true 0.21655231851308526 160 8 5 0.41 1 0.18889286645015071 1.7088506
true 0.002477940330401651 675 8 5 0.41 2 0.18889286645015071 10.6233953
true 0.005148357661172731 5817 8 5 0.41 3 0.18889286645015071 122.7834554
true 0.014216003419094115 4193 8 5 0.41 4 0.18889286645015071 116.000492
true 0.023296631217888147 220 8 6 0.41 1 0.18889286645015071 2.216257
true 0.014781189542374229 4312 8 6 0.41 2 0.18889286645015071 68.5525554
true 0.17052188911843305 6110 8 6 0.41 3 0.18889286645015071 128.2047702
true 0.002702372641058437 5297 8 6 0.41 4 0.18889286645015071 142.282859
true 0.16603949202742427 409 8 7 0.41 1 0.18889286645015071 3.7829421
true 0.0025272075684647905 1633 8 7 0.41 2 0.18889286645015071 24.8851975
true 0.006986516393844082 11941 8 7 0.41 3 0.18889286645015071 243.681593
true 0.0006091764074878737 26024 8 7 0.41 4 0.18889286645015071 654.4700643
true 0.024690683608929773 391 8 8 0.41 1 0.18889286645015071 3.4066141
true 0.021633364626900964 3960 8 8 0.41 2 0.18889286645015071 56.9916414
true 0.01367741669192584 7141 8 8 0.41 3 0.18889286645015071 143.3945966
true 0.01784091772400656 6829 8 8 0.41 4 0.18889286645015071 183.7996601
true 0.007680238681192886 206 8 1 0.42 1 0.13631122814293237 1.9194734
true 0.0017018257483540356 811 8 1 0.42 2 0.13631122814293237 12.5348936
true 0.0015581799310905309 3419 8 1 0.42 3 0.13631122814293237 69.8269343
true 0.0014767396179384273 7899 8 1 0.42 4 0.13631122814293237 197.2456401
true 0.015128871499773544 218 8 2 0.42 1 0.13631122814293237 1.9991529
true 0.003038825304676529 896 8 2 0.42 2 0.13631122814293237 14.4458768
true 0.0038420691001884444 2837 8 2 0.42 3 0.13631122814293237 57.6491161
true 0.004397594099067981 9984 8 2 0.42 4 0.13631122814293237 252.6306116
true 0.01803315288965061 175 8 3 0.42 1 0.13631122814293237 1.6254746
true 0.002798240599390082 1728 8 3 0.42 2 0.13631122814293237 24.1335616
true 0.002330041072585609 3728 8 3 0.42 3 0.13631122814293237 74.4851928
true 0.0010676802960240355 13448 8 3 0.42 4 0.13631122814293237 333.9899459
true 0.015891481672375127 238 8 4 0.42 1 0.13631122814293237 2.1698852
true 0.01494534250061226 776 8 4 0.42 2 0.13631122814293237 13.9131234
true 0.004538232105996812 4316 8 4 0.42 3 0.13631122814293237 91.4905405
true 0.002995886406959261 9026 8 4 0.42 4 0.13631122814293237 238.4024125
true 0.21081554211239642 180 8 5 0.42 1 0.13631122814293237 2.0185444
true 0.0020175674178992686 797 8 5 0.42 2 0.13631122814293237 13.1909047
true 0.00684431687296333 4375 8 5 0.42 3 0.13631122814293237 93.3815699
true 0.0009887749636000366 13573 8 5 0.42 4 0.13631122814293237 345.2751021
true 0.015400581627787485 412 8 6 0.42 1 0.13631122814293237 3.8860544
true 0.01034735669228142 1407 8 6 0.42 2 0.13631122814293237 22.2117351
true 0.008508563507945932 3110 8 6 0.42 3 0.13631122814293237 64.588986
true 0.0024183286208614894 14758 8 6 0.42 4 0.13631122814293237 393.8939583
true 0.15307579006614586 248 8 7 0.42 1 0.13631122814293237 2.5738954
true 0.0021139560038928584 1365 8 7 0.42 2 0.13631122814293237 21.6433554
true 0.14829170016807516 4779 8 7 0.42 3 0.13631122814293237 98.9499826
true 0.009930356399581739 8520 8 7 0.42 4 0.13631122814293237 224.8030798
true 0.01636414989707559 349 8 8 0.42 1 0.13631122814293237 3.4331111
true 0.0024363486090267297 1780 8 8 0.42 2 0.13631122814293237 28.8096033
true 0.13415890957882926 1602 8 8 0.42 3 0.13631122814293237 37.9712607
true 0.0004354206696737667 6756 8 8 0.42 4 0.13631122814293237 176.5202186
true 0.022199747892821642 142 8 1 0.43 1 0.3018002607547395 1.5702641
true 0.007014634196515379 790 8 1 0.43 2 0.3018002607547395 12.511564
true 0.00895165696530259 2680 8 1 0.43 3 0.3018002607547395 56.1300434
true 0.00043123695211499946 5245 8 1 0.43 4 0.3018002607547395 141.3643865
true 0.04410015698524136 142 8 2 0.43 1 0.3018002607547395 1.4533299
true 0.004292957548201776 1313 8 2 0.43 2 0.3018002607547395 19.289669
true 0.009056362471252216 4985 8 2 0.43 3 0.3018002607547395 105.1528377
true 0.011290800931100797 6270 8 2 0.43 4 0.3018002607547395 163.0324829
true 0.05241602776108587 210 8 3 0.43 1 0.3018002607547395 2.1258164
true 0.013698969324032676 820 8 3 0.43 2 0.3018002607547395 13.4633658
true 0.0074062703474075215 2848 8 3 0.43 3 0.3018002607547395 59.9014639
true 0.00446937785930616 4931 8 3 0.43 4 0.3018002607547395 137.7696432
true 0.04627680851743117 308 8 4 0.43 1 0.3018002607547395 2.802599
true 0.004512954682346179 961 8 4 0.43 2 0.3018002607547395 14.8900212
true 0.033670660113676684 4286 8 4 0.43 3 0.3018002607547395 94.6018897
true 0.01406350877346077 15610 8 4 0.43 4 0.3018002607547395 426.7883484
true 0.04062900147784406 216 8 5 0.43 1 0.3018002607547395 2.0932048
true 0.0044412789349498995 766 8 5 0.43 2 0.3018002607547395 12.4809764
true 0.00047267578619245574 3285 8 5 0.43 3 0.3018002607547395 65.6754928
true 0.004337946018329941 2241 8 5 0.43 4 0.3018002607547395 64.9960608
true 0.044343674265212296 231 8 6 0.43 1 0.3018002607547395 2.2766241
true 0.004257564985967142 2908 8 6 0.43 2 0.3018002607547395 42.4919865
true 0.019435495100824707 2901 8 6 0.43 3 0.3018002607547395 60.2589595
true 0.019760298788773178 14470 8 6 0.43 4 0.3018002607547395 374.4188598
true 0.29390635514406244 398 8 7 0.43 1 0.3018002607547395 3.587658
true 0.004331640215018163 689 8 7 0.43 2 0.3018002607547395 11.4392727
true 0.03186381061318359 5191 8 7 0.43 3 0.3018002607547395 112.8179733
true 0.004738568385992887 1985 8 7 0.43 4 0.3018002607547395 58.5504789
true 0.04698040490563455 316 8 8 0.43 1 0.3018002607547395 2.9904714
true 0.0048133094295635045 1475 8 8 0.43 2 0.3018002607547395 22.8555982
true 0.02246338414815157 12457 8 8 0.43 3 0.3018002607547395 262.1345873
true 0.010536584443646302 11946 8 8 0.43 4 0.3018002607547395 318.1243707
true 0.02938393202497469 207 8 1 0.44 1 0.3591551388267881 1.8179386
true 0.016821666054641804 945 8 1 0.44 2 0.3591551388267881 14.2355596
true 0.006413377534594367 4571 8 1 0.44 3 0.3591551388267881 91.8165388
true 0.004241742052990161 4522 8 1 0.44 4 0.3591551388267881 123.5183993
true 0.057081842874041416 212 8 2 0.44 1 0.3591551388267881 2.0666437
true 0.013735108572942717 932 8 2 0.44 2 0.3591551388267881 13.9601034
true 0.010886584541932809 5146 8 2 0.44 3 0.3591551388267881 99.4855274
true 0.007195170027292724 11141 8 2 0.44 4 0.3591551388267881 299.1571854
true 0.3410345330392677 263 8 3 0.44 1 0.3591551388267881 2.3577531
true 0.00560320353163533 917 8 3 0.44 2 0.3591551388267881 13.2889478
true 0.012496934834405116 1992 8 3 0.44 3 0.3591551388267881 45.6576289
true 0.005742680798513071 5426 8 3 0.44 4 0.3591551388267881 141.6506807
true 0.05992344728839913 214 8 4 0.44 1 0.3591551388267881 2.0171978
true 0.053287138118678565 1577 8 4 0.44 2 0.3591551388267881 23.5978133
true 0.010998046136209971 10021 8 4 0.44 3 0.3591551388267881 199.3495244
true 0.017290050768109674 8029 8 4 0.44 4 0.3591551388267881 203.2906965
true 0.052782849419085565 310 8 5 0.44 1 0.3591551388267881 3.009495
true 0.06636736458184665 978 8 5 0.44 2 0.3591551388267881 15.4197165
true 0.0005104317305799966 6380 8 5 0.44 3 0.3591551388267881 122.1299345
true 0.0005599569563815687 15060 8 5 0.44 4 0.3591551388267881 389.8174339
true 0.057324541988779815 200 8 6 0.44 1 0.3591551388267881 2.0081532
true 0.06125051576580164 1869 8 6 0.44 2 0.3591551388267881 27.6441739
true 0.0005167700338786404 13514 8 6 0.44 3 0.3591551388267881 268.4922769
true 0.026357235723868 12801 8 6 0.44 4 0.3591551388267881 334.2443129
true 0.19829272548242607 333 8 7 0.44 1 0.3591551388267881 3.2481829
true 0.005390321210462282 920 8 7 0.44 2 0.3591551388267881 14.0280242
true 0.017730352391486705 5353 8 7 0.44 3 0.3591551388267881 108.364401
true 0.030825596092029745 10083 8 7 0.44 4 0.3591551388267881 278.0994178
true 0.06072130203920483 326 8 8 0.44 1 0.3591551388267881 3.0769862
true 0.14932025933283155 1506 8 8 0.44 2 0.3591551388267881 22.1359491
true 0.03839535851224981 9183 8 8 0.44 3 0.3591551388267881 192.3261221
true 0.03278931175500054 11866 8 8 0.44 4 0.3591551388267881 309.2630425
true 0.05204467078996583 169 8 1 0.45 1 0.5160396457256929 1.6095453
true 0.015985941696341488 1337 8 1 0.45 2 0.5160396457256929 20.8060651
true 0.010642429154335276 2320 8 1 0.45 3 0.5160396457256929 48.6624728
true 0.0012041366117876429 5084 8 1 0.45 4 0.5160396457256929 133.4978437
true 0.10370677003067982 206 8 2 0.45 1 0.5160396457256929 1.9947682
true 0.025229380532883566 1103 8 2 0.45 2 0.5160396457256929 15.7805011
true 0.017572231578267233 3559 8 2 0.45 3 0.5160396457256929 72.2235623
true 0.008144530278233947 3031 8 2 0.45 4 0.5160396457256929 84.0447955
true 0.12177810714021958 141 8 3 0.45 1 0.5160396457256929 1.432453
true 0.025206029875180964 775 8 3 0.45 2 0.5160396457256929 11.6374819
true 0.02116750593291224 2646 8 3 0.45 3 0.5160396457256929 57.5424364
true 0.07321826650747576 2011 8 3 0.45 4 0.5160396457256929 60.4268284
true 0.1089621922773663 173 8 4 0.45 1 0.5160396457256929 1.7129604
true 0.03192618877223004 690 8 4 0.45 2 0.5160396457256929 11.4304632
true 0.019355258384936125 5059 8 4 0.45 3 0.5160396457256929 98.7810207
true 0.02021568443280923 10443 8 4 0.45 4 0.5160396457256929 260.7968827
true 0.09621815019272453 301 8 5 0.45 1 0.5160396457256929 2.6983975
true 0.066074344325211 2842 8 5 0.45 2 0.5160396457256929 42.6304929
true 0.02357875297597367 1220 8 5 0.45 3 0.5160396457256929 29.3186347
true 0.0024164049147680665 8713 8 5 0.45 4 0.5160396457256929 220.1136855
true 0.21946850966431822 276 8 6 0.45 1 0.5160396457256929 2.6168354
true 0.1621824540354864 1647 8 6 0.45 2 0.5160396457256929 23.6648639
true 0.0004663724300156639 6110 8 6 0.45 3 0.5160396457256929 116.1738261
true 0.0008183509936757946 28578 8 6 0.45 4 0.5160396457256929 694.5559234
true 0.11371758915707127 351 8 7 0.45 1 0.5160396457256929 3.2674199
true 0.07931086037415122 1956 8 7 0.45 2 0.5160396457256929 28.3454358
true 0.06120643344483597 6334 8 7 0.45 3 0.5160396457256929 127.4379456
true 0.0009739681449129146 6628 8 7 0.45 4 0.5160396457256929 174.4456481
true 0.22256990538695953 343 8 8 0.45 1 0.5160396457256929 3.1936331
true 0.007652123834393336 1216 8 8 0.45 2 0.5160396457256929 17.9746454
true 0.06278435057590716 6409 8 8 0.45 3 0.5160396457256929 128.8526538
true 0.0004495888371852108 8787 8 8 0.45 4 0.5160396457256929 225.4421444
true 0.08380287132867709 144 8 1 0.46 1 0.6720631097508816 1.5185147
true 0.024934975752983535 735 8 1 0.46 2 0.6720631097508816 11.5274927
true 0.0012497300454335503 3596 8 1 0.46 3 0.6720631097508816 71.9983723
true 0.012746378522572932 5379 8 1 0.46 4 0.6720631097508816 140.5300457
true 0.19453679032931756 185 8 2 0.46 1 0.6720631097508816 1.7083805
true 0.038074798868202975 1215 8 2 0.46 2 0.6720631097508816 16.968878
true 0.00023432505324266772 5543 8 2 0.46 3 0.6720631097508816 105.3797175
true 0.011159920102865484 3892 8 2 0.46 4 0.6720631097508816 102.9203849
true 0.33081198475187773 149 8 3 0.46 1 0.6720631097508816 1.4894351
true 0.048606738883675726 823 8 3 0.46 2 0.6720631097508816 12.3441187
true 0.02810516836965295 3411 8 3 0.46 3 0.6720631097508816 68.0388024
true 0.011963078771477656 4577 8 3 0.46 4 0.6720631097508816 122.7828721
true 0.38224918178855494 230 8 4 0.46 1 0.6720631097508816 2.1801428
true 0.04963569329661906 2007 8 4 0.46 2 0.6720631097508816 27.4469305
true 0.13002033476821856 7298 8 4 0.46 3 0.6720631097508816 156.9761429
true 0.02948061096369102 8606 8 4 0.46 4 0.6720631097508816 219.8516255
true 0.2670429748124156 168 8 5 0.46 1 0.6720631097508816 1.6944225
true 0.012458842587832164 569 8 5 0.46 2 0.6720631097508816 9.3253419
true 0.04105241966609542 3531 8 5 0.46 3 0.6720631097508816 70.3474171
true 0.04578376779456724 3116 8 5 0.46 4 0.6720631097508816 86.0519987
true 0.19559757881368042 312 8 6 0.46 1 0.6720631097508816 2.7986365
true 0.010481376458366581 2687 8 6 0.46 2 0.6720631097508816 39.8651722
true 0.19418555246687208 3377 8 6 0.46 3 0.6720631097508816 69.4292344
true 0.008155179405184407 7903 8 6 0.46 4 0.6720631097508816 207.2525338
true 0.21305702529813328 289 8 7 0.46 1 0.6720631097508816 2.7171999
true 0.010336077557059398 1863 8 7 0.46 2 0.6720631097508816 26.997423
true 0.0010488010489033933 2510 8 7 0.46 3 0.6720631097508816 53.5890463
true 0.003401917335765305 18342 8 7 0.46 4 0.6720631097508816 454.109909
true 0.2516840606982452 553 8 8 0.46 1 0.6720631097508816 5.2833033
true 0.009155589753893273 1953 8 8 0.46 2 0.6720631097508816 28.088016
true 0.0003474493661995079 8778 8 8 0.46 3 0.6720631097508816 167.6690329
true 0.004068005276664045 15119 8 8 0.46 4 0.6720631097508816 384.2903469
true 0.07840341942476253 146 8 1 0.47 1 0.6339212805324497 1.4223909
true 0.023790956680108666 1085 8 1 0.47 2 0.6339212805324497 16.2338419
true 0.005851347289661413 1317 8 1 0.47 3 0.6339212805324497 31.8179126
true 0.00013050339826042867 14616 8 1 0.47 4 0.6339212805324497 380.9196434
true 0.1617962628478416 158 8 2 0.47 1 0.6339212805324497 1.5609859
true 0.035512066280779686 1420 8 2 0.47 2 0.6339212805324497 20.6486317
true 0.018942662992791848 7149 8 2 0.47 3 0.6339212805324497 140.789717
true 0.025427892679194986 4030 8 2 0.47 4 0.6339212805324497 111.0631125
true 0.3639646691724714 162 8 3 0.47 1 0.6339212805324497 1.508574
true 0.012966545419275851 1250 8 3 0.47 2 0.6339212805324497 18.408489
true 0.018933519508689194 3903 8 3 0.47 3 0.6339212805324497 78.8891313
true 0.011644634515348603 5429 8 3 0.47 4 0.6339212805324497 144.9495895
true 0.2895768693974827 264 8 4 0.47 1 0.6339212805324497 2.3148397
true 0.04760255102709207 633 8 4 0.47 2 0.6339212805324497 10.4305361
true 0.02752135442336076 4248 8 4 0.47 3 0.6339212805324497 90.9092664
true 0.009066671052863434 9028 8 4 0.47 4 0.6339212805324497 235.525505
true 0.15130170674660046 181 8 5 0.47 1 0.6339212805324497 1.851807
true 0.012119033312813065 1392 8 5 0.47 2 0.6339212805324497 19.7624132
true 0.03293931895993093 4207 8 5 0.47 3 0.6339212805324497 86.4168282
true 0.00043477215011538116 13665 8 5 0.47 4 0.6339212805324497 356.2727735
true 0.1623291799127616 232 8 6 0.47 1 0.6339212805324497 2.2904912
true 0.010343261335578086 3451 8 6 0.47 2 0.6339212805324497 50.9392875
true 0.0002919658489774028 3579 8 6 0.47 3 0.6339212805324497 72.2092236
true 0.014046118786935393 21225 8 6 0.47 4 0.6339212805324497 543.0300987
true 0.29208306887876556 171 8 7 0.47 1 0.6339212805324497 1.8735247
true 0.010181938601587932 994 8 7 0.47 2 0.6339212805324497 15.08965
true 0.0003228143243229144 9816 8 7 0.47 3 0.6339212805324497 196.8782781
true 0.03957813261745961 13992 8 7 0.47 4 0.6339212805324497 395.0872867
true 0.3358939364101851 466 8 8 0.47 1 0.6339212805324497 4.3470176
true 0.13172982083403023 957 8 8 0.47 2 0.6339212805324497 14.9369902
true 0.17756992335099844 3865 8 8 0.47 3 0.6339212805324497 78.9623814
true 0.0010247648868365392 8360 8 8 0.47 4 0.6339212805324497 213.5567015
true 0.08982494901512383 140 8 1 0.48 1 0.6665514341886835 1.4095405
true 0.01476656794863812 1197 8 1 0.48 2 0.6665514341886835 18.1853175
true 0.014111033465420475 3867 8 1 0.48 3 0.6665514341886835 76.9576603
true 0.008307653435203566 5384 8 1 0.48 4 0.6665514341886835 139.7101803
true 0.18982648631658292 285 8 2 0.48 1 0.6665514341886835 2.5212724
true 0.014258306754605071 830 8 2 0.48 2 0.6665514341886835 12.6071665
true 0.02404179538936077 6899 8 2 0.48 3 0.6665514341886835 143.6612087
true 0.00036325866984729394 22831 8 2 0.48 4 0.6665514341886835 570.9127912
true 0.21887574968460596 154 8 3 0.48 1 0.6665514341886835 1.5193401
true 0.014438907420597058 1162 8 3 0.48 2 0.6665514341886835 17.0663704
true 0.03667016107115826 2047 8 3 0.48 3 0.6665514341886835 41.894162
true 0.027809371386442017 12758 8 3 0.48 4 0.6665514341886835 323.3530626
true 0.2955950920904672 250 8 4 0.48 1 0.6665514341886835 2.1660271
true 0.054413880738532316 1036 8 4 0.48 2 0.6665514341886835 14.3264031
true 0.0004143776922482384 10234 8 4 0.48 3 0.6665514341886835 192.4986396
true 0.03655350007826086 5814 8 4 0.48 4 0.6665514341886835 145.1383013
true 0.178301796763038 191 8 5 0.48 1 0.6665514341886835 1.7956937
true 0.11698092305779037 482 8 5 0.48 2 0.6665514341886835 7.8373957
true 0.04478614220402076 3761 8 5 0.48 3 0.6665514341886835 72.3938408
true 0.09950507569280892 10842 8 5 0.48 4 0.6665514341886835 277.9220901
true 0.2933464219545126 375 8 6 0.48 1 0.6665514341886835 3.1750686
true 0.011311712108023628 2308 8 6 0.48 2 0.6665514341886835 32.2380275
true 0.03746561009444906 11825 8 6 0.48 3 0.6665514341886835 236.6613802
true 0.010019145735005433 10469 8 6 0.48 4 0.6665514341886835 267.7109841
true 0.20663148685054705 342 8 7 0.48 1 0.6665514341886835 3.2621173
true 0.14471594157072834 1849 8 7 0.48 2 0.6665514341886835 28.0703303
true 0.00042905217277600897 11186 8 7 0.48 3 0.6665514341886835 211.2179123
true 0.06309017977167068 19070 8 7 0.48 4 0.6665514341886835 475.8696334
true 0.2584422338756782 377 8 8 0.48 1 0.6665514341886835 3.296455
true 0.009858716330525007 955 8 8 0.48 2 0.6665514341886835 14.2875373
true 0.17411926043647985 7204 8 8 0.48 3 0.6665514341886835 142.7705961
true 0.0009935481524710674 13701 8 8 0.48 4 0.6665514341886835 403.1116589
true 0.0999491724004829 143 8 1 0.49 1 0.6893045031005157 1.5866622
true 0.01612560932472179 729 8 1 0.49 2 0.6893045031005157 12.2003636
true 0.017027769869241982 7915 8 1 0.49 3 0.6893045031005157 175.0108068
true 0.00857652530461861 7950 8 1 0.49 4 0.6893045031005157 233.0951868
true 0.23646565326950125 212 8 2 0.49 1 0.6893045031005157 2.02021
true 0.015501833550788297 1135 8 2 0.49 2 0.6893045031005157 19.9922107
true 0.03532922843612041 2498 8 2 0.49 3 0.6893045031005157 59.5158769
true 0.005221763354056497 5728 8 2 0.49 4 0.6893045031005157 165.2568003
true 0.27998108441018765 129 8 3 0.49 1 0.6893045031005157 1.6232792
true 0.01568851424253807 601 8 3 0.49 2 0.6893045031005157 11.3902789
true 0.04383991736744638 1402 8 3 0.49 3 0.6893045031005157 38.3694242
true 0.013770600407439992 1590 8 3 0.49 4 0.6893045031005157 53.5628813
true 0.3014399866938037 327 8 4 0.49 1 0.6893045031005157 3.3972514
true 0.05477960073417362 881 8 4 0.49 2 0.6893045031005157 14.7384253
true 0.05897123720868133 4330 8 4 0.49 3 0.6893045031005157 107.7664031
true 0.020269652838514174 3343 8 4 0.49 4 0.6893045031005157 103.3606876
true 0.22380213567947838 222 8 5 0.49 1 0.6893045031005157 2.3089596
true 0.145224356980082 1513 8 5 0.49 2 0.6893045031005157 23.893179
true 0.04404650808575468 2076 8 5 0.49 3 0.6893045031005157 48.0363968
true 0.04113488846979777 5554 8 5 0.49 4 0.6893045031005157 161.0368975
true 0.27522955426042167 246 8 6 0.49 1 0.6893045031005157 2.6989626
true 0.2510738154301108 1753 8 6 0.49 2 0.6893045031005157 29.1928989
true 0.04158671888259688 5299 8 6 0.49 3 0.6893045031005157 115.6497323
true 0.009865069164693449 8804 8 6 0.49 4 0.6893045031005157 239.2906272
true 0.2579606342055606 193 8 7 0.49 1 0.6893045031005157 1.9001524
true 0.011794611324728683 1340 8 7 0.49 2 0.6893045031005157 19.8133278
true 0.1430311965254911 4753 8 7 0.49 3 0.6893045031005157 95.8556616
true 0.042753078986638514 8808 8 7 0.49 4 0.6893045031005157 231.9105986
true 0.27941642998196625 230 8 8 0.49 1 0.6893045031005157 2.4297172
true 0.010357223503239518 2039 8 8 0.49 2 0.6893045031005157 28.841458
true 0.17899394069442112 6269 8 8 0.49 3 0.6893045031005157 127.3290906
true 0.00943598061614908 13820 8 8 0.49 4 0.6893045031005157 362.8254193
true 0.10397575342653287 165 8 1 0.5 1 0.6885114446946737 1.5936864
true 0.03190578081409212 1154 8 1 0.5 2 0.6885114446946737 16.5114271
true 0.015341749769817337 3036 8 1 0.5 3 0.6885114446946737 60.8505466
true 0.00988928394858879 11847 8 1 0.5 4 0.6885114446946737 323.8142619
true 0.2375630490893107 247 8 2 0.5 1 0.6885114446946737 2.0987072
true 0.05078215779443762 2054 8 2 0.5 2 0.6885114446946737 30.3706997
true 0.047059607963899075 3774 8 2 0.5 3 0.6885114446946737 79.5396677
true 0.023878346792950256 3477 8 2 0.5 4 0.6885114446946737 100.8939831
true 0.27102046247906725 247 8 3 0.5 1 0.6885114446946737 2.3377757
true 0.01629486164519245 942 8 3 0.5 2 0.6885114446946737 13.9503952
true 0.03479952546614499 4306 8 3 0.5 3 0.6885114446946737 86.7065756
true 0.04136628442348461 4180 8 3 0.5 4 0.6885114446946737 118.5958299
true 0.25861976219738253 173 8 4 0.5 1 0.6885114446946737 1.7427627
true 0.06378833616218135 1201 8 4 0.5 2 0.6885114446946737 18.9448984
true 0.036926257200462304 5938 8 4 0.5 3 0.6885114446946737 123.6973171
true 0.030901921845572167 4653 8 4 0.5 4 0.6885114446946737 130.281088
true 0.22543804469853282 330 8 5 0.5 1 0.6885114446946737 3.0247077
true 0.14793919417237905 1117 8 5 0.5 2 0.6885114446946737 17.3444698
true 0.14541864107051758 3307 8 5 0.5 3 0.6885114446946737 68.8328791
true 0.0004454994676083568 8543 8 5 0.5 4 0.6885114446946737 215.0164005
true 0.2769324812891894 231 8 6 0.5 1 0.6885114446946737 2.1383125
true 0.12185284009237977 2405 8 6 0.5 2 0.6885114446946737 35.3819653
true 0.04363234916744147 7820 8 6 0.5 3 0.6885114446946737 159.505776
true 0.009993721345427725 22178 8 6 0.5 4 0.6885114446946737 565.7555251
true 0.2630309967593757 250 8 7 0.5 1 0.6885114446946737 2.5855785
true 0.012206377676055733 1700 8 7 0.5 2 0.6885114446946737 25.7162989
true 0.000355240368159117 4520 8 7 0.5 3 0.6885114446946737 87.211159
true 0.013929113201726398 4653 8 7 0.5 4 0.6885114446946737 120.605999
true 0.2943141948933299 222 8 8 0.5 1 0.6885114446946737 2.2088548
true 0.04290373354738559 1333 8 8 0.5 2 0.6885114446946737 20.2709303
true 0.00043653171283199177 14990 8 8 0.5 3 0.6885114446946737 360.8587558
true 0.009311807687970498 24235 8 8 0.5 4 0.6885114446946737 1900.5128991
true 0.1079922542412482 141 8 1 0.51 1 0.6867094058674592 5.1237353
true 0.03348524811299253 1042 8 1 0.51 2 0.6867094058674592 56.756805
true 0.021503500113441876 5737 8 1 0.51 3 0.6867094058674592 409.8427487
true 0.007307130891339497 5883 8 1 0.51 4 0.6867094058674592 543.4014245
true 0.2311660167141064 187 8 2 0.51 1 0.6867094058674592 6.3843983
true 0.05008782943222534 2550 8 2 0.51 2 0.6867094058674592 133.6230881
true 0.03881791372891685 10661 8 2 0.51 3 0.6867094058674592 780.3346925
true 0.01404940807490157 5551 8 2 0.51 4 0.6867094058674592 527.0887221
true 0.28420220410431185 140 8 3 0.51 1 0.6867094058674592 5.1930324
true 0.06503652249923604 1430 8 3 0.51 2 0.6867094058674592 79.0345829
true 0.027800232257710906 4363 8 3 0.51 3 0.6867094058674592 310.0026623
true 0.0004463101508832186 2047 8 3 0.51 4 0.6867094058674592 209.9221368
true 0.2661394336952859 246 8 4 0.51 1 0.6867094058674592 8.5604505
true 0.06694327840484697 924 8 4 0.51 2 0.6867094058674592 49.4920339
true 0.11534968346333953 4092 8 4 0.51 3 0.6867094058674592 298.3372749
true 0.011931766653900736 9218 8 4 0.51 4 0.6867094058674592 330.2546794
true 0.26024211727064234 298 8 5 0.51 1 0.6867094058674592 2.7047172
true 0.015425310577790795 918 8 5 0.51 2 0.6867094058674592 13.5036639
true 0.034585925787189456 1862 8 5 0.51 3 0.6867094058674592 38.8386339
true 0.10974741142192719 4118 8 5 0.51 4 0.6867094058674592 108.0524581
true 0.23258949348784452 306 8 6 0.51 1 0.6867094058674592 2.7350889
true 0.2527585193157215 1256 8 6 0.51 2 0.6867094058674592 18.0643101
true 0.00034753532999982445 6336 8 6 0.51 3 0.6867094058674592 117.4225692
true 0.04102227205105424 12492 8 6 0.51 4 0.6867094058674592 337.385083
true 0.25002400109490674 489 8 7 0.51 1 0.6867094058674592 4.2326565
true 0.012604200948268283 572 8 7 0.51 2 0.6867094058674592 9.2871366
true 0.0004938419690779476 8015 8 7 0.51 3 0.6867094058674592 152.6425279
true 0.010697225986847811 33226 8 7 0.51 4 0.6867094058674592 847.8126554
true 0.3038375240074449 402 8 8 0.51 1 0.6867094058674592 3.7481641
true 0.011084230267923448 1229 8 8 0.51 2 0.6867094058674592 18.8686433
true 0.1340496065463072 3178 8 8 0.51 3 0.6867094058674592 62.9007716
true 0.12513252987540974 8893 8 8 0.51 4 0.6867094058674592 217.4787196
true 0.11250509061768532 184 8 1 0.52 1 0.686465557464803 1.7197689
true 0.018073412102462216 825 8 1 0.52 2 0.686465557464803 11.8564943
true 0.012725708968821081 4712 8 1 0.52 3 0.686465557464803 91.5007068
true 0.012817223535799893 9147 8 1 0.52 4 0.686465557464803 237.0067143
true 0.2406041463344516 296 8 2 0.52 1 0.686465557464803 2.5173154
true 0.052616073872622265 941 8 2 0.52 2 0.686465557464803 13.6547641
true 0.014407860997323718 5138 8 2 0.52 3 0.686465557464803 100.9796052
true 0.06518605087379567 2582 8 2 0.52 4 0.686465557464803 68.9293087
true 0.27117733691791285 187 8 3 0.52 1 0.686465557464803 1.7112047
true 0.06836648353086068 1622 8 3 0.52 2 0.686465557464803 22.8435195
true 0.00040306756725912624 5595 8 3 0.52 3 0.686465557464803 106.4133032
true 0.015608507546279349 5360 8 3 0.52 4 0.686465557464803 138.7263282
true 0.30798415037078886 264 8 4 0.52 1 0.686465557464803 2.2786492
true 0.07048377761261405 1156 8 4 0.52 2 0.686465557464803 17.0499768
true 0.051696736570987 3610 8 4 0.52 3 0.686465557464803 69.339268