g_converged min_loss iter nsites nqubits0 h nlayers SvN time
true 4.761750627135797e-8 157 8 1 0.0 1 0.0 9.13692
true 4.684093779516729e-8 564 8 1 0.0 2 0.0 8.3328751
true 6.828998982966183e-8 664 8 1 0.0 3 0.0 14.7717079
true 2.113272359283158e-5 1609 8 1 0.0 4 0.0 43.4548407
true 2.0065186123741086e-7 261 8 2 0.0 1 0.0 1.729156
true 1.7357953852881192e-6 1103 8 2 0.0 2 0.0 12.8643299
true 5.17678038020053e-7 2063 8 2 0.0 3 0.0 37.0025917
true 1.3941094264308118e-5 879 8 2 0.0 4 0.0 28.463461
true 7.276833069262226e-7 168 8 3 0.0 1 0.0 1.1895731
true 2.4432122741058215e-5 840 8 3 0.0 2 0.0 10.7998422
true 2.1786174205229436e-6 1537 8 3 0.0 3 0.0 29.0373841
true 2.8515025217779044e-5 1500 8 3 0.0 4 0.0 45.1855731
true 4.564540106721804e-7 184 8 4 0.0 1 0.0 1.3454532
true 2.887991795250122e-6 1194 8 4 0.0 2 0.0 14.3728474
true 0.1250003338576262 1027 8 4 0.0 3 0.0 20.0428652
true 9.796127350705786e-6 1588 8 4 0.0 4 0.0 41.705845
true 0.20000017020790137 179 8 5 0.0 1 0.0 1.3597015
true 2.7383602428265876e-6 1126 8 5 0.0 2 0.0 13.6890636
true 2.857555470806572e-5 1411 8 5 0.0 3 0.0 25.5330734
true 4.799009723686076e-5 4136 8 5 0.0 4 0.0 91.3378772
true 0.1666669165997555 450 8 6 0.0 1 0.0 2.9573961
true 3.351305548904282e-7 850 8 6 0.0 2 0.0 10.6425552
true 6.849113666459091e-6 2222 8 6 0.0 3 0.0 37.8595504
true 3.500501771225295e-5 2380 8 6 0.0 4 0.0 56.3306739
true 0.2857147672875326 206 8 7 0.0 1 0.0 1.5829141
true 0.14285862482015618 1082 8 7 0.0 2 0.0 12.6979895
true 3.168471428493287e-5 5233 8 7 0.0 3 0.0 88.7196548
true 2.8667348815252553e-5 6048 8 7 0.0 4 0.0 133.4264622
true 0.12500030807777537 432 8 8 0.0 1 0.0 3.0156856
true 1.0414956159526811e-5 1718 8 8 0.0 2 0.0 21.5765851
true 0.1250170377888561 2266 8 8 0.0 3 0.0 40.2746053
true 4.295859644616595e-5 9604 8 8 0.0 4 0.0 214.848504
true 2.198987297807875e-8 130 8 1 0.01 1 9.753221371305747e-10 0.8979545
true 6.199355023217556e-7 454 8 1 0.01 2 9.753221371305747e-10 6.0044986
true 9.451764991785794e-7 688 8 1 0.01 3 9.753221371305747e-10 15.6658042
true 1.4826838877046722e-5 1693 8 1 0.01 4 9.753221371305747e-10 42.9261065
true 1.0477939166309014e-7 225 8 2 0.01 1 9.753221371305747e-10 1.4084319
true 3.210908866568829e-7 359 8 2 0.01 2 9.753221371305747e-10 5.2262905
true 2.0559933051084167e-5 2162 8 2 0.01 3 9.753221371305747e-10 37.5529038
true 7.808961718486218e-5 1807 8 2 0.01 4 9.753221371305747e-10 47.2861571
true 6.12620598694491e-9 240 8 3 0.01 1 9.753221371305747e-10 1.7579559
true 7.95416910948088e-7 666 8 3 0.01 2 9.753221371305747e-10 9.2058993
true 1.1912897530756231e-5 1298 8 3 0.01 3 9.753221371305747e-10 24.6099351
true 3.0913583101144226e-6 1653 8 3 0.01 4 9.753221371305747e-10 41.4241111
true 4.844831043432363e-7 244 8 4 0.01 1 9.753221371305747e-10 1.6055024
true 2.1956080006879652e-7 549 8 4 0.01 2 9.753221371305747e-10 7.658341
true 5.113298350151174e-7 1452 8 4 0.01 3 9.753221371305747e-10 26.4162028
true 3.543993105577237e-5 2187 8 4 0.01 4 9.753221371305747e-10 58.4940972
true 1.2216328405534326e-7 363 8 5 0.01 1 9.753221371305747e-10 2.5112383
true 2.6083883529759434e-7 1618 8 5 0.01 2 9.753221371305747e-10 18.0911405
true 6.727422163232966e-7 2587 8 5 0.01 3 9.753221371305747e-10 47.7001725
true 3.380835999766685e-6 5231 8 5 0.01 4 9.753221371305747e-10 122.6072338
true 0.1666672870408258 206 8 6 0.01 1 9.753221371305747e-10 1.4387522
true 2.5270837811786073e-6 725 8 6 0.01 2 9.753221371305747e-10 8.9041527
true 2.380886927684974e-6 1812 8 6 0.01 3 9.753221371305747e-10 31.9696823
true 1.3868650616126002e-5 4008 8 6 0.01 4 9.753221371305747e-10 90.3344456
true 0.2857146189069768 283 8 7 0.01 1 9.753221371305747e-10 1.9634307
true 1.0151351128378267e-5 1227 8 7 0.01 2 9.753221371305747e-10 13.9245048
true 1.4785929229408992e-5 938 8 7 0.01 3 9.753221371305747e-10 19.2712395
true 1.2603130009582384e-5 3552 8 7 0.01 4 9.753221371305747e-10 84.9781754
true 0.2500003280856339 483 8 8 0.01 1 9.753221371305747e-10 3.2056231
true 1.0735555487501047e-5 3278 8 8 0.01 2 9.753221371305747e-10 35.8306749
true 4.221909094542786e-5 2129 8 8 0.01 3 9.753221371305747e-10 38.1011144
true 5.535232408580143e-5 3311 8 8 0.01 4 9.753221371305747e-10 77.5643547
true 0.002514558678295642 432 8 1 0.02 1 1.3876094621442088e-8 2.8407073
true 9.178698008316388e-7 559 8 1 0.02 2 1.3876094621442088e-8 7.8957714
true 6.707561247654148e-6 948 8 1 0.02 3 1.3876094621442088e-8 18.279448
true 3.017701303731357e-6 2604 8 1 0.02 4 1.3876094621442088e-8 63.4097774
true 1.1995179474699746e-7 322 8 2 0.02 1 1.3876094621442088e-8 2.2043973
true 1.865584704160983e-5 669 8 2 0.02 2 1.3876094621442088e-8 8.9083445
true 1.0094076080824355e-6 685 8 2 0.02 3 1.3876094621442088e-8 14.1468689
true 5.299885191636933e-5 2584 8 2 0.02 4 1.3876094621442088e-8 62.4989708
true 1.761871545139885e-7 196 8 3 0.02 1 1.3876094621442088e-8 1.3849683
true 9.132207235418299e-7 754 8 3 0.02 2 1.3876094621442088e-8 9.2921616
true 2.522912472269212e-7 1211 8 3 0.02 3 1.3876094621442088e-8 23.2798932
true 1.808819632246698e-5 2036 8 3 0.02 4 1.3876094621442088e-8 50.0403492
true 0.2500001825077087 336 8 4 0.02 1 1.3876094621442088e-8 2.2823906
true 7.045917614356689e-7 807 8 4 0.02 2 1.3876094621442088e-8 9.6870878
true 1.6523257315645412e-5 2322 8 4 0.02 3 1.3876094621442088e-8 38.74084
true 4.1397217741878656e-5 1895 8 4 0.02 4 1.3876094621442088e-8 50.9583129
true 5.600306907549423e-7 303 8 5 0.02 1 1.3876094621442088e-8 2.2120716
true 2.9872496005400873e-5 1035 8 5 0.02 2 1.3876094621442088e-8 12.7208972
true 7.859749675576122e-6 3362 8 5 0.02 3 1.3876094621442088e-8 59.6445519
true 1.2070363389404815e-5 1428 8 5 0.02 4 1.3876094621442088e-8 37.3507443
true 0.16666690750250868 277 8 6 0.02 1 1.3876094621442088e-8 1.9672155
true 4.8358583929764e-6 1716 8 6 0.02 2 1.3876094621442088e-8 18.653029
true 3.45294287015796e-6 976 8 6 0.02 3 1.3876094621442088e-8 19.1861653
true 7.098071152252435e-6 4257 8 6 0.02 4 1.3876094621442088e-8 97.5574276
true 0.2857146423094094 186 8 7 0.02 1 1.3876094621442088e-8 1.3847564
true 0.07119835188283764 1980 8 7 0.02 2 1.3876094621442088e-8 23.3559947
true 0.1428628582313134 2215 8 7 0.02 3 1.3876094621442088e-8 38.5931957
true 5.1074841344748e-6 2792 8 7 0.02 4 1.3876094621442088e-8 64.9505177
true 0.25000067423054867 227 8 8 0.02 1 1.3876094621442088e-8 1.563948
true 2.772996047555043e-5 1066 8 8 0.02 2 1.3876094621442088e-8 12.0286381
true 5.319394717696185e-5 4084 8 8 0.02 3 1.3876094621442088e-8 66.4720387
true 6.628881566968226e-5 9856 8 8 0.02 4 1.3876094621442088e-8 195.7025978
true 8.183770411340774e-8 148 8 1 0.03 1 6.514499921251558e-8 0.973239
true 4.252982419183926e-6 488 8 1 0.03 2 6.514499921251558e-8 6.6590085
true 4.7607616767142424e-6 695 8 1 0.03 3 6.514499921251558e-8 13.8266104
true 5.209360728342105e-7 1201 8 1 0.03 4 6.514499921251558e-8 31.5239212
true 5.666369326529086e-8 217 8 2 0.03 1 6.514499921251558e-8 1.3787975
true 1.2742503519014292e-6 355 8 2 0.03 2 6.514499921251558e-8 4.9571705
true 2.7309450620988107e-5 765 8 2 0.03 3 6.514499921251558e-8 15.2420142
true 2.5358276961012782e-5 4449 8 2 0.03 4 6.514499921251558e-8 92.4116998
true 1.7895817947903106e-7 242 8 3 0.03 1 6.514499921251558e-8 1.4794919
true 1.0759484312764893e-7 674 8 3 0.03 2 6.514499921251558e-8 8.0394571
true 1.3582829705816035e-5 987 8 3 0.03 3 6.514499921251558e-8 21.2300641
true 3.2868270810615385e-7 1223 8 3 0.03 4 6.514499921251558e-8 35.0367217
true 3.6786209180322826e-5 200 8 4 0.03 1 6.514499921251558e-8 1.4109774
true 2.4267245454234754e-6 1127 8 4 0.03 2 6.514499921251558e-8 13.7385258
true 6.5370290251859364e-6 1197 8 4 0.03 3 6.514499921251558e-8 22.4084766
true 8.937733500377631e-5 2333 8 4 0.03 4 6.514499921251558e-8 54.7178395
true 3.620448161378853e-7 287 8 5 0.03 1 6.514499921251558e-8 1.8180737
true 0.20000222329970496 640 8 5 0.03 2 6.514499921251558e-8 7.9767145
true 1.2772744446554184e-7 854 8 5 0.03 3 6.514499921251558e-8 17.6316539
true 8.805574263714977e-6 1865 8 5 0.03 4 6.514499921251558e-8 52.6661773
true 5.037338557389859e-7 218 8 6 0.03 1 6.514499921251558e-8 1.516027
true 2.7592000009698154e-5 958 8 6 0.03 2 6.514499921251558e-8 11.129449
true 0.1666781239448402 2292 8 6 0.03 3 6.514499921251558e-8 37.2584823
true 2.1901116666426617e-5 4086 8 6 0.03 4 6.514499921251558e-8 86.3105372
true 0.28571456699129144 194 8 7 0.03 1 6.514499921251558e-8 1.3773685
true 7.412917812025085e-6 1440 8 7 0.03 2 6.514499921251558e-8 15.3620728
true 2.60311127970552e-6 2086 8 7 0.03 3 6.514499921251558e-8 37.2549727
true 2.183554742708958e-5 3985 8 7 0.03 4 6.514499921251558e-8 84.8913271
true 0.2500007661603448 303 8 8 0.03 1 6.514499921251558e-8 2.0349809
true 4.481182255183791e-6 1990 8 8 0.03 2 6.514499921251558e-8 21.3086341
true 2.0022617572765244e-6 1558 8 8 0.03 3 6.514499921251558e-8 26.8750412
true 0.0002018417846791007 11308 8 8 0.03 4 6.514499921251558e-8 243.9220324
true 1.0523006344076435e-7 153 8 1 0.04 1 1.9450197052012196e-7 1.0638762
true 2.2230975005310682e-7 462 8 1 0.04 2 1.9450197052012196e-7 6.293595
true 5.277855522900499e-6 857 8 1 0.04 3 1.9450197052012196e-7 17.8157311
true 8.918822034020835e-6 2483 8 1 0.04 4 1.9450197052012196e-7 60.3275912
true 1.1126399213079452e-7 164 8 2 0.04 1 1.9450197052012196e-7 1.1951022
true 2.930030501835379e-7 934 8 2 0.04 2 1.9450197052012196e-7 11.6780337
true 1.8681830085687245e-6 2759 8 2 0.04 3 1.9450197052012196e-7 47.4483979
true 1.506888218361091e-5 1445 8 2 0.04 4 1.9450197052012196e-7 41.8195454
true 9.627227690230573e-7 164 8 3 0.04 1 1.9450197052012196e-7 1.1900518
true 1.1075042824123156e-6 912 8 3 0.04 2 1.9450197052012196e-7 10.7047058
true 1.3372915456481374e-7 1586 8 3 0.04 3 1.9450197052012196e-7 27.8224262
true 8.625811883914794e-6 2653 8 3 0.04 4 1.9450197052012196e-7 64.3438295
true 2.5921465018896583e-7 210 8 4 0.04 1 1.9450197052012196e-7 1.317097
true 1.6401249145481245e-6 1154 8 4 0.04 2 1.9450197052012196e-7 12.45368
true 4.618493804911528e-6 1545 8 4 0.04 3 1.9450197052012196e-7 26.4996539
true 3.886739853066479e-5 4614 8 4 0.04 4 1.9450197052012196e-7 102.1077447
true 1.8177017847564868e-7 367 8 5 0.04 1 1.9450197052012196e-7 2.3638601
true 1.0924680876489567e-6 922 8 5 0.04 2 1.9450197052012196e-7 10.625699
true 0.0001368246548574259 6750 8 5 0.04 3 1.9450197052012196e-7 113.6851342
true 2.9986252820934924e-5 1907 8 5 0.04 4 1.9450197052012196e-7 46.7734973
true 0.16666722910990805 367 8 6 0.04 1 1.9450197052012196e-7 2.294342
true 5.469010008511225e-6 648 8 6 0.04 2 1.9450197052012196e-7 7.9891577
true 2.7686482795450756e-5 2613 8 6 0.04 3 1.9450197052012196e-7 45.5901343
true 0.08338793946044719 3933 8 6 0.04 4 1.9450197052012196e-7 91.8090718
true 0.14285755261759697 218 8 7 0.04 1 1.9450197052012196e-7 1.4614986
true 2.058978465031241e-5 2021 8 7 0.04 2 1.9450197052012196e-7 22.8051303
true 4.6333091662877275e-6 2161 8 7 0.04 3 1.9450197052012196e-7 38.2621559
true 5.038003763938434e-6 2485 8 7 0.04 4 1.9450197052012196e-7 60.648067
true 0.12500075197857433 432 8 8 0.04 1 1.9450197052012196e-7 2.9034856
true 2.0317207017894745e-6 2131 8 8 0.04 2 1.9450197052012196e-7 23.9109831
true 1.1701763500550355e-5 3470 8 8 0.04 3 1.9450197052012196e-7 56.5661425
true 3.9780664564462165e-6 2588 8 8 0.04 4 1.9450197052012196e-7 60.9688116
true 1.4494712402557397e-7 192 8 1 0.05 1 4.534186871824433e-7 1.2285316
true 9.979353454703244e-8 582 8 1 0.05 2 4.534186871824433e-7 7.1727616
true 5.172788066332146e-6 1600 8 1 0.05 3 4.534186871824433e-7 26.8961223
true 1.2854356209457407e-6 1720 8 1 0.05 4 4.534186871824433e-7 48.04428
true 1.5258865046496872e-7 225 8 2 0.05 1 4.534186871824433e-7 1.3782417
true 5.7373940532956524e-6 596 8 2 0.05 2 4.534186871824433e-7 7.7650103
true 3.585672580574961e-6 1484 8 2 0.05 3 4.534186871824433e-7 27.2616969
true 1.141198260445897e-6 2112 8 2 0.05 4 4.534186871824433e-7 48.4221894
true 0.33333346355436605 153 8 3 0.05 1 4.534186871824433e-7 1.1806779
true 1.461710390743276e-5 720 8 3 0.05 2 4.534186871824433e-7 8.6730899
true 3.369027172609821e-6 1696 8 3 0.05 3 4.534186871824433e-7 28.9751807
true 8.469392810757833e-6 1250 8 3 0.05 4 4.534186871824433e-7 34.3808256
true 0.25000025347295923 188 8 4 0.05 1 4.534186871824433e-7 1.3057591
true 2.931049869620006e-7 2006 8 4 0.05 2 4.534186871824433e-7 23.8828165
true 1.540084289519683e-5 1376 8 4 0.05 3 4.534186871824433e-7 24.4873105
true 1.2815495377307973e-5 1195 8 4 0.05 4 4.534186871824433e-7 31.6219109
true 1.9067843638476133e-7 323 8 5 0.05 1 4.534186871824433e-7 2.0727259
true 3.498951313352094e-7 1143 8 5 0.05 2 4.534186871824433e-7 13.5852103
true 4.144971405473097e-6 1393 8 5 0.05 3 4.534186871824433e-7 24.6016244
true 1.478871697537798e-5 3360 8 5 0.05 4 4.534186871824433e-7 73.483629
true 0.16666696528891434 401 8 6 0.05 1 4.534186871824433e-7 2.683384
true 0.00022310632117625295 2044 8 6 0.05 2 4.534186871824433e-7 23.521455
true 1.7052680804948334e-5 3059 8 6 0.05 3 4.534186871824433e-7 51.024606
true 7.4506368564856524e-6 5248 8 6 0.05 4 4.534186871824433e-7 113.4509639
true 0.14285737057841946 212 8 7 0.05 1 4.534186871824433e-7 1.471321
true 3.134723385073939e-7 1655 8 7 0.05 2 4.534186871824433e-7 19.2916483
true 2.897693591240908e-5 2659 8 7 0.05 3 4.534186871824433e-7 42.9375441
true 3.0273208744213687e-5 6634 8 7 0.05 4 4.534186871824433e-7 143.6921518
true 0.12500157659240296 284 8 8 0.05 1 4.534186871824433e-7 1.9640379
true 1.1121358728452546e-6 1709 8 8 0.05 2 4.534186871824433e-7 19.9285085
true 6.039272557878395e-7 733 8 8 0.05 3 4.534186871824433e-7 15.5100352
true 0.00013563892807807315 2898 8 8 0.05 4 4.534186871824433e-7 67.2371973
true 7.818177583107655e-8 145 8 1 0.06 1 9.041374472960501e-7 0.9929828
true 2.650014206406759e-7 466 8 1 0.06 2 9.041374472960501e-7 6.170925
true 2.6881150216873095e-7 996 8 1 0.06 3 9.041374472960501e-7 18.2250413
true 2.5431188366287216e-7 839 8 1 0.06 4 9.041374472960501e-7 25.1607751
true 3.205831491381872e-7 271 8 2 0.06 1 9.041374472960501e-7 1.7245453
true 1.8172728904752855e-6 472 8 2 0.06 2 9.041374472960501e-7 6.3787384
true 7.501699466228029e-6 2980 8 2 0.06 3 9.041374472960501e-7 47.0054536
true 6.269787443946573e-6 976 8 2 0.06 4 9.041374472960501e-7 26.886875
true 3.467708816207171e-7 153 8 3 0.06 1 9.041374472960501e-7 1.1058057
true 2.1425275968193583e-7 414 8 3 0.06 2 9.041374472960501e-7 6.0515075
true 1.6438692885441715e-6 647 8 3 0.06 3 9.041374472960501e-7 13.4977566
true 1.1147142042626049e-5 2187 8 3 0.06 4 9.041374472960501e-7 56.3603314
true 0.2500001131600142 750 8 4 0.06 1 9.041374472960501e-7 4.7463774
true 2.1414902207778086e-6 452 8 4 0.06 2 9.041374472960501e-7 6.7442821
true 9.179277238591244e-7 1199 8 4 0.06 3 9.041374472960501e-7 24.5465626
true 5.95966708152873e-6 2274 8 4 0.06 4 9.041374472960501e-7 57.348123
true 7.664050107769604e-7 213 8 5 0.06 1 9.041374472960501e-7 1.4442374
true 5.225759760807414e-7 624 8 5 0.06 2 9.041374472960501e-7 7.9025001
true 7.758752452957651e-7 972 8 5 0.06 3 9.041374472960501e-7 18.3908705
true 4.835142786552282e-6 2593 8 5 0.06 4 9.041374472960501e-7 64.0224523
true 8.639738429498204e-7 257 8 6 0.06 1 9.041374472960501e-7 1.7040493
true 2.281906769476446e-6 997 8 6 0.06 2 9.041374472960501e-7 11.5845776
true 2.2838494025179124e-5 2915 8 6 0.06 3 9.041374472960501e-7 47.9122918
true 1.9785620760428186e-5 1988 8 6 0.06 4 9.041374472960501e-7 48.5129403
true 8.011140797403726e-7 317 8 7 0.06 1 9.041374472960501e-7 2.1585074
true 1.982105394537914e-6 1186 8 7 0.06 2 9.041374472960501e-7 13.4537839
true 0.14287831345966678 2345 8 7 0.06 3 9.041374472960501e-7 38.8783649
true 8.52303034819059e-6 4233 8 7 0.06 4 9.041374472960501e-7 94.0026599
true 0.1250018951026073 205 8 8 0.06 1 9.041374472960501e-7 1.4867295
true 4.413089604700382e-6 1407 8 8 0.06 2 9.041374472960501e-7 16.4968405
true 0.125010481381683 1564 8 8 0.06 3 9.041374472960501e-7 28.2444556
true 3.0228312083185882e-5 1750 8 8 0.06 4 9.041374472960501e-7 45.4732573
true 1.7933716284224133e-7 144 8 1 0.07 1 1.6189768904833955e-6 0.9304649
true 3.7596826024666186e-7 337 8 1 0.07 2 1.6189768904833955e-6 4.9508834
true 3.141568052367205e-7 591 8 1 0.07 3 1.6189768904833955e-6 12.6921902
true 8.816350061890965e-6 1522 8 1 0.07 4 1.6189768904833955e-6 44.1398039
true 4.919115717261224e-7 182 8 2 0.07 1 1.6189768904833955e-6 1.1926861
true 3.905691620259555e-6 473 8 2 0.07 2 1.6189768904833955e-6 6.2562079
true 9.781809596765e-7 775 8 2 0.07 3 1.6189768904833955e-6 16.7739603
true 5.632422383175517e-5 1909 8 2 0.07 4 1.6189768904833955e-6 44.8206697
true 3.387768146012604e-7 298 8 3 0.07 1 1.6189768904833955e-6 1.8427771
true 1.756063657173031e-6 628 8 3 0.07 2 1.6189768904833955e-6 7.7789635
true 7.093733239306917e-5 740 8 3 0.07 3 1.6189768904833955e-6 16.7943699
true 2.862883974373102e-5 2155 8 3 0.07 4 1.6189768904833955e-6 51.2675512
true 0.2500011138446158 319 8 4 0.07 1 1.6189768904833955e-6 2.1077297
true 3.4478490165967823e-6 824 8 4 0.07 2 1.6189768904833955e-6 10.3701908
true 1.5859782840479952e-5 2073 8 4 0.07 3 1.6189768904833955e-6 35.589735
true 2.7425909089051626e-6 2600 8 4 0.07 4 1.6189768904833955e-6 60.7910253
true 4.794201731939118e-7 274 8 5 0.07 1 1.6189768904833955e-6 2.0600458
true 0.19975132029908726 884 8 5 0.07 2 1.6189768904833955e-6 11.996413
true 2.0290490116425808e-6 1352 8 5 0.07 3 1.6189768904833955e-6 26.7541043
true 2.3089004828169555e-6 4114 8 5 0.07 4 1.6189768904833955e-6 96.8576765
true 0.166667333241867 177 8 6 0.07 1 1.6189768904833955e-6 1.2441575
true 1.1850984200645343e-6 887 8 6 0.07 2 1.6189768904833955e-6 11.3440782
true 8.797814448902042e-6 690 8 6 0.07 3 1.6189768904833955e-6 15.5478382
true 1.9921521461537437e-6 3264 8 6 0.07 4 1.6189768904833955e-6 74.4750028
true 0.14285817955713104 218 8 7 0.07 1 1.6189768904833955e-6 1.5982396
true 2.104558912870345e-5 954 8 7 0.07 2 1.6189768904833955e-6 12.4634471
true 0.14293853770020978 998 8 7 0.07 3 1.6189768904833955e-6 20.9605174
true 3.6078107890453417e-5 3546 8 7 0.07 4 1.6189768904833955e-6 84.9291699
true 0.12500118911482427 272 8 8 0.07 1 1.6189768904833955e-6 1.940576
true 3.0798846921906153e-6 1190 8 8 0.07 2 1.6189768904833955e-6 14.0060179
true 1.0816682402728373e-5 3249 8 8 0.07 3 1.6189768904833955e-6 56.0164329
true 4.658906854172057e-5 3315 8 8 0.07 4 1.6189768904833955e-6 79.6341086
true 2.820704782524608e-7 151 8 1 0.08 1 2.6798230228707025e-6 1.2032133
true 3.0183057742050323e-7 415 8 1 0.08 2 2.6798230228707025e-6 6.5498869
true 4.982905454364861e-7 927 8 1 0.08 3 2.6798230228707025e-6 18.5313443
true 1.2611805233153639e-5 1177 8 1 0.08 4 2.6798230228707025e-6 33.9996005
true 2.873869967556786e-7 239 8 2 0.08 1 2.6798230228707025e-6 1.6060117
true 5.383149259685638e-7 399 8 2 0.08 2 2.6798230228707025e-6 5.6092646
true 5.500941644948076e-6 680 8 2 0.08 3 2.6798230228707025e-6 15.2056826
true 2.881587957692666e-7 1187 8 2 0.08 4 2.6798230228707025e-6 33.3306992
true 0.3333339460336006 154 8 3 0.08 1 2.6798230228707025e-6 0.9971744
true 5.4488116705904886e-5 410 8 3 0.08 2 2.6798230228707025e-6 5.5802779
true 3.273005889629458e-6 1571 8 3 0.08 3 2.6798230228707025e-6 28.8470314
true 4.042869348597211e-5 3653 8 3 0.08 4 2.6798230228707025e-6 92.2408464
true 3.845662325391297e-7 236 8 4 0.08 1 2.6798230228707025e-6 1.8645889
true 1.5363382884908683e-6 1460 8 4 0.08 2 2.6798230228707025e-6 18.5676343
true 1.0231526353696174e-5 1405 8 4 0.08 3 2.6798230228707025e-6 26.3027653
true 2.400172008105994e-5 3250 8 4 0.08 4 2.6798230228707025e-6 83.3071385
true 0.20000024709052044 187 8 5 0.08 1 2.6798230228707025e-6 1.4514226
true 9.910629434561891e-7 1047 8 5 0.08 2 2.6798230228707025e-6 13.4885432
true 7.726295695242858e-6 2098 8 5 0.08 3 2.6798230228707025e-6 39.6140715
true 4.990605641230772e-6 3432 8 5 0.08 4 2.6798230228707025e-6 86.1559932
true 1.311649926024246e-6 816 8 6 0.08 1 2.6798230228707025e-6 5.7795484
true 3.2214762228458906e-6 790 8 6 0.08 2 2.6798230228707025e-6 10.3615954
true 1.9012424099832764e-5 2564 8 6 0.08 3 2.6798230228707025e-6 46.1266459
true 0.1666636687846683 1848 8 6 0.08 4 2.6798230228707025e-6 46.6125439
true 0.28571584297801517 215 8 7 0.08 1 2.6798230228707025e-6 1.531632
true 1.5941026678361375e-6 988 8 7 0.08 2 2.6798230228707025e-6 12.6317988
true 0.1428621664846402 1142 8 7 0.08 3 2.6798230228707025e-6 21.8026546
true 6.4275824334737915e-6 5234 8 7 0.08 4 2.6798230228707025e-6 116.6256537
true 0.25000114846711663 403 8 8 0.08 1 2.6798230228707025e-6 2.6044944
true 3.42595926399597e-6 1460 8 8 0.08 2 2.6798230228707025e-6 17.5290881
true 0.12506826239459545 2026 8 8 0.08 3 2.6798230228707025e-6 35.6166577
true 1.1682624599732017e-6 2649 8 8 0.08 4 2.6798230228707025e-6 63.8447439
true 4.3091637530467963e-7 208 8 1 0.09 1 4.177754222831366e-6 1.3694331
true 3.1094528482600303e-6 539 8 1 0.09 2 4.177754222831366e-6 7.1388889
true 6.26478338777714e-6 734 8 1 0.09 3 4.177754222831366e-6 14.8991289
true 1.2820069390573341e-5 1712 8 1 0.09 4 4.177754222831366e-6 41.9967059
true 1.662626948298329e-5 148 8 2 0.09 1 4.177754222831366e-6 1.0907297
true 2.4923761650641474e-6 555 8 2 0.09 2 4.177754222831366e-6 7.1160879
true 7.779720520073585e-6 970 8 2 0.09 3 4.177754222831366e-6 19.8738243
true 1.574827326525363e-5 1474 8 2 0.09 4 4.177754222831366e-6 40.6784282
true 4.2503930982225785e-7 363 8 3 0.09 1 4.177754222831366e-6 2.4149467
true 1.5495892066212196e-5 581 8 3 0.09 2 4.177754222831366e-6 7.797704
true 1.0483442395514686e-5 903 8 3 0.09 3 4.177754222831366e-6 18.8185801
true 2.712772494695148e-6 1757 8 3 0.09 4 4.177754222831366e-6 47.2722661
true 6.663905020298788e-7 185 8 4 0.09 1 4.177754222831366e-6 1.4403341
true 1.7082910215571179e-6 697 8 4 0.09 2 4.177754222831366e-6 9.3885662
true 3.0639513586838696e-6 2116 8 4 0.09 3 4.177754222831366e-6 38.638876
true 8.50594747008604e-5 6331 8 4 0.09 4 4.177754222831366e-6 141.0666607
true 0.2000003529052034 219 8 5 0.09 1 4.177754222831366e-6 1.5692147
true 1.4321627878732813e-6 544 8 5 0.09 2 4.177754222831366e-6 7.2110005
true 1.610661130375668e-5 1608 8 5 0.09 3 4.177754222831366e-6 28.8678145
true 2.1516353983330738e-5 2306 8 5 0.09 4 4.177754222831366e-6 55.413813
true 1.044606198670935e-6 229 8 6 0.09 1 4.177754222831366e-6 1.7304394
true 1.9771826799963588e-6 1221 8 6 0.09 2 4.177754222831366e-6 14.1420157
true 1.142585834409034e-6 3504 8 6 0.09 3 4.177754222831366e-6 63.4064395
true 0.000124997869497027 1769 8 6 0.09 4 4.177754222831366e-6 50.2046707
true 1.7871079363415302e-6 447 8 7 0.09 1 4.177754222831366e-6 3.3334779
true 3.5771238226995585e-5 1667 8 7 0.09 2 4.177754222831366e-6 19.95076
true 3.1355229919665426e-5 2142 8 7 0.09 3 4.177754222831366e-6 38.0975597
true 1.3896239626966431e-5 3099 8 7 0.09 4 4.177754222831366e-6 76.7175705
true 2.9764674759555354e-6 352 8 8 0.09 1 4.177754222831366e-6 2.5803537
true 4.492875947968711e-6 2554 8 8 0.09 2 4.177754222831366e-6 32.1194933
true 7.226422822672468e-5 2608 8 8 0.09 3 4.177754222831366e-6 51.0377476
true 1.4575345527748085e-5 2021 8 8 0.09 4 4.177754222831366e-6 58.71265
true 5.703317734750968e-7 151 8 1 0.1 1 6.212771328167428e-6 1.2092288
true 1.0791440362423188e-6 323 8 1 0.1 2 6.212771328167428e-6 5.4915569
true 4.883848311154626e-6 544 8 1 0.1 3 6.212771328167428e-6 12.9668298
true 1.3336864256585645e-5 1837 8 1 0.1 4 6.212771328167428e-6 51.0453737
true 6.527877441375729e-7 168 8 2 0.1 1 6.212771328167428e-6 1.3451435
true 8.847848419202275e-7 461 8 2 0.1 2 6.212771328167428e-6 6.7140914
true 3.6394644733761528e-6 910 8 2 0.1 3 6.212771328167428e-6 19.296224
true 4.7167008315113224e-5 2837 8 2 0.1 4 6.212771328167428e-6 69.4343125
true 0.33333380845302923 165 8 3 0.1 1 6.212771328167428e-6 1.1700541
true 8.706186551687978e-7 447 8 3 0.1 2 6.212771328167428e-6 6.8998825
true 8.563197519036633e-7 958 8 3 0.1 3 6.212771328167428e-6 19.9508614
true 4.766274572539271e-6 2170 8 3 0.1 4 6.212771328167428e-6 55.3788459
true 5.90324038610146e-7 183 8 4 0.1 1 6.212771328167428e-6 1.504561
true 2.168552524259293e-6 654 8 4 0.1 2 6.212771328167428e-6 8.6319701
true 6.718392567911513e-6 935 8 4 0.1 3 6.212771328167428e-6 19.7293321
true 3.809040790390961e-5 5313 8 4 0.1 4 6.212771328167428e-6 123.9970182
true 0.20000071581821482 166 8 5 0.1 1 6.212771328167428e-6 1.4508955
true 3.5467661296584295e-6 1077 8 5 0.1 2 6.212771328167428e-6 13.1883612
true 7.270040180529236e-6 3318 8 5 0.1 3 6.212771328167428e-6 56.3300845
true 3.900315117499886e-6 1418 8 5 0.1 4 6.212771328167428e-6 41.1640291
true 0.16666809828838045 498 8 6 0.1 1 6.212771328167428e-6 3.7664721
true 3.4515388427266056e-6 2789 8 6 0.1 2 6.212771328167428e-6 35.9015114
true 2.06120138449839e-5 968 8 6 0.1 3 6.212771328167428e-6 19.6475825
true 8.733933615612255e-6 1910 8 6 0.1 4 6.212771328167428e-6 49.154946
true 0.1428595742855854 225 8 7 0.1 1 6.212771328167428e-6 1.8847207
true 4.1382897454446595e-6 1246 8 7 0.1 2 6.212771328167428e-6 15.3673802
true 3.299494286766537e-6 2514 8 7 0.1 3 6.212771328167428e-6 46.7189707
true 7.43058610570795e-5 8419 8 7 0.1 4 6.212771328167428e-6 197.5515232
true 0.12500225576573143 338 8 8 0.1 1 6.212771328167428e-6 2.4828265
true 0.1250003847914767 2480 8 8 0.1 2 6.212771328167428e-6 30.2739796
true 0.12508487732131726 1533 8 8 0.1 3 6.212771328167428e-6 30.0666102
true 2.1138882737831155e-5 3120 8 8 0.1 4 6.212771328167428e-6 77.1160835
true 7.370164334941087e-7 275 8 1 0.11 1 8.89354271946002e-6 1.8310959
true 1.345060299418055e-6 833 8 1 0.11 2 8.89354271946002e-6 10.6102025
true 6.760541522710106e-7 605 8 1 0.11 3 8.89354271946002e-6 14.3113387
true 5.008105222525927e-6 1807 8 1 0.11 4 8.89354271946002e-6 47.5847735
true 7.47953989632677e-7 177 8 2 0.11 1 8.89354271946002e-6 1.3801619
true 7.917810069257847e-7 429 8 2 0.11 2 8.89354271946002e-6 6.1483988
true 7.581663337308253e-6 1866 8 2 0.11 3 8.89354271946002e-6 35.8652773
true 2.4757040736900215e-5 2496 8 2 0.11 4 8.89354271946002e-6 73.237762
true 7.098213318050087e-7 322 8 3 0.11 1 8.89354271946002e-6 2.3352709
true 4.166558364715467e-6 842 8 3 0.11 2 8.89354271946002e-6 11.8087673
true 5.334556691146316e-5 2126 8 3 0.11 3 8.89354271946002e-6 38.8324261
true 7.586573715116322e-6 1251 8 3 0.11 4 8.89354271946002e-6 38.529248
true 0.25000482133706203 218 8 4 0.11 1 8.89354271946002e-6 1.544592
true 4.553998673634263e-6 1006 8 4 0.11 2 8.89354271946002e-6 12.9125383
true 9.490695899963542e-6 1449 8 4 0.11 3 8.89354271946002e-6 28.9312185
true 1.5375364938327585e-5 2594 8 4 0.11 4 8.89354271946002e-6 62.5336095
true 1.0817188340395133e-6 352 8 5 0.11 1 8.89354271946002e-6 2.4311627
true 1.9966427060702506e-6 1333 8 5 0.11 2 8.89354271946002e-6 16.6084512
true 2.697249973382387e-6 722 8 5 0.11 3 8.89354271946002e-6 15.8874804
true 4.490104420762364e-6 1424 8 5 0.11 4 8.89354271946002e-6 38.6976984
true 2.703034013682807e-6 324 8 6 0.11 1 8.89354271946002e-6 2.2843108
true 4.983896602833715e-6 1249 8 6 0.11 2 8.89354271946002e-6 14.6172011
true 5.635219845330959e-6 1419 8 6 0.11 3 8.89354271946002e-6 26.0649051
true 5.839345850046825e-5 3760 8 6 0.11 4 8.89354271946002e-6 86.2823414
true 0.28571496671148455 289 8 7 0.11 1 8.89354271946002e-6 2.109736
true 3.98114952617133e-6 622 8 7 0.11 2 8.89354271946002e-6 8.3917348
true 0.00011881319170882674 1968 8 7 0.11 3 8.89354271946002e-6 35.2674384
true 0.07146098036879042 4135 8 7 0.11 4 8.89354271946002e-6 96.0486252
true 0.12500343719192838 271 8 8 0.11 1 8.89354271946002e-6 1.9668524
true 3.0518947035512722e-6 2944 8 8 0.11 2 8.89354271946002e-6 34.9610197
true 1.2035757097225708e-5 6000 8 8 0.11 3 8.89354271946002e-6 101.2977493
true 0.00034812246930907703 5534 8 8 0.11 4 8.89354271946002e-6 122.9283867
true 1.1252036433706536e-6 178 8 1 0.12 1 1.2337527774640828e-5 1.3472695
true 3.859290360341827e-6 343 8 1 0.12 2 1.2337527774640828e-5 5.275162
true 7.600502583249291e-6 1139 8 1 0.12 3 1.2337527774640828e-5 21.4041263
true 6.295005428635925e-5 1599 8 1 0.12 4 1.2337527774640828e-5 41.826773
true 1.1818068966218398e-6 151 8 2 0.12 1 1.2337527774640828e-5 1.0601423
true 1.8583934056348728e-6 354 8 2 0.12 2 1.2337527774640828e-5 5.4237161
true 2.4491251260361224e-6 2693 8 2 0.12 3 1.2337527774640828e-5 46.8320414
true 2.5297051394979064e-5 3152 8 2 0.12 4 1.2337527774640828e-5 72.3307126
true 1.0565342396147888e-6 217 8 3 0.12 1 1.2337527774640828e-5 1.4776202
true 6.795156492489518e-7 1297 8 3 0.12 2 1.2337527774640828e-5 15.7100649
true 0.16665617865881643 809 8 3 0.12 3 1.2337527774640828e-5 16.6655311
true 5.064235916211561e-6 1890 8 3 0.12 4 1.2337527774640828e-5 53.1805182
true 0.25000084926072846 211 8 4 0.12 1 1.2337527774640828e-5 1.5185461
true 5.256904112252436e-6 643 8 4 0.12 2 1.2337527774640828e-5 8.7755665
true 5.83105866820699e-6 2129 8 4 0.12 3 1.2337527774640828e-5 36.8453542
true 1.0002326108357606e-5 1891 8 4 0.12 4 1.2337527774640828e-5 45.3014907
true 1.0939570572188195e-6 250 8 5 0.12 1 1.2337527774640828e-5 1.7785769
true 6.303222237939999e-5 519 8 5 0.12 2 1.2337527774640828e-5 6.980605
true 4.25632930547426e-6 1208 8 5 0.12 3 1.2337527774640828e-5 22.6508603
true 4.047522144315918e-5 2996 8 5 0.12 4 1.2337527774640828e-5 71.1692164
true 0.16666984407702748 251 8 6 0.12 1 1.2337527774640828e-5 1.7730649
true 4.873508346279569e-6 1786 8 6 0.12 2 1.2337527774640828e-5 21.0522951
true 3.642239743647154e-5 1166 8 6 0.12 3 1.2337527774640828e-5 22.3268496
true 4.191038884057696e-5 4619 8 6 0.12 4 1.2337527774640828e-5 104.3567366
true 0.14287588223120234 229 8 7 0.12 1 1.2337527774640828e-5 1.7156053
true 6.458208660924709e-6 1437 8 7 0.12 2 1.2337527774640828e-5 17.0515785
true 2.5593035829813663e-6 1666 8 7 0.12 3 1.2337527774640828e-5 30.4258417
true 2.9670645531015044e-5 3237 8 7 0.12 4 1.2337527774640828e-5 74.967626
true 0.250001549002165 252 8 8 0.12 1 1.2337527774640828e-5 1.8428209
true 1.758421344737887e-5 1227 8 8 0.12 2 1.2337527774640828e-5 14.6504905
true 6.493546568370201e-6 1698 8 8 0.12 3 1.2337527774640828e-5 31.0631393
true 1.2720192458494373e-5 9920 8 8 0.12 4 1.2337527774640828e-5 217.5690477
true 1.386302813988216e-6 181 8 1 0.13 1 1.667115612822946e-5 1.2888936
true 5.760187060110944e-7 382 8 1 0.13 2 1.667115612822946e-5 5.4978981
true 1.3929282868252457e-6 849 8 1 0.13 3 1.667115612822946e-5 18.1107045
true 8.19488337294727e-6 1126 8 1 0.13 4 1.667115612822946e-5 31.6157072
true 1.4292220382183807e-6 156 8 2 0.13 1 1.667115612822946e-5 1.1566447
true 2.4311183051128893e-6 791 8 2 0.13 2 1.667115612822946e-5 10.3648331
true 3.6217193838949946e-6 1491 8 2 0.13 3 1.667115612822946e-5 25.8470866
true 1.5215928792111644e-5 2792 8 2 0.13 4 1.667115612822946e-5 68.345545
true 2.2011722124089714e-6 322 8 3 0.13 1 1.667115612822946e-5 2.1977364
true 3.6732299139215683e-6 769 8 3 0.13 2 1.667115612822946e-5 9.5958806
true 1.806244969959625e-5 1445 8 3 0.13 3 1.667115612822946e-5 27.7677689
true 3.394567496959692e-5 3573 8 3 0.13 4 1.667115612822946e-5 82.0381675
true 1.942433685425682e-6 226 8 4 0.13 1 1.667115612822946e-5 1.577387
true 8.406956173392932e-6 1114 8 4 0.13 2 1.667115612822946e-5 13.3324147
true 8.681103187704875e-6 1929 8 4 0.13 3 1.667115612822946e-5 33.6875463
true 3.196995060281149e-5 2527 8 4 0.13 4 1.667115612822946e-5 59.5484115
true 1.535673521457781e-6 240 8 5 0.13 1 1.667115612822946e-5 1.702366
true 6.7699020052103265e-6 916 8 5 0.13 2 1.667115612822946e-5 11.169179
true 6.718459678589639e-6 1237 8 5 0.13 3 1.667115612822946e-5 24.5683594
true 2.1996475656504978e-5 1460 8 5 0.13 4 1.667115612822946e-5 38.9027864
true 0.33333818965002066 257 8 6 0.13 1 1.667115612822946e-5 1.8007282
true 8.410547398085555e-6 729 8 6 0.13 2 1.667115612822946e-5 9.9173738
true 5.390009997237784e-6 4281 8 6 0.13 3 1.667115612822946e-5 74.5149444
true 5.719130679866328e-5 2915 8 6 0.13 4 1.667115612822946e-5 67.8494828
true 0.42857201451472676 249 8 7 0.13 1 1.667115612822946e-5 1.7097261
true 8.578899404436997e-7 1716 8 7 0.13 2 1.667115612822946e-5 19.9381538
true 8.967041208095075e-6 1834 8 7 0.13 3 1.667115612822946e-5 32.7936461
true 3.449375211935938e-5 7783 8 7 0.13 4 1.667115612822946e-5 176.0871776
true 0.25000518423602225 285 8 8 0.13 1 1.667115612822946e-5 2.0648477
true 8.909028913671457e-6 1698 8 8 0.13 2 1.667115612822946e-5 19.1591031
true 0.12502273508270448 1412 8 8 0.13 3 1.667115612822946e-5 27.183186
true 0.1250125644976009 2354 8 8 0.13 4 1.667115612822946e-5 59.0847322
true 1.9477230733810913e-6 175 8 1 0.14 1 2.202898740416792e-5 1.2736188
true 1.7092653276096215e-6 358 8 1 0.14 2 2.202898740416792e-5 5.5733636
true 8.354878717697911e-6 1132 8 1 0.14 3 2.202898740416792e-5 22.5222504
true 2.172410425926863e-5 2268 8 1 0.14 4 2.202898740416792e-5 63.3242114
true 2.146109767731108e-6 277 8 2 0.14 1 2.202898740416792e-5 1.8006043
true 3.332318923132682e-6 742 8 2 0.14 2 2.202898740416792e-5 10.0031699
true 4.948833718904089e-6 1190 8 2 0.14 3 2.202898740416792e-5 22.0436335
true 2.8414116414104962e-5 1520 8 2 0.14 4 2.202898740416792e-5 39.1830186
true 0.3333341425145601 142 8 3 0.14 1 2.202898740416792e-5 1.1755947
true 1.0106741177480967e-6 398 8 3 0.14 2 2.202898740416792e-5 5.6807068
true 4.987935396696027e-5 1736 8 3 0.14 3 2.202898740416792e-5 31.3332123
true 1.3783585787500533e-5 1779 8 3 0.14 4 2.202898740416792e-5 45.7805405
true 0.250000994783871 169 8 4 0.14 1 2.202898740416792e-5 1.4017818
true 0.000707395271346431 2610 8 4 0.14 2 2.202898740416792e-5 33.0917003
true 7.064857454933127e-5 3944 8 4 0.14 3 2.202898740416792e-5 65.1143329
true 1.2177667339893783e-5 1640 8 4 0.14 4 2.202898740416792e-5 45.8494602
true 0.2000013007249005 255 8 5 0.14 1 2.202898740416792e-5 1.947508
true 7.80079389276489e-6 575 8 5 0.14 2 2.202898740416792e-5 8.3208882
true 8.678628349767514e-6 1373 8 5 0.14 3 2.202898740416792e-5 25.8198594
true 2.3821887925423723e-5 2468 8 5 0.14 4 2.202898740416792e-5 66.3398432
true 0.16667190055600456 293 8 6 0.14 1 2.202898740416792e-5 2.117324
true 1.1456368598515102e-5 2010 8 6 0.14 2 2.202898740416792e-5 23.2083333
true 0.0002965035100954601 2171 8 6 0.14 3 2.202898740416792e-5 38.6538581
true 6.0087531386088244e-6 2345 8 6 0.14 4 2.202898740416792e-5 56.6186413
true 0.14286569443547967 200 8 7 0.14 1 2.202898740416792e-5 1.5145832
true 2.07045364702872e-5 1015 8 7 0.14 2 2.202898740416792e-5 12.5577959
true 2.5676437284976356e-5 2383 8 7 0.14 3 2.202898740416792e-5 41.6583398
true 0.00016546453843618858 3893 8 7 0.14 4 2.202898740416792e-5 89.3008464
true 7.464386180454363e-6 393 8 8 0.14 1 2.202898740416792e-5 2.8872931
true 1.4388408709695155e-5 2197 8 8 0.14 2 2.202898740416792e-5 27.7638106
true 0.00014596760121932117 1927 8 8 0.14 3 2.202898740416792e-5 34.6938461
true 4.6681629534299496e-5 4038 8 8 0.14 4 2.202898740416792e-5 94.9991788
true 2.8048500950728084e-6 158 8 1 0.15 1 2.855544248865359e-5 1.1629586
true 3.54015740012259e-5 478 8 1 0.15 2 2.855544248865359e-5 7.0874688
true 1.51133965904382e-5 1003 8 1 0.15 3 2.855544248865359e-5 21.5148211
true 5.028988994115746e-5 1560 8 1 0.15 4 2.855544248865359e-5 40.4276865
true 2.5341540844103783e-6 174 8 2 0.15 1 2.855544248865359e-5 1.2899777
true 1.157895724585023e-5 494 8 2 0.15 2 2.855544248865359e-5 6.8209914
true 4.842405739308164e-6 1346 8 2 0.15 3 2.855544248865359e-5 26.4438618
true 0.00016344189810227339 2104 8 2 0.15 4 2.855544248865359e-5 53.7881681
true 2.5679689471906166e-6 613 8 3 0.15 1 2.855544248865359e-5 4.4956903
true 1.6469145923236894e-5 718 8 3 0.15 2 2.855544248865359e-5 9.2501546
true 1.4132989914779811e-5 730 8 3 0.15 3 2.855544248865359e-5 16.4706092
true 4.433353737824201e-7 1479 8 3 0.15 4 2.855544248865359e-5 44.7003241
true 0.2500018671884291 159 8 4 0.15 1 2.855544248865359e-5 1.3093365
true 4.685709827881301e-6 1577 8 4 0.15 2 2.855544248865359e-5 19.4239424
true 5.824015902707036e-5 838 8 4 0.15 3 2.855544248865359e-5 21.6055175
true 2.7049111936808257e-5 2605 8 4 0.15 4 2.855544248865359e-5 65.9910729
true 2.9347227746945313e-6 365 8 5 0.15 1 2.855544248865359e-5 2.5774768
true 1.0166222899010702e-5 491 8 5 0.15 2 2.855544248865359e-5 7.3932202
true 1.0903510820892137e-5 1154 8 5 0.15 3 2.855544248865359e-5 24.1894499
true 2.4871710308993487e-5 4099 8 5 0.15 4 2.855544248865359e-5 98.6079759
true 0.06276923167417693 720 8 6 0.15 1 2.855544248865359e-5 5.8416838
true 0.1666798549075149 2170 8 6 0.15 2 2.855544248865359e-5 25.9442677
true 0.16667441402660854 931 8 6 0.15 3 2.855544248865359e-5 22.0113999
true 2.9796046807833987e-5 2641 8 6 0.15 4 2.855544248865359e-5 62.567877
true 1.4909508410535352e-5 335 8 7 0.15 1 2.855544248865359e-5 2.4662729
true 1.9822430934814316e-5 1217 8 7 0.15 2 2.855544248865359e-5 14.9282223
true 1.2328296006526771e-5 1756 8 7 0.15 3 2.855544248865359e-5 31.4380368
true 4.444480583954651e-5 4616 8 7 0.15 4 2.855544248865359e-5 111.9878143
true 1.0127776822493884e-5 324 8 8 0.15 1 2.855544248865359e-5 2.513041
true 6.881657630992272e-5 2169 8 8 0.15 2 2.855544248865359e-5 26.8498584
true 2.0653093966767344e-5 2536 8 8 0.15 3 2.855544248865359e-5 44.521772
true 1.9788107640972274e-5 2339 8 8 0.15 4 2.855544248865359e-5 59.7755805
true 3.3664391685950257e-6 161 8 1 0.16 1 3.644453169312535e-5 1.335758
true 2.830857990077096e-6 411 8 1 0.16 2 3.644453169312535e-5 6.183855
true 3.1900901252823743e-6 685 8 1 0.16 3 3.644453169312535e-5 14.5431924
true 8.078156897689537e-5 2082 8 1 0.16 4 3.644453169312535e-5 54.1042423
true 3.3324064128981146e-6 192 8 2 0.16 1 3.644453169312535e-5 1.4970561
true 6.0427933922524435e-6 329 8 2 0.16 2 3.644453169312535e-5 5.5171653
true 7.615047075887338e-6 1174 8 2 0.16 3 3.644453169312535e-5 23.4769291
true 2.977214596286415e-5 1983 8 2 0.16 4 3.644453169312535e-5 53.1555902
true 3.5739639488626316e-6 268 8 3 0.16 1 3.644453169312535e-5 2.1360641
true 5.874691564840735e-6 1020 8 3 0.16 2 3.644453169312535e-5 13.0707552
true 9.069802758795062e-6 1181 8 3 0.16 3 3.644453169312535e-5 22.7113885
true 3.5638524412314375e-5 3412 8 3 0.16 4 3.644453169312535e-5 83.1759121
true 0.25000222961199037 272 8 4 0.16 1 3.644453169312535e-5 2.0891898
true 1.7938365559050373e-5 589 8 4 0.16 2 3.644453169312535e-5 8.1967633
true 1.2446556718850865e-5 2129 8 4 0.16 3 3.644453169312535e-5 38.7208337
true 3.296822567595836e-5 7043 8 4 0.16 4 3.644453169312535e-5 176.4420127
true 0.4000002747929406 295 8 5 0.16 1 3.644453169312535e-5 2.3528778
true 1.021730437827939e-5 1013 8 5 0.16 2 3.644453169312535e-5 12.4943796
true 0.20001279837389307 876 8 5 0.16 3 3.644453169312535e-5 18.7298828
true 1.2252974425119856e-5 2377 8 5 0.16 4 3.644453169312535e-5 59.6671801
true 0.16667614122576646 222 8 6 0.16 1 3.644453169312535e-5 1.8996924
true 3.709224769974743e-5 1520 8 6 0.16 2 3.644453169312535e-5 18.8927485
true 3.0125032839963446e-5 1129 8 6 0.16 3 3.644453169312535e-5 22.418175
true 0.00017264311463050888 3976 8 6 0.16 4 3.644453169312535e-5 90.2737199
true 0.14287085490079646 263 8 7 0.16 1 3.644453169312535e-5 2.1177854
true 0.1428658226249888 2456 8 7 0.16 2 3.644453169312535e-5 31.0661362
true 0.00012974958754859354 1915 8 7 0.16 3 3.644453169312535e-5 36.2144044
true 2.685980599803628e-5 3229 8 7 0.16 4 3.644453169312535e-5 79.0283957
true 0.12501206977242252 218 8 8 0.16 1 3.644453169312535e-5 1.8842532
true 1.714074676766736e-5 1400 8 8 0.16 2 3.644453169312535e-5 17.6592539
true 0.12522872583210493 2465 8 8 0.16 3 3.644453169312535e-5 46.7498029
true 0.06251097532830872 5467 8 8 0.16 4 3.644453169312535e-5 121.2528726
true 4.281997713684316e-6 177 8 1 0.17 1 4.573683624314419e-5 1.3280211
true 7.082076123599013e-6 387 8 1 0.17 2 4.573683624314419e-5 6.3836426
true 9.177172823948698e-6 1454 8 1 0.17 3 4.573683624314419e-5 27.6789761
true 9.555524127180526e-6 1153 8 1 0.17 4 4.573683624314419e-5 34.6784895
true 4.228912154707887e-6 162 8 2 0.17 1 4.573683624314419e-5 1.3334736
true 7.809229986804889e-6 390 8 2 0.17 2 4.573683624314419e-5 6.0553708
true 3.2963103864164234e-5 725 8 2 0.17 3 4.573683624314419e-5 18.137432
true 6.073400812420249e-5 3181 8 2 0.17 4 4.573683624314419e-5 76.3235745
true 4.348415037417712e-6 162 8 3 0.17 1 4.573683624314419e-5 1.3567976
true 8.337351600958462e-6 850 8 3 0.17 2 4.573683624314419e-5 10.7727843
true 5.853179479301899e-6 1815 8 3 0.17 3 4.573683624314419e-5 33.3595637
true 2.858243887293721e-5 2558 8 3 0.17 4 4.573683624314419e-5 60.4715512
true 4.79829415388211e-6 215 8 4 0.17 1 4.573683624314419e-5 1.7266279
true 2.692190744928158e-5 971 8 4 0.17 2 4.573683624314419e-5 12.3151684
true 8.050605849753423e-5 1208 8 4 0.17 3 4.573683624314419e-5 23.7767068
true 4.115486292724513e-5 3196 8 4 0.17 4 4.573683624314419e-5 79.2965619
true 4.480354589908586e-6 434 8 5 0.17 1 4.573683624314419e-5 3.3557268
true 1.7254882211614753e-5 635 8 5 0.17 2 4.573683624314419e-5 9.0140633
true 2.068788620082085e-5 5194 8 5 0.17 3 4.573683624314419e-5 92.2903394
true 3.3953345752058e-5 1522 8 5 0.17 4 4.573683624314419e-5 40.7410198
true 0.16667820231937047 289 8 6 0.17 1 4.573683624314419e-5 2.4423197
true 2.6263336370115537e-5 964 8 6 0.17 2 4.573683624314419e-5 12.2680795
true 1.9028618997829483e-5 992 8 6 0.17 3 4.573683624314419e-5 21.5221484
true 4.14224109003547e-5 1460 8 6 0.17 4 4.573683624314419e-5 39.5442345
true 0.14294793040744838 247 8 7 0.17 1 4.573683624314419e-5 2.1063094
true 1.849992341582515e-5 1112 8 7 0.17 2 4.573683624314419e-5 13.8991545
true 2.9323467661078262e-5 1793 8 7 0.17 3 4.573683624314419e-5 33.2447172
true 0.0001161773586015483 8293 8 7 0.17 4 4.573683624314419e-5 190.7969164
true 0.12501539919362759 295 8 8 0.17 1 4.573683624314419e-5 2.3653877
true 1.6894766473603273e-5 2183 8 8 0.17 2 4.573683624314419e-5 27.5559361
true 2.2232762492836733e-5 2553 8 8 0.17 3 4.573683624314419e-5 46.4272498
true 8.764849373583267e-5 5992 8 8 0.17 4 4.573683624314419e-5 134.3579988
true 5.451316519577976e-6 249 8 1 0.18 1 5.672819933488509e-5 1.9376269
true 9.980530533415521e-6 416 8 1 0.18 2 5.672819933488509e-5 6.265032
true 1.4716693611638298e-5 650 8 1 0.18 3 5.672819933488509e-5 17.0735155
true 2.4778543477987913e-5 1412 8 1 0.18 4 5.672819933488509e-5 43.2808356
true 5.813894523781782e-6 291 8 2 0.18 1 5.672819933488509e-5 2.2396871
true 5.33636810010063e-6 327 8 2 0.18 2 5.672819933488509e-5 5.2620338
true 3.0038606403298695e-5 1077 8 2 0.18 3 5.672819933488509e-5 21.3826018
true 2.4401497198678346e-5 2683 8 2 0.18 4 5.672819933488509e-5 64.7004256
true 5.621773653892899e-6 171 8 3 0.18 1 5.672819933488509e-5 1.4737538
true 9.11027656051259e-6 1227 8 3 0.18 2 5.672819933488509e-5 16.2253121
true 3.33906485380416e-5 1627 8 3 0.18 3 5.672819933488509e-5 29.7528819
true 6.734347045334044e-5 2541 8 3 0.18 4 5.672819933488509e-5 69.2631696
true 5.964957087642442e-6 256 8 4 0.18 1 5.672819933488509e-5 2.0189074
true 2.5440632858642065e-5 528 8 4 0.18 2 5.672819933488509e-5 7.700099
true 0.00011879690470671667 1980 8 4 0.18 3 5.672819933488509e-5 39.4911872
true 2.0899866765650144e-5 1891 8 4 0.18 4 5.672819933488509e-5 53.2734286
true 6.081332984098075e-6 285 8 5 0.18 1 5.672819933488509e-5 2.2583003
true 2.5148385255857608e-5 2707 8 5 0.18 2 5.672819933488509e-5 33.1522882
true 2.647417053386336e-5 1910 8 5 0.18 3 5.672819933488509e-5 37.6645904
true 8.851170610466586e-5 3961 8 5 0.18 4 5.672819933488509e-5 94.7982293
true 0.16668117530534776 298 8 6 0.18 1 5.672819933488509e-5 2.294221
true 2.9914267228703384e-5 2055 8 6 0.18 2 5.672819933488509e-5 25.4961389
true 3.456417759926481e-5 1634 8 6 0.18 3 5.672819933488509e-5 31.8033661
true 9.623234858756786e-5 2556 8 6 0.18 4 5.672819933488509e-5 69.0551305
true 0.1428786490619143 282 8 7 0.18 1 5.672819933488509e-5 2.3457112
true 2.5793665183745533e-5 703 8 7 0.18 2 5.672819933488509e-5 9.4993751
true 6.0952452960172376e-5 2711 8 7 0.18 3 5.672819933488509e-5 47.6536215
true 3.273755679042026e-5 2875 8 7 0.18 4 5.672819933488509e-5 68.2922855
true 2.0971184085220862e-5 389 8 8 0.18 1 5.672819933488509e-5 3.2038691
true 2.8231999591149526e-5 4373 8 8 0.18 2 5.672819933488509e-5 56.1171791
true 0.00011851233832393948 2473 8 8 0.18 3 5.672819933488509e-5 44.6430664
true 5.618448615420102e-5 5679 8 8 0.18 4 5.672819933488509e-5 135.6456793
true 7.085214655977445e-6 150 8 1 0.19 1 6.956881640670231e-5 1.2348119
true 1.0774638463217912e-5 330 8 1 0.19 2 6.956881640670231e-5 5.1499245
true 9.923921810983671e-7 1087 8 1 0.19 3 6.956881640670231e-5 21.6231051
true 1.1403617415028933e-5 865 8 1 0.19 4 6.956881640670231e-5 28.9506266
true 7.097619976748071e-6 170 8 2 0.19 1 6.956881640670231e-5 1.3950056
true 2.0432955664950736e-6 1496 8 2 0.19 2 6.956881640670231e-5 18.8812187
true 2.132446340324945e-5 1369 8 2 0.19 3 6.956881640670231e-5 26.0267514
true 5.221708434388628e-5 1608 8 2 0.19 4 6.956881640670231e-5 41.3473512
true 7.219358129769334e-6 162 8 3 0.19 1 6.956881640670231e-5 1.3453003
true 1.6774940285050704e-5 734 8 3 0.19 2 6.956881640670231e-5 9.7799477
true 1.621787153566201e-5 1254 8 3 0.19 3 6.956881640670231e-5 24.4231279
true 3.89700766420901e-5 2128 8 3 0.19 4 6.956881640670231e-5 54.4398665
true 7.663045134692625e-6 285 8 4 0.19 1 6.956881640670231e-5 2.1310381
true 2.9058747999757828e-5 1102 8 4 0.19 2 6.956881640670231e-5 13.8392351
true 5.4336480884709104e-5 1805 8 4 0.19 3 6.956881640670231e-5 36.3626537
true 5.1290985961655045e-5 2008 8 4 0.19 4 6.956881640670231e-5 51.3882169
true 7.576643052553678e-6 318 8 5 0.19 1 6.956881640670231e-5 2.470959
true 3.28730849309955e-5 2712 8 5 0.19 2 6.956881640670231e-5 34.2814809
true 4.70200856827141e-5 2134 8 5 0.19 3 6.956881640670231e-5 37.7418528
true 0.00012048130274301405 7282 8 5 0.19 4 6.956881640670231e-5 163.972035
true 0.1666840562418149 232 8 6 0.19 1 6.956881640670231e-5 1.8965926
true 3.4430478534954366e-5 1159 8 6 0.19 2 6.956881640670231e-5 14.6230521
true 2.209860081590446e-5 1550 8 6 0.19 3 6.956881640670231e-5 29.8730009
true 0.0001145477677898706 2517 8 6 0.19 4 6.956881640670231e-5 60.8211622
true 0.1428625487472541 520 8 7 0.19 1 6.956881640670231e-5 4.5119213
true 0.14287298288368813 1579 8 7 0.19 2 6.956881640670231e-5 19.9332962
true 5.415218409050253e-5 1203 8 7 0.19 3 6.956881640670231e-5 24.3356843
true 1.86115351269524e-5 4714 8 7 0.19 4 6.956881640670231e-5 110.9122694
true 2.5812137555016046e-5 460 8 8 0.19 1 6.956881640670231e-5 3.6012922
true 2.559908426648383e-5 1110 8 8 0.19 2 6.956881640670231e-5 14.3066798
true 3.9418892967935104e-5 2474 8 8 0.19 3 6.956881640670231e-5 44.2349228
true 3.986420640077204e-5 1740 8 8 0.19 4 6.956881640670231e-5 48.8361605
true 9.047628410474573e-6 202 8 1 0.2 1 8.447509918454874e-5 1.4825247
true 1.4402185145367952e-5 372 8 1 0.2 2 8.447509918454874e-5 5.7385555
true 1.8573739939187206e-5 621 8 1 0.2 3 8.447509918454874e-5 14.1694322
true 1.8465476526952074e-5 1097 8 1 0.2 4 8.447509918454874e-5 34.8319976
true 8.898032522547394e-6 156 8 2 0.2 1 8.447509918454874e-5 1.3511584
true 1.411420707780886e-6 646 8 2 0.2 2 8.447509918454874e-5 9.3474466
true 8.272438815640215e-5 855 8 2 0.2 3 8.447509918454874e-5 19.7726059
true 6.467874218910041e-5 2421 8 2 0.2 4 8.447509918454874e-5 62.6273141
true 8.892570359205395e-6 207 8 3 0.2 1 8.447509918454874e-5 1.7519506
true 1.2156040832767001e-5 1553 8 3 0.2 2 8.447509918454874e-5 20.1659496
true 3.7127089046240513e-5 2745 8 3 0.2 3 8.447509918454874e-5 48.6671613
true 5.0310256734279836e-5 4060 8 3 0.2 4 8.447509918454874e-5 97.9271156
true 9.908058974925082e-6 212 8 4 0.2 1 8.447509918454874e-5 1.7742584
true 3.385647358357391e-5 1817 8 4 0.2 2 8.447509918454874e-5 22.1322456
true 3.5032317191624474e-5 1480 8 4 0.2 3 8.447509918454874e-5 29.7837891
true 6.096136354075132e-5 1491 8 4 0.2 4 8.447509918454874e-5 39.9328016
true 0.2000062603511168 184 8 5 0.2 1 8.447509918454874e-5 1.5830335
true 3.438436267467759e-5 421 8 5 0.2 2 8.447509918454874e-5 6.6376805
true 5.5048787606959414e-5 1558 8 5 0.2 3 8.447509918454874e-5 29.3714406
true 0.09965092352962832 1678 8 5 0.2 4 8.447509918454874e-5 44.4995701
true 0.000174956240770315 234 8 6 0.2 1 8.447509918454874e-5 1.9448364
true 4.0817728037295664e-5 1624 8 6 0.2 2 8.447509918454874e-5 20.2631469
true 2.2165966852727426e-5 1724 8 6 0.2 3 8.447509918454874e-5 32.7963744
true 5.789224197981039e-5 1943 8 6 0.2 4 8.447509918454874e-5 49.5327437
true 0.14289036877642936 244 8 7 0.2 1 8.447509918454874e-5 2.0684276
true 3.982388648364278e-5 1577 8 7 0.2 2 8.447509918454874e-5 19.4218468
true 5.6063269529378026e-5 1794 8 7 0.2 3 8.447509918454874e-5 33.0765239
true 5.7984975930688455e-5 5806 8 7 0.2 4 8.447509918454874e-5 130.7000407
true 3.19877631672974e-5 444 8 8 0.2 1 8.447509918454874e-5 3.4152224
true 3.86089212213378e-5 2403 8 8 0.2 2 8.447509918454874e-5 31.2272522
true 6.45879970467278e-5 3224 8 8 0.2 3 8.447509918454874e-5 56.751208
true 7.700695071710673e-5 4072 8 8 0.2 4 8.447509918454874e-5 99.2938777
true 1.091409954073752e-5 301 8 1 0.21 1 0.00010168453589452703 2.2973126
true 1.9841155444233483e-5 443 8 1 0.21 2 0.00010168453589452703 6.9987232
true 1.3470883207300499e-5 1270 8 1 0.21 3 0.00010168453589452703 26.4318929
true 2.980446826789107e-5 1641 8 1 0.21 4 0.00010168453589452703 42.4768102
true 1.1137109713288407e-5 173 8 2 0.21 1 0.00010168453589452703 1.4401693
true 1.88369849833947e-5 738 8 2 0.21 2 0.00010168453589452703 9.32469
true 7.769306398297537e-5 734 8 2 0.21 3 0.00010168453589452703 16.4434427
true 9.6404281199447e-5 2944 8 2 0.21 4 0.00010168453589452703 71.100105
true 0.3333372291758853 153 8 3 0.21 1 0.00010168453589452703 1.34727
true 2.7570429734965116e-6 1173 8 3 0.21 2 0.00010168453589452703 14.831376
true 9.885249041829969e-6 873 8 3 0.21 3 0.00010168453589452703 20.1300186
true 6.589038603356985e-5 2155 8 3 0.21 4 0.00010168453589452703 53.2925199
true 0.25000749871315253 150 8 4 0.21 1 0.00010168453589452703 1.3281379
true 0.0002842658107197332 634 8 4 0.21 2 0.00010168453589452703 9.1452796
true 7.446849929196309e-5 2126 8 4 0.21 3 0.00010168453589452703 39.378419
true 7.74754819272e-5 1547 8 4 0.21 4 0.00010168453589452703 41.4621433
true 0.20000754440114582 195 8 5 0.21 1 0.00010168453589452703 1.680981
true 0.20005590579185822 1307 8 5 0.21 2 0.00010168453589452703 17.0798353
true 3.4531892925027116e-5 1309 8 5 0.21 3 0.00010168453589452703 27.0185391
true 0.00015585088770785348 2747 8 5 0.21 4 0.00010168453589452703 67.0032048
true 0.16669341051640732 517 8 6 0.21 1 0.00010168453589452703 4.1728386
true 5.26349270600727e-5 971 8 6 0.21 2 0.00010168453589452703 12.883392
true 3.709974426020316e-5 1144 8 6 0.21 3 0.00010168453589452703 25.9394497
true 5.293558397221713e-5 2104 8 6 0.21 4 0.00010168453589452703 57.3579021
true 0.1428974866545616 273 8 7 0.21 1 0.00010168453589452703 2.3260287
true 1.3969063245855562e-5 1412 8 7 0.21 2 0.00010168453589452703 19.2725419
true 0.00014319169764833082 1788 8 7 0.21 3 0.00010168453589452703 34.0378443
true 0.00012035346577610977 4195 8 7 0.21 4 0.00010168453589452703 96.9077192
true 0.12503666649463152 315 8 8 0.21 1 0.00010168453589452703 2.7528478
true 3.858814011521716e-5 1205 8 8 0.21 2 0.00010168453589452703 16.320839
true 5.7385439189053256e-5 1676 8 8 0.21 3 0.00010168453589452703 32.2531473
true 9.108477080791572e-5 5758 8 8 0.21 4 0.00010168453589452703 137.4168138
true 1.3508735945966244e-5 150 8 1 0.22 1 0.000121344932874854 1.247036
true 3.3979139644202405e-5 406 8 1 0.22 2 0.000121344932874854 6.3971988
true 1.5253727369990422e-5 1230 8 1 0.22 3 0.000121344932874854 23.8986547
true 6.170794814996938e-5 2655 8 1 0.22 4 0.000121344932874854 72.9067364
true 1.3814742491957688e-5 183 8 2 0.22 1 0.000121344932874854 1.5811337
true 3.1612967296146266e-5 602 8 2 0.22 2 0.000121344932874854 8.6391636
true 2.5749966326982232e-5 1125 8 2 0.22 3 0.000121344932874854 24.3879767
true 0.00011358787384946334 3314 8 2 0.22 4 0.000121344932874854 79.6692557
true 0.3333381508595074 153 8 3 0.22 1 0.000121344932874854 1.2696977
true 2.333457913172854e-6 652 8 3 0.22 2 0.000121344932874854 10.0419611
true 1.9963151723127275e-5 906 8 3 0.22 3 0.000121344932874854 19.1003487
true 7.088507840726417e-5 2293 8 3 0.22 4 0.000121344932874854 57.5023395
true 1.5468032353180283e-5 264 8 4 0.22 1 0.000121344932874854 2.1898818
true 5.157976857257662e-5 2638 8 4 0.22 2 0.000121344932874854 33.4563255
true 5.6721823819216866e-5 1401 8 4 0.22 3 0.000121344932874854 27.7493544
true 0.00011161898927387892 1721 8 4 0.22 4 0.000121344932874854 46.5788695
true 1.635396277117618e-5 430 8 5 0.22 1 0.000121344932874854 3.5144863
true 4.9112492060621185e-5 1618 8 5 0.22 2 0.000121344932874854 20.707023
true 9.795842055752014e-5 2350 8 5 0.22 3 0.000121344932874854 44.9979238
true 7.934089224280738e-5 2018 8 5 0.22 4 0.000121344932874854 52.6758478
true 3.699739983769231e-5 423 8 6 0.22 1 0.000121344932874854 3.5336369
true 6.421632864371991e-5 989 8 6 0.22 2 0.000121344932874854 13.9095037
true 7.312163619931551e-5 1713 8 6 0.22 3 0.000121344932874854 34.5099684
true 0.0001735098595853727 3554 8 6 0.22 4 0.000121344932874854 88.1795078
true 5.250606536211233e-5 272 8 7 0.22 1 0.000121344932874854 2.2549599
true 7.663147200439749e-5 786 8 7 0.22 2 0.000121344932874854 11.0643491
true 5.885953107666518e-5 2973 8 7 0.22 3 0.000121344932874854 52.9735669
true 7.853971468050178e-5 4476 8 7 0.22 4 0.000121344932874854 113.7455296
true 4.874438967054223e-5 312 8 8 0.22 1 0.000121344932874854 2.5874369
true 0.12499873451280172 916 8 8 0.22 2 0.000121344932874854 12.6920806
true 4.072060498198221e-5 1135 8 8 0.22 3 0.000121344932874854 23.9747054
true 9.681820871068614e-5 3478 8 8 0.22 4 0.000121344932874854 83.4844584
true 1.6677462391478937e-5 169 8 1 0.23 1 0.00014401971777686906 1.446518
true 3.951576225774689e-5 428 8 1 0.23 2 0.00014401971777686906 7.1838224
true 4.0855474825018945e-5 754 8 1 0.23 3 0.00014401971777686906 17.4807046
true 0.00012152350968980263 1363 8 1 0.23 4 0.00014401971777686906 38.3051053
true 1.712644793996909e-5 220 8 2 0.23 1 0.00014401971777686906 1.8264022
true 5.001415727995395e-5 383 8 2 0.23 2 0.00014401971777686906 6.2774935
true 0.00020213991543208132 757 8 2 0.23 3 0.00014401971777686906 17.0889099
true 0.00010010961818754383 1135 8 2 0.23 4 0.00014401971777686906 33.316544
true 1.6961332151158952e-5 151 8 3 0.23 1 0.00014401971777686906 1.456119
true 3.001562466475871e-5 948 8 3 0.23 2 0.00014401971777686906 13.3724489
true 2.5217939319088778e-5 1505 8 3 0.23 3 0.00014401971777686906 30.7539179
true 0.00011666706689894557 3005 8 3 0.23 4 0.00014401971777686906 77.6681349
true 0.2505031170507552 162 8 4 0.23 1 0.00014401971777686906 1.5307416
true 3.3096562946186014e-5 1687 8 4 0.23 2 0.00014401971777686906 21.6403927
true 5.920965355721286e-5 1359 8 4 0.23 3 0.00014401971777686906 27.8917639
true 0.00015592836980055091 2180 8 4 0.23 4 0.00014401971777686906 59.2060918
true 1.8011139764195772e-5 233 8 5 0.23 1 0.00014401971777686906 2.0725164
true 0.09977788261023837 2074 8 5 0.23 2 0.00014401971777686906 27.207611
true 0.00010001111675370656 2027 8 5 0.23 3 0.00014401971777686906 41.6822015
true 9.036804881707994e-5 2782 8 5 0.23 4 0.00014401971777686906 69.9080886
true 0.33336767690827057 154 8 6 0.23 1 0.00014401971777686906 1.4436056
true 7.578365417284146e-5 638 8 6 0.23 2 0.00014401971777686906 9.2712411
true 0.16672123831872745 1547 8 6 0.23 3 0.00014401971777686906 35.0038644
true 4.343243958245443e-5 1806 8 6 0.23 4 0.00014401971777686906 50.5997861
true 0.2857233185861126 347 8 7 0.23 1 0.00014401971777686906 2.9203312
true 7.057776882060265e-5 1571 8 7 0.23 2 0.00014401971777686906 20.1259841
true 0.1429050241401782 1199 8 7 0.23 3 0.00014401971777686906 24.4960168
true 5.6797334834466995e-5 2020 8 7 0.23 4 0.00014401971777686906 56.8886267
true 0.25004880968373944 363 8 8 0.23 1 0.00014401971777686906 3.0551454
true 8.533701580735326e-5 2471 8 8 0.23 2 0.00014401971777686906 32.7998777
true 5.311692062971024e-5 1123 8 8 0.23 3 0.00014401971777686906 25.920058