g_converged min_loss iter nsites nqubits0 h nlayers SvN time
true 2.0330291885639618e-5 177 8 1 0.24 1 0.00017048896560115199 8.3412316
true 2.817430621393502e-5 523 8 1 0.24 2 0.00017048896560115199 8.1842847
true 2.6284907469642516e-5 522 8 1 0.24 3 0.00017048896560115199 12.5252807
true 3.553954555274297e-5 1202 8 1 0.24 4 0.00017048896560115199 37.3374434
true 2.0885060652897636e-5 181 8 2 0.24 1 0.00017048896560115199 1.5426959
true 4.2202603408592054e-6 639 8 2 0.24 2 0.00017048896560115199 10.1404308
true 4.7114881805504494e-5 779 8 2 0.24 3 0.00017048896560115199 17.031952
true 0.00012955847319737201 1636 8 2 0.24 4 0.00017048896560115199 43.7806217
true 2.0823662711000335e-5 348 8 3 0.24 1 0.00017048896560115199 2.8512477
true 3.292868762749812e-5 1370 8 3 0.24 2 0.00017048896560115199 18.5168865
true 5.736967725748313e-5 1092 8 3 0.24 3 0.00017048896560115199 22.4831138
true 0.00013382071133372087 1423 8 3 0.24 4 0.00017048896560115199 38.6796414
true 2.3690610083421104e-5 200 8 4 0.24 1 0.00017048896560115199 1.6268603
true 8.133461725783053e-5 1366 8 4 0.24 2 0.00017048896560115199 17.8539439
true 8.346611677348403e-5 1906 8 4 0.24 3 0.00017048896560115199 36.2632587
true 0.00031547867193477963 2035 8 4 0.24 4 0.00017048896560115199 66.4897646
true 2.205367481897813e-5 316 8 5 0.24 1 0.00017048896560115199 2.768013
true 7.387756234744636e-5 857 8 5 0.24 2 0.00017048896560115199 12.6413162
true 7.156584524875553e-5 1914 8 5 0.24 3 0.00017048896560115199 39.9935818
true 0.00015921856327959504 2120 8 5 0.24 4 0.00017048896560115199 64.8735525
true 5.3296803526642345e-5 206 8 6 0.24 1 0.00017048896560115199 1.9382922
true 9.342508798242573e-5 994 8 6 0.24 2 0.00017048896560115199 14.5934219
true 0.0005172098565078461 1909 8 6 0.24 3 0.00017048896560115199 41.0668767
true 7.092753814523049e-5 4193 8 6 0.24 4 0.00017048896560115199 108.7266362
true 0.14293013490845194 244 8 7 0.24 1 0.00017048896560115199 2.3057831
true 7.776590896244448e-5 890 8 7 0.24 2 0.00017048896560115199 12.8681744
true 6.732062093547533e-5 2262 8 7 0.24 3 0.00017048896560115199 45.3087438
true 0.00010111152445808307 4812 8 7 0.24 4 0.00017048896560115199 121.8968397
true 0.12499307537282789 402 8 8 0.24 1 0.00017048896560115199 3.5849518
true 0.12502160433769682 1611 8 8 0.24 2 0.00017048896560115199 22.8090784
true 0.00010942236363944285 7191 8 8 0.24 3 0.00017048896560115199 143.6590677
true 0.00010004282668329284 4431 8 8 0.24 4 0.00017048896560115199 110.9798382
true 2.4734545878590808e-5 209 8 1 0.25 1 0.00020065095512621192 1.9453332
true 2.100837759749785e-5 391 8 1 0.25 2 0.00020065095512621192 7.6190188
true 4.2960848502082705e-5 1637 8 1 0.25 3 0.00020065095512621192 36.7085273
true 0.0001066779712614041 1475 8 1 0.25 4 0.00020065095512621192 44.1404196
true 2.5503525295539342e-5 167 8 2 0.25 1 0.00020065095512621192 1.5183878
true 3.9445534877002864e-5 412 8 2 0.25 2 0.00020065095512621192 7.0805002
true 5.7458174208074864e-5 804 8 2 0.25 3 0.00020065095512621192 19.2535297
true 0.00018589781700037444 1894 8 2 0.25 4 0.00020065095512621192 57.5058244
true 0.33333552170473757 140 8 3 0.25 1 0.00020065095512621192 1.4634995
true 4.0046549930709365e-5 878 8 3 0.25 2 0.00020065095512621192 12.2196998
true 5.718329194418873e-5 2064 8 3 0.25 3 0.00020065095512621192 44.1430543
true 0.00015661304392903622 2337 8 3 0.25 4 0.00020065095512621192 63.1040503
true 2.8522267342789842e-5 343 8 4 0.25 1 0.00020065095512621192 2.9552617
true 9.47386267709932e-5 501 8 4 0.25 2 0.00020065095512621192 8.144767
true 8.092691280733866e-5 1719 8 4 0.25 3 0.00020065095512621192 35.4221006
true 0.00017681093548364835 2935 8 4 0.25 4 0.00020065095512621192 82.9480432
true 2.7277698797623096e-5 183 8 5 0.25 1 0.00020065095512621192 1.7536088
true 8.124524233585895e-5 2070 8 5 0.25 2 0.00020065095512621192 28.7191311
true 6.806747699711346e-5 1181 8 5 0.25 3 0.00020065095512621192 25.9487599
true 0.00011721386262566468 6102 8 5 0.25 4 0.00020065095512621192 151.4934434
true 0.16672404125676712 247 8 6 0.25 1 0.00020065095512621192 2.3342283
true 6.727704174142035e-5 1524 8 6 0.25 2 0.00020065095512621192 20.9947868
true 7.019752726437438e-5 1427 8 6 0.25 3 0.00020065095512621192 32.4377382
true 0.00015841036748437398 2795 8 6 0.25 4 0.00020065095512621192 75.4407258
true 9.011950808485159e-5 428 8 7 0.25 1 0.00020065095512621192 3.8005335
true 8.684700528076889e-6 573 8 7 0.25 2 0.00020065095512621192 9.9619868
true 0.00015127995762639505 1247 8 7 0.25 3 0.00020065095512621192 27.1910543
true 0.00012997929803302118 1817 8 7 0.25 4 0.00020065095512621192 51.7701331
true 0.1260161923866398 225 8 8 0.25 1 0.00020065095512621192 2.1749085
true 0.06219289614259906 2475 8 8 0.25 2 0.00020065095512621192 36.1168878
true 4.3321765391290956e-5 2201 8 8 0.25 3 0.00020065095512621192 45.6244588
true 8.476547205332058e-5 4756 8 8 0.25 4 0.00020065095512621192 122.0221053
true 3.142703777786471e-5 168 8 1 0.26 1 0.00023526288530908998 1.5663136
true 3.457466616629823e-5 645 8 1 0.26 2 0.00023526288530908998 10.435378
true 1.844067288031548e-5 1148 8 1 0.26 3 0.00023526288530908998 24.0970358
true 7.71292892498554e-5 2173 8 1 0.26 4 0.00023526288530908998 59.2580465
true 3.0614057078659496e-5 174 8 2 0.26 1 0.00023526288530908998 1.6217864
true 4.957329343999173e-5 735 8 2 0.26 2 0.00023526288530908998 11.6632298
true 3.4753189538272444e-5 1061 8 2 0.26 3 0.00023526288530908998 23.5772259
true 0.00016349991397890395 2125 8 2 0.26 4 0.00023526288530908998 62.9094766
true 0.33332983000062033 149 8 3 0.26 1 0.00023526288530908998 1.5035616
true 4.926367949794249e-5 702 8 3 0.26 2 0.00023526288530908998 10.3199263
true 0.00013160764209145062 1264 8 3 0.26 3 0.00023526288530908998 28.1995109
true 6.085706629072041e-5 3699 8 3 0.26 4 0.00023526288530908998 99.624258
true 0.2500195976567541 164 8 4 0.26 1 0.00023526288530908998 1.5882466
true 9.580154249719253e-6 497 8 4 0.26 2 0.00023526288530908998 8.3328667
true 0.00011418295696226377 2421 8 4 0.26 3 0.00023526288530908998 52.5395752
true 0.0001875102913460741 1523 8 4 0.26 4 0.00023526288530908998 47.5414836
true 0.20002097567913402 216 8 5 0.26 1 0.00023526288530908998 1.9938495
true 0.00010536122730279152 900 8 5 0.26 2 0.00023526288530908998 13.5622533
true 7.107407677449107e-5 1219 8 5 0.26 3 0.00023526288530908998 26.7111657
true 0.00012674453399321716 1386 8 5 0.26 4 0.00023526288530908998 42.537149
true 0.1667345341207581 351 8 6 0.26 1 0.00023526288530908998 3.0803378
true 0.00013018325670862327 1043 8 6 0.26 2 0.00023526288530908998 14.6928019
true 8.060756597072505e-5 1217 8 6 0.26 3 0.00023526288530908998 28.9719883
true 0.00017665974604157605 3557 8 6 0.26 4 0.00023526288530908998 97.0934101
true 0.2858023294059921 211 8 7 0.26 1 0.00023526288530908998 2.0092468
true 6.324535695393216e-5 1276 8 7 0.26 2 0.00023526288530908998 18.292911
true 7.757665879422535e-5 2399 8 7 0.26 3 0.00023526288530908998 49.4493628
true 0.00013554799426193246 1947 8 7 0.26 4 0.00023526288530908998 54.9290184
true 0.2500764443503377 782 8 8 0.26 1 0.00023526288530908998 7.1786471
true 9.408171932838438e-6 3268 8 8 0.26 2 0.00023526288530908998 47.673431
true 0.00012390801875835494 2597 8 8 0.26 3 0.00023526288530908998 52.3602219
true 0.00024114075699035314 3524 8 8 0.26 4 0.00023526288530908998 97.0030823
true 3.570871351177285e-5 183 8 1 0.27 1 0.00027763914380781097 1.6668661
true 5.663305700009946e-5 428 8 1 0.27 2 0.00027763914380781097 7.1417428
true 7.013932178856486e-5 726 8 1 0.27 3 0.00027763914380781097 18.1632163
true 6.784317844166221e-5 1519 8 1 0.27 4 0.00027763914380781097 44.1558082
true 3.857792753833578e-5 190 8 2 0.27 1 0.00027763914380781097 1.6940206
true 5.674323079596366e-5 375 8 2 0.27 2 0.00027763914380781097 7.3250693
true 6.167005125984337e-5 663 8 2 0.27 3 0.00027763914380781097 16.7539936
true 0.00023084194072062192 1543 8 2 0.27 4 0.00027763914380781097 47.9432152
true 3.695280846812329e-5 215 8 3 0.27 1 0.00027763914380781097 1.9685191
true 5.03302414581556e-5 1536 8 3 0.27 2 0.00027763914380781097 22.4202357
true 4.279214740991281e-5 786 8 3 0.27 3 0.00027763914380781097 19.2808134
true 3.081729402606056e-5 1396 8 3 0.27 4 0.00027763914380781097 42.350054
true 0.25019388320714275 185 8 4 0.27 1 0.00027763914380781097 1.9054102
true 0.0001299915030265053 1133 8 4 0.27 2 0.00027763914380781097 16.750005
true 0.00010531170850475169 1244 8 4 0.27 3 0.00027763914380781097 29.3534702
true 0.00020719044978326218 3663 8 4 0.27 4 0.00027763914380781097 95.4215916
true 0.2000255391679912 222 8 5 0.27 1 0.00027763914380781097 2.1207364
true 0.00011663898261522476 796 8 5 0.27 2 0.00027763914380781097 12.0350169
true 9.95618417843791e-5 1843 8 5 0.27 3 0.00027763914380781097 39.1292094
true 0.0001821548236321413 2621 8 5 0.27 4 0.00027763914380781097 68.7579614
true 0.3333998821176937 169 8 6 0.27 1 0.00027763914380781097 1.7301283
true 0.00015105895546381012 4595 8 6 0.27 2 0.00027763914380781097 65.3717647
true 0.00010171301479187471 3530 8 6 0.27 3 0.00027763914380781097 74.9632791
true 0.00021960311729281776 1435 8 6 0.27 4 0.00027763914380781097 44.4261088
true 0.00012417895785660216 364 8 7 0.27 1 0.00027763914380781097 3.2790823
true 0.00013711280889556438 1124 8 7 0.27 2 0.00027763914380781097 16.8026293
true 6.644603548273358e-5 1754 8 7 0.27 3 0.00027763914380781097 38.5431165
true 0.00016669928355460866 2319 8 7 0.27 4 0.00027763914380781097 65.6535969
true 0.2500213579706211 257 8 8 0.27 1 0.00027763914380781097 2.5952525
true 0.00010841955170320244 1620 8 8 0.27 2 0.00027763914380781097 22.8698892
true 9.995948704203533e-5 1269 8 8 0.27 3 0.00027763914380781097 29.7175822
true 0.00013111403429023893 2473 8 8 0.27 4 0.00027763914380781097 67.5822198
true 4.2685061950265e-5 193 8 1 0.28 1 0.0003286108662315683 1.7897177
true 5.8502030909513e-5 866 8 1 0.28 2 0.0003286108662315683 12.7428362
true 5.078415143983106e-5 1214 8 1 0.28 3 0.0003286108662315683 27.5556161
true 0.0003259560953526863 1802 8 1 0.28 4 0.0003286108662315683 62.4434512
true 4.431581219341285e-5 304 8 2 0.28 1 0.0003286108662315683 2.6954371
true 6.610494716594029e-5 404 8 2 0.28 2 0.0003286108662315683 6.9372298
true 4.4062193081950696e-5 1166 8 2 0.28 3 0.0003286108662315683 25.5891161
true 0.0002557038862170402 1544 8 2 0.28 4 0.0003286108662315683 46.6517591
true 4.440435338493032e-5 221 8 3 0.28 1 0.0003286108662315683 2.0180296
true 9.40343899878219e-6 636 8 3 0.28 2 0.0003286108662315683 9.9630782
true 9.998553259153257e-5 1569 8 3 0.28 3 0.0003286108662315683 35.191065
true 0.0002117878834482593 2016 8 3 0.28 4 0.0003286108662315683 56.6977442
true 5.030749068345164e-5 181 8 4 0.28 1 0.0003286108662315683 1.7745651
true 0.0022624568226140285 682 8 4 0.28 2 0.0003286108662315683 11.4839288
true 0.00015246259735039736 1238 8 4 0.28 3 0.0003286108662315683 27.1456563
true 0.0003544444299026783 4179 8 4 0.28 4 0.0003286108662315683 116.8496767
true 0.20002969484233404 257 8 5 0.28 1 0.0003286108662315683 2.4886876
true 8.415761093072405e-5 726 8 5 0.28 2 0.0003286108662315683 11.0732437
true 0.00017746441369571598 2010 8 5 0.28 3 0.0003286108662315683 41.7091232
true 0.00025329302901434537 1569 8 5 0.28 4 0.0003286108662315683 49.7936069
true 0.00010534193424477367 287 8 6 0.28 1 0.0003286108662315683 2.6006157
true 0.00015779378066764957 1184 8 6 0.28 2 0.0003286108662315683 17.3315441
true 0.00021245237114878024 4116 8 6 0.28 3 0.0003286108662315683 81.3481651
true 1.7639625902149403e-5 2258 8 6 0.28 4 0.0003286108662315683 64.2158591
true 0.00014530448761088506 191 8 7 0.28 1 0.0003286108662315683 1.9419624
true 0.0001431629174047853 2539 8 7 0.28 2 0.0003286108662315683 37.0000346
true 0.0001597587052309232 2286 8 7 0.28 3 0.0003286108662315683 47.1121529
true 0.00019442896715675197 5246 8 7 0.28 4 0.0003286108662315683 137.9998409
true 0.250111695953921 236 8 8 0.28 1 0.0003286108662315683 2.2344303
true 0.00014518229087990414 1464 8 8 0.28 2 0.0003286108662315683 21.3943944
true 0.00013948860885846376 1049 8 8 0.28 3 0.0003286108662315683 24.8785543
true 0.0001626262230325637 6304 8 8 0.28 4 0.0003286108662315683 160.077545
true 5.1123756272752896e-5 141 8 1 0.29 1 0.0004175455824969026 1.3846866
true 6.598840966326458e-5 703 8 1 0.29 2 0.0004175455824969026 11.1726378
true 3.401739227643086e-5 664 8 1 0.29 3 0.0004175455824969026 19.0407292
true 0.00010511482203529043 1064 8 1 0.29 4 0.0004175455824969026 34.6332003
true 5.461526124758698e-5 162 8 2 0.29 1 0.0004175455824969026 1.5133584
true 8.564389345488976e-5 660 8 2 0.29 2 0.0004175455824969026 9.9110345
true 9.919832175092624e-5 2634 8 2 0.29 3 0.0004175455824969026 51.9821381
true 0.00024845084137403717 2419 8 2 0.29 4 0.0004175455824969026 64.288866
true 5.488141398296564e-5 186 8 3 0.29 1 0.0004175455824969026 1.7125976
true 7.128849125899912e-5 463 8 3 0.29 2 0.0004175455824969026 7.8114746
true 0.00017775998177517924 1493 8 3 0.29 3 0.0004175455824969026 30.9462627
true 0.00021599109478300424 2234 8 3 0.29 4 0.0004175455824969026 63.2785157
true 6.185589042845274e-5 457 8 4 0.29 1 0.0004175455824969026 4.0397812
true 0.00017693947913891006 581 8 4 0.29 2 0.0004175455824969026 9.3307186
true 0.0001873665255108098 922 8 4 0.29 3 0.0004175455824969026 23.7829251
true 0.0004278120311358019 3246 8 4 0.29 4 0.0004175455824969026 86.9440272
true 0.2000350054159516 160 8 5 0.29 1 0.0004175455824969026 1.6233832
true 0.0002549105731594947 1207 8 5 0.29 2 0.0004175455824969026 17.8597474
true 0.00013947150090450888 1716 8 5 0.29 3 0.0004175455824969026 35.8140927
true 0.00023729628138010605 3329 8 5 0.29 4 0.0004175455824969026 91.1949858
true 0.16672177849031014 210 8 6 0.29 1 0.0004175455824969026 2.078276
true 0.0002095645111754585 997 8 6 0.29 2 0.0004175455824969026 16.5092715
true 0.00012213016274671232 1485 8 6 0.29 3 0.0004175455824969026 35.9889129
true 0.00013820836886359786 4272 8 6 0.29 4 0.0004175455824969026 107.9002256
true 0.2858561576099824 197 8 7 0.29 1 0.0004175455824969026 1.9595966
true 0.000172044883709453 945 8 7 0.29 2 0.0004175455824969026 13.8457179
true 0.00011733823278850927 1970 8 7 0.29 3 0.0004175455824969026 42.6574568
true 0.14298705627409639 2373 8 7 0.29 4 0.0004175455824969026 67.7235517
true 0.12516473651462368 227 8 8 0.29 1 0.0004175455824969026 2.1574943
true 0.00015719269417922843 1407 8 8 0.29 2 0.0004175455824969026 19.9688907
true 0.00018193831544698752 7912 8 8 0.29 3 0.0004175455824969026 164.1152455
true 0.00011208709634129982 3638 8 8 0.29 4 0.0004175455824969026 101.0369837
true 6.056582264779564e-5 175 8 1 0.3 1 0.0004914661774798896 1.6968188
true 0.00011310108988255019 400 8 1 0.3 2 0.0004914661774798896 7.3566782
true 4.229925120569078e-5 2636 8 1 0.3 3 0.0004914661774798896 51.8261741
true 0.00011345293389170008 1259 8 1 0.3 4 0.0004914661774798896 38.9628442
true 6.486102960465145e-5 386 8 2 0.3 1 0.0004914661774798896 3.3752287
true 8.437428322874418e-5 610 8 2 0.3 2 0.0004914661774798896 9.9783087
true 6.60842006034168e-5 1877 8 2 0.3 3 0.0004914661774798896 40.9818913
true 9.099144594332254e-5 1754 8 2 0.3 4 0.0004914661774798896 51.9252643
true 6.574034475957206e-5 199 8 3 0.3 1 0.0004914661774798896 1.9681771
true 6.938590206040374e-5 1148 8 3 0.3 2 0.0004914661774798896 16.7866246
true 0.0001418391496253076 1960 8 3 0.3 3 0.0004914661774798896 40.3453024
true 0.00029042701440055535 2326 8 3 0.3 4 0.0004914661774798896 66.1807301
true 0.24997281516535022 182 8 4 0.3 1 0.0004914661774798896 1.8552806
true 0.0001460922043898666 1007 8 4 0.3 2 0.0004914661774798896 14.6013333
true 0.12512353402810045 2127 8 4 0.3 3 0.0004914661774798896 45.3357705
true 0.00043386545306089985 4278 8 4 0.3 4 0.0004914661774798896 119.2326439
true 9.408377262637435e-5 158 8 5 0.3 1 0.0004914661774798896 1.6372207
true 0.00018499572617201033 700 8 5 0.3 2 0.0004914661774798896 11.3879841
true 0.00015243181852434562 2215 8 5 0.3 3 0.0004914661774798896 46.3571642
true 0.00025415352403278523 2259 8 5 0.3 4 0.0004914661774798896 64.796905
true 0.16678857104007305 228 8 6 0.3 1 0.0004914661774798896 2.110502
true 0.0002255708415067522 1813 8 6 0.3 2 0.0004914661774798896 25.2015083
true 0.00019663290327125624 1546 8 6 0.3 3 0.0004914661774798896 34.4199322
true 0.00030831064770080646 3701 8 6 0.3 4 0.0004914661774798896 98.0501428
true 0.0001976096133457109 276 8 7 0.3 1 0.0004914661774798896 2.6017838
true 0.00021880854713125192 2935 8 7 0.3 2 0.0004914661774798896 41.6238158
true 0.00012192994018964518 2625 8 7 0.3 3 0.0004914661774798896 52.9450064
true 0.00017135492101388872 7174 8 7 0.3 4 0.0004914661774798896 184.3622589
true 0.0001799963517648412 610 8 8 0.3 1 0.0004914661774798896 5.5966916
true 0.00018445020175079235 2716 8 8 0.3 2 0.0004914661774798896 38.672281
true 0.06256532512498805 1381 8 8 0.3 3 0.0004914661774798896 30.5313816
true 5.054308472974417e-5 2778 8 8 0.3 4 0.0004914661774798896 80.5050034
true 7.274376854266018e-5 170 8 1 0.31 1 0.0006419240332108236 1.5198331
true 0.00010519067351200118 341 8 1 0.31 2 0.0006419240332108236 6.9205368
true 0.0002184091363029439 1463 8 1 0.31 3 0.0006419240332108236 32.3381842
true 0.0001273087344073054 1415 8 1 0.31 4 0.0006419240332108236 45.2039158
true 8.012893715075853e-5 179 8 2 0.31 1 0.0006419240332108236 1.6873577
true 0.00015261789324352848 458 8 2 0.31 2 0.0006419240332108236 7.8774321
true 9.271558406709346e-5 1036 8 2 0.31 3 0.0006419240332108236 23.720844
true 9.561172269126339e-5 4727 8 2 0.31 4 0.0006419240332108236 128.0922667
true 8.185774725074275e-5 270 8 3 0.31 1 0.0006419240332108236 2.5402312
true 0.00010573137048974779 403 8 3 0.31 2 0.0006419240332108236 7.1817083
true 7.111646641920026e-5 1121 8 3 0.31 3 0.0006419240332108236 24.4294914
true 5.072667234321907e-5 2599 8 3 0.31 4 0.0006419240332108236 75.0705589
true 9.189529070757763e-5 237 8 4 0.31 1 0.0006419240332108236 2.1219261
true 0.00020822240421908278 748 8 4 0.31 2 0.0006419240332108236 11.8969787
true 0.00023727820826228985 1331 8 4 0.31 3 0.0006419240332108236 29.4090304
true 0.0003415057597632304 1917 8 4 0.31 4 0.0006419240332108236 58.1051174
true 0.20005093699959878 175 8 5 0.31 1 0.0006419240332108236 1.7864589
true 0.00022118041684190403 680 8 5 0.31 2 0.0006419240332108236 10.9526712
true 0.0002498806290686884 5045 8 5 0.31 3 0.0006419240332108236 104.2380243
true 0.00015873364524729983 4291 8 5 0.31 4 0.0006419240332108236 117.3289757
true 0.16682082427826372 192 8 6 0.31 1 0.0006419240332108236 1.888449
true 0.00031229861606091314 980 8 6 0.31 2 0.0006419240332108236 14.5796525
true 0.0002699032305258364 11113 8 6 0.31 3 0.0006419240332108236 224.122901
true 0.0003791074142740769 2584 8 6 0.31 4 0.0006419240332108236 73.2777773
true 0.14306404799139413 296 8 7 0.31 1 0.0006419240332108236 2.7652984
true 0.14297826493125818 903 8 7 0.31 2 0.0006419240332108236 14.0813432
true 0.00015185572856633658 1004 8 7 0.31 3 0.0006419240332108236 23.6562451
true 9.088800908479966e-5 3222 8 7 0.31 4 0.0006419240332108236 88.1753873
true 0.00021178289910953052 394 8 8 0.31 1 0.0006419240332108236 3.6741375
true 0.12536995929473502 534 8 8 0.31 2 0.0006419240332108236 9.4114211
true 0.0007345178459963256 2593 8 8 0.31 3 0.0006419240332108236 52.8652009
true 0.00018826360960235572 6433 8 8 0.31 4 0.0006419240332108236 165.0296223
true 8.882697260265138e-5 173 8 1 0.32 1 0.0009656652986781123 1.8050072
true 0.00014431214466525955 329 8 1 0.32 2 0.0009656652986781123 6.1177346
true 0.0002204606973730816 1113 8 1 0.32 3 0.0009656652986781123 25.9416991
true 0.00013675221886788602 1009 8 1 0.32 4 0.0009656652986781123 38.4069536
true 0.00010552809481365055 154 8 2 0.32 1 0.0009656652986781123 1.5109377
true 0.0001592402448417074 615 8 2 0.32 2 0.0009656652986781123 10.7932556
true 0.0005386451078245313 1101 8 2 0.32 3 0.0009656652986781123 26.3379546
true 6.438797425351028e-5 4203 8 2 0.32 4 0.0009656652986781123 106.6623027
true 0.00011009936055815055 176 8 3 0.32 1 0.0009656652986781123 1.6912406
true 0.00011394346924901526 485 8 3 0.32 2 0.0009656652986781123 8.0391732
true 0.0001159954865990372 612 8 3 0.32 3 0.0009656652986781123 17.9495688
true 0.00035182744299770235 4037 8 3 0.32 4 0.0009656652986781123 107.2056034
true 0.0001192857660556601 212 8 4 0.32 1 0.0009656652986781123 1.8990401
true 0.00024095486731756655 2683 8 4 0.32 2 0.0009656652986781123 38.2825038
true 0.0002878002356916931 1617 8 4 0.32 3 0.0009656652986781123 36.1002411
true 0.0010546499728080472 2048 8 4 0.32 4 0.0009656652986781123 61.0940639
true 0.00010990889074923294 213 8 5 0.32 1 0.0009656652986781123 2.063694
true 0.00022041004084444316 1589 8 5 0.32 2 0.0009656652986781123 23.0115936
true 0.0001993927224690273 943 8 5 0.32 3 0.0009656652986781123 22.0546103
true 0.0002812531050107259 1958 8 5 0.32 4 0.0009656652986781123 56.030434
true 0.16684522852007336 186 8 6 0.32 1 0.0009656652986781123 1.9740506
true 0.0002517797242327646 1132 8 6 0.32 2 0.0009656652986781123 17.2324407
true 0.00025160085814466643 1651 8 6 0.32 3 0.0009656652986781123 35.168366
true 0.00022968540128305107 5989 8 6 0.32 4 0.0009656652986781123 156.827621
true 0.000278042256072007 298 8 7 0.32 1 0.0009656652986781123 2.8275194
true 0.00029186523646067074 3848 8 7 0.32 2 0.0009656652986781123 56.7858695
true 0.14299354698038022 858 8 7 0.32 3 0.0009656652986781123 21.3441439
true 0.0003266639486416304 2079 8 7 0.32 4 0.0009656652986781123 62.680362
true 0.12522443507309539 324 8 8 0.32 1 0.0009656652986781123 2.9337437
true 0.0003395575054076158 1870 8 8 0.32 2 0.0009656652986781123 26.4892596
true 0.00022567981797529113 1496 8 8 0.32 3 0.0009656652986781123 35.3185387
true 0.0003565398154912955 3010 8 8 0.32 4 0.0009656652986781123 85.6711607
true 0.0001129564038550579 148 8 1 0.33 1 0.0015946641801874357 1.3873145
true 0.00021603897213506862 378 8 1 0.33 2 0.0015946641801874357 6.9215963
true 6.302619368664386e-5 891 8 1 0.33 3 0.0015946641801874357 24.1900731
true 0.0002905308520808614 1666 8 1 0.33 4 0.0015946641801874357 50.32395
true 0.00014867106383451012 273 8 2 0.33 1 0.0015946641801874357 2.4527508
true 0.00017018393569048773 1125 8 2 0.33 2 0.0015946641801874357 15.6077244
true 0.00022958085052049437 1668 8 2 0.33 3 0.0015946641801874357 34.9688382
true 0.0005730800095804511 2160 8 2 0.33 4 0.0015946641801874357 59.4731077
true 0.00016057587504155388 256 8 3 0.33 1 0.0015946641801874357 2.3363294
true 0.0014053050038459285 1453 8 3 0.33 2 0.0015946641801874357 22.3076688
true 0.00016347331509299531 1425 8 3 0.33 3 0.0015946641801874357 30.2397341
true 0.00017291538045342372 1528 8 3 0.33 4 0.0015946641801874357 52.2048318
true 0.2500769625943965 211 8 4 0.33 1 0.0015946641801874357 2.1017969
true 0.00028841754978642387 1309 8 4 0.33 2 0.0015946641801874357 18.0341006
true 0.0004036831985662903 2715 8 4 0.33 3 0.0015946641801874357 56.8643621
true 0.0004046689883058646 1349 8 4 0.33 4 0.0015946641801874357 43.6091408
true 0.0001516361255859966 265 8 5 0.33 1 0.0015946641801874357 2.4774704
true 0.00035805651947217186 753 8 5 0.33 2 0.0015946641801874357 11.7792857
true 0.00023513055397764716 2405 8 5 0.33 3 0.0015946641801874357 50.8726206
true 0.0004414060918115914 4648 8 5 0.33 4 0.0015946641801874357 127.313175
true 0.00026519972435653144 186 8 6 0.33 1 0.0015946641801874357 1.829837
true 0.16676691852525635 2556 8 6 0.33 2 0.0015946641801874357 36.6134255
true 0.1668853197526836 1002 8 6 0.33 3 0.0015946641801874357 24.2964879
true 0.0003993503956847185 3220 8 6 0.33 4 0.0015946641801874357 85.4848359
true 0.14317815647916715 196 8 7 0.33 1 0.0015946641801874357 1.9429268
true 0.0003971261617903843 980 8 7 0.33 2 0.0015946641801874357 14.3805319
true 0.00036956844933848176 3093 8 7 0.33 3 0.0015946641801874357 65.3969787
true 0.00012828771357081825 2617 8 7 0.33 4 0.0015946641801874357 76.534885
true 0.12527278687687576 459 8 8 0.33 1 0.0015946641801874357 4.2543085
true 0.0003040179039756827 1340 8 8 0.33 2 0.0015946641801874357 19.5856538
true 0.0003543992286190664 1047 8 8 0.33 3 0.0015946641801874357 25.0123369
true 0.000433601998102405 5088 8 8 0.33 4 0.0015946641801874357 135.8541191
true 0.0001635761631448296 133 8 1 0.34 1 0.0032721762465393357 1.3581012
true 6.95337481868008e-5 428 8 1 0.34 2 0.0032721762465393357 7.1491076
true 0.00020858628528969136 515 8 1 0.34 3 0.0032721762465393357 14.3207572
true 0.00017800728450589887 1383 8 1 0.34 4 0.0032721762465393357 45.3074316
true 0.0002578031320220886 201 8 2 0.34 1 0.0032721762465393357 1.77636
true 0.00027927742388494936 566 8 2 0.34 2 0.0032721762465393357 8.8816552
true 0.0003190013668938618 1381 8 2 0.34 3 0.0032721762465393357 29.5836451
true 0.0008307068360892123 1910 8 2 0.34 4 0.0032721762465393357 60.1621861
true 0.0002930695357357867 176 8 3 0.34 1 0.0032721762465393357 1.6052298
true 0.00017874826051239578 628 8 3 0.34 2 0.0032721762465393357 9.7816194
true 0.0006003033136821415 1182 8 3 0.34 3 0.0032721762465393357 27.831909
true 0.00016118862092871314 3188 8 3 0.34 4 0.0032721762465393357 87.8400057
true 0.0002831217762145066 218 8 4 0.34 1 0.0032721762465393357 2.0923026
true 0.00039001580189008955 574 8 4 0.34 2 0.0032721762465393357 9.6529429
true 0.0004134476731333381 1890 8 4 0.34 3 0.0032721762465393357 40.6700961
true 0.0008835252404387206 3204 8 4 0.34 4 0.0032721762465393357 87.3536276
true 0.00025227044822392355 457 8 5 0.34 1 0.0032721762465393357 4.0916358
true 0.00036642114303558904 1590 8 5 0.34 2 0.0032721762465393357 24.9157439
true 0.00039683537269830094 1562 8 5 0.34 3 0.0032721762465393357 35.7743994
true 0.0005310499045704242 1621 8 5 0.34 4 0.0032721762465393357 47.9435859
true 0.33360000863717926 155 8 6 0.34 1 0.0032721762465393357 1.591443
true 0.0006557540795193254 627 8 6 0.34 2 0.0032721762465393357 10.1688043
true 0.0003779894128317178 1776 8 6 0.34 3 0.0032721762465393357 40.2299642
true 0.00053819374765815 4672 8 6 0.34 4 0.0032721762465393357 124.8893486
true 0.14330087828713192 313 8 7 0.34 1 0.0032721762465393357 2.8923232
true 0.0005809221931524619 1252 8 7 0.34 2 0.0032721762465393357 18.4663395
true 0.00039731275349910326 3176 8 7 0.34 3 0.0032721762465393357 67.8187746
true 0.0004639669152801277 3964 8 7 0.34 4 0.0032721762465393357 108.5105591
true 0.0004536877702910197 349 8 8 0.34 1 0.0032721762465393357 3.4118677
true 0.00035678152608850655 1569 8 8 0.34 2 0.0032721762465393357 24.6709649
true 0.0005567434224106188 2894 8 8 0.34 3 0.0032721762465393357 60.5375575
true 0.0002694868172334261 7502 8 8 0.34 4 0.0032721762465393357 194.1450911
true 0.0002607752705206523 130 8 1 0.35 1 0.0064367258595390735 1.2954684
true 0.0007962495511124601 420 8 1 0.35 2 0.0064367258595390735 7.8492761
true 0.0005015377712601632 1981 8 1 0.35 3 0.0064367258595390735 45.5002103
true 0.0004315874192503677 3317 8 1 0.35 4 0.0064367258595390735 92.5547012
true 0.00047643621745696585 218 8 2 0.35 1 0.0064367258595390735 2.0680509
true 0.0005533255350858579 327 8 2 0.35 2 0.0064367258595390735 6.082897
true 0.0004851095895527513 1162 8 2 0.35 3 0.0064367258595390735 27.0191992
true 0.0010156448442545096 1655 8 2 0.35 4 0.0064367258595390735 55.2452096
true 0.0005562609160724893 182 8 3 0.35 1 0.0064367258595390735 1.7406227
true 0.00020028013808019254 520 8 3 0.35 2 0.0064367258595390735 9.0919928
true 0.00046968875972184615 1476 8 3 0.35 3 0.0064367258595390735 31.4534153
true 0.0008959196811578011 1467 8 3 0.35 4 0.0064367258595390735 45.9958682
true 0.25038357610955525 348 8 4 0.35 1 0.0064367258595390735 2.9228047
true 0.00098275101771364 1195 8 4 0.35 2 0.0064367258595390735 17.5385493
true 0.0006842156350328754 1487 8 4 0.35 3 0.0064367258595390735 34.6141115
true 0.0008987212570981395 2212 8 4 0.35 4 0.0064367258595390735 62.0580027
true 0.00045139965673219874 394 8 5 0.35 1 0.0064367258595390735 3.536699
true 0.0004833435417728515 2451 8 5 0.35 2 0.0064367258595390735 35.4004436
true 0.0005713813728946305 841 8 5 0.35 3 0.0064367258595390735 20.4543979
true 0.0009346261234271403 2541 8 5 0.35 4 0.0064367258595390735 72.6410635
true 0.0006237476749374748 415 8 6 0.35 1 0.0064367258595390735 3.6828097
true 0.0006598614767174918 1308 8 6 0.35 2 0.0064367258595390735 19.2553552
true 0.000583610498603393 1295 8 6 0.35 3 0.0064367258595390735 28.7303067
true 0.00048429165269963287 2766 8 6 0.35 4 0.0064367258595390735 76.8764775
true 0.28606883109677866 212 8 7 0.35 1 0.0064367258595390735 2.0942259
true 0.0005996506011485667 1676 8 7 0.35 2 0.0064367258595390735 24.3708595
true 0.0005476232194959978 2486 8 7 0.35 3 0.0064367258595390735 51.5780887
true 0.0007623243836365796 2830 8 7 0.35 4 0.0064367258595390735 79.3904821
true 0.12564045470171137 341 8 8 0.35 1 0.0064367258595390735 3.0192855
true 0.0006243560890812697 2085 8 8 0.35 2 0.0064367258595390735 29.2844885
true 0.0008092042726938128 3717 8 8 0.35 3 0.0064367258595390735 74.8756272
true 0.0007942965618045403 2430 8 8 0.35 4 0.0064367258595390735 73.6845505
true 0.0007038001214015321 164 8 1 0.36 1 0.014911844688028395 1.5733327
true 0.0004112036537247121 444 8 1 0.36 2 0.014911844688028395 7.9119432
true 0.00040563199647575265 2288 8 1 0.36 3 0.014911844688028395 50.0949841
true 0.00015056221889986343 2558 8 1 0.36 4 0.014911844688028395 75.3622297
true 0.0011187648635166414 311 8 2 0.36 1 0.014911844688028395 2.61036
true 0.0016819024762763923 572 8 2 0.36 2 0.014911844688028395 9.1548745
true 0.00047663660290622745 4265 8 2 0.36 3 0.014911844688028395 85.6225535
true 0.0008143077676721344 7370 8 2 0.36 4 0.014911844688028395 193.191217
true 0.0013388828378879114 223 8 3 0.36 1 0.014911844688028395 2.09563
true 0.0004913057092850726 1081 8 3 0.36 2 0.014911844688028395 16.7506588
true 0.0007468244937776277 5658 8 3 0.36 3 0.014911844688028395 113.6655603
true 0.0010542985583899545 3033 8 3 0.36 4 0.014911844688028395 82.3053721
true 0.0011861298375343415 380 8 4 0.36 1 0.014911844688028395 3.2178753
true 0.0010167093821088075 1055 8 4 0.36 2 0.014911844688028395 15.3763148
true 0.0013485429397586401 1199 8 4 0.36 3 0.014911844688028395 27.3047444
true 0.0013056354304382817 5425 8 4 0.36 4 0.014911844688028395 147.4297188
true 0.0010310818871401284 218 8 5 0.36 1 0.014911844688028395 2.0931824
true 0.002098822180609716 591 8 5 0.36 2 0.014911844688028395 9.6862243
true 0.0006583028078844145 1020 8 5 0.36 3 0.014911844688028395 23.7599972
true 0.0012667114990742912 2316 8 5 0.36 4 0.014911844688028395 66.1079321
true 0.16770094216258324 169 8 6 0.36 1 0.014911844688028395 1.7459611
true 0.0006996214861975103 2220 8 6 0.36 2 0.014911844688028395 32.0464569
true 0.0016650430540808743 2800 8 6 0.36 3 0.014911844688028395 58.2419872
true 0.0015916209067335096 3813 8 6 0.36 4 0.014911844688028395 101.5469059
true 0.286212662788876 194 8 7 0.36 1 0.014911844688028395 1.8936994
true 0.1434482093434928 1776 8 7 0.36 2 0.014911844688028395 26.5528035
true 0.0013898981538778634 1069 8 7 0.36 3 0.014911844688028395 25.1213806
true 0.0019516083581082033 5176 8 7 0.36 4 0.014911844688028395 138.6686453
true 0.12627220050118004 290 8 8 0.36 1 0.014911844688028395 2.7544868
true 0.0013153087980542766 1583 8 8 0.36 2 0.014911844688028395 23.3581213
true 0.00133150749636151 2574 8 8 0.36 3 0.014911844688028395 53.3404977
true 0.000725789536670747 9636 8 8 0.36 4 0.014911844688028395 251.0723247
true 0.0016123941811710396 153 8 1 0.37 1 0.04330148052247659 1.4929599
true 0.0005637281886287648 1195 8 1 0.37 2 0.04330148052247659 17.5740974
true 0.0006269579550584603 1182 8 1 0.37 3 0.04330148052247659 27.1698868
true 0.0004769934026915279 2237 8 1 0.37 4 0.04330148052247659 62.7383488
true 0.003698377671940395 187 8 2 0.37 1 0.04330148052247659 1.7984355
true 0.0032155446429819323 434 8 2 0.37 2 0.04330148052247659 8.0403618
true 0.0037161511886520393 983 8 2 0.37 3 0.04330148052247659 24.6844386
true 0.001551467275336893 2291 8 2 0.37 4 0.04330148052247659 70.07415
true 0.004494104066839273 220 8 3 0.37 1 0.04330148052247659 2.0529951
true 0.006831944937688535 486 8 3 0.37 2 0.04330148052247659 8.4472001
true 0.0016366157414538878 1975 8 3 0.37 3 0.04330148052247659 41.1558868
true 0.0028863253022681223 5852 8 3 0.37 4 0.04330148052247659 149.8078316
true 0.0038840195742019384 203 8 4 0.37 1 0.04330148052247659 1.9956167
true 0.0071501385694537345 844 8 4 0.37 2 0.04330148052247659 12.6639572
true 0.0006125553197907363 10904 8 4 0.37 3 0.04330148052247659 213.4726274
true 0.0010763710520091119 6578 8 4 0.37 4 0.04330148052247659 175.3398711
true 0.20285792564525873 264 8 5 0.37 1 0.04330148052247659 2.589267
true 0.0006750153002558102 1136 8 5 0.37 2 0.04330148052247659 16.5007162
true 0.0008721847804349147 1931 8 5 0.37 3 0.04330148052247659 40.7435411
true 0.001981542882391474 6310 8 5 0.37 4 0.04330148052247659 164.842033
true 0.0038796541641133906 548 8 6 0.37 1 0.04330148052247659 4.706601
true 0.0019365215832595113 505 8 6 0.37 2 0.04330148052247659 8.7656848
true 0.003894643204386289 1157 8 6 0.37 3 0.04330148052247659 27.0310772
true 0.0008650721180171091 13159 8 6 0.37 4 0.04330148052247659 337.9116633
true 0.14512880833934005 267 8 7 0.37 1 0.04330148052247659 2.5782472
true 0.0007285914460214427 1894 8 7 0.37 2 0.04330148052247659 29.1125769
true 0.1454504351794883 3930 8 7 0.37 3 0.04330148052247659 81.9305069
true 0.14373772165589532 4422 8 7 0.37 4 0.04330148052247659 117.8953378
true 0.25085319984799 288 8 8 0.37 1 0.04330148052247659 2.7611443
true 0.0037076021201160464 5261 8 8 0.37 2 0.04330148052247659 76.2715752
true 0.00292355857572265 5114 8 8 0.37 3 0.04330148052247659 108.6506121
true 0.0035787454055921444 5583 8 8 0.37 4 0.04330148052247659 148.2271917
true 0.0027723388287462236 129 8 1 0.38 1 0.06802735308496373 1.294066
true 0.0010156732974847538 452 8 1 0.38 2 0.06802735308496373 7.9145407
true 0.0006186792670109242 5178 8 1 0.38 3 0.06802735308496373 107.7661581
true 0.0009291057945725045 3680 8 1 0.38 4 0.06802735308496373 96.9702999
true 0.006334034886919054 176 8 2 0.38 1 0.06802735308496373 1.6430393
true 0.001619641932745497 817 8 2 0.38 2 0.06802735308496373 12.3067567
true 0.0018128762628660533 1138 8 2 0.38 3 0.06802735308496373 26.6686306
true 0.0013276108628264838 8289 8 2 0.38 4 0.06802735308496373 220.7608775
true 0.007699906122957456 251 8 3 0.38 1 0.06802735308496373 2.2844407
true 0.000823519465790438 1562 8 3 0.38 2 0.06802735308496373 22.8204441
true 0.004609934485281075 3794 8 3 0.38 3 0.06802735308496373 80.5725132
true 0.0016348672157056414 2208 8 3 0.38 4 0.06802735308496373 64.0485226
true 0.006645625713509143 209 8 4 0.38 1 0.06802735308496373 2.0220766
true 0.0009982636247776594 2062 8 4 0.38 2 0.06802735308496373 30.1238224
true 0.004522529699868633 4739 8 4 0.38 3 0.06802735308496373 93.5727213
true 0.0022123364217669222 3425 8 4 0.38 4 0.06802735308496373 89.863602
true 0.005746588036556088 273 8 5 0.38 1 0.06802735308496373 2.6710926
true 0.10814752275413783 3882 8 5 0.38 2 0.06802735308496373 58.2207174
true 0.0012170075087074128 1356 8 5 0.38 3 0.06802735308496373 29.907265
true 0.001147940546587789 4580 8 5 0.38 4 0.06802735308496373 126.7029012
true 0.16990389405991935 231 8 6 0.38 1 0.06802735308496373 2.243235
true 0.0010143013390506068 4193 8 6 0.38 2 0.06802735308496373 60.3574419
true 0.005275817253134242 6762 8 6 0.38 3 0.06802735308496373 135.6487629
true 0.004471968043144823 14056 8 6 0.38 4 0.06802735308496373 375.6362265
true 0.0073202336934760715 473 8 7 0.38 1 0.06802735308496373 4.4510154
true 0.008039901784941803 1104 8 7 0.38 2 0.06802735308496373 16.9762933
true 0.004224494906371541 4621 8 7 0.38 3 0.06802735308496373 94.7916121
true 0.006352855039213757 12257 8 7 0.38 4 0.06802735308496373 325.7634577
true 0.25324103020472 361 8 8 0.38 1 0.06802735308496373 3.4787377
true 0.0058195176827633074 2516 8 8 0.38 2 0.06802735308496373 37.6019268
true 0.1305998854012694 4071 8 8 0.38 3 0.06802735308496373 90.6729175
true 0.0010871368519941582 6725 8 8 0.38 4 0.06802735308496373 183.3359671
true 0.0027801224691344495 123 8 1 0.39 1 0.06550587700762392 1.2580578
true 0.0015859486846563908 1264 8 1 0.39 2 0.06550587700762392 17.455313
true 0.001417628207839916 2735 8 1 0.39 3 0.06550587700762392 57.5315873
true 0.0009322458359837804 4592 8 1 0.39 4 0.06550587700762392 123.2799775
true 0.006071731565320093 176 8 2 0.39 1 0.06550587700762392 1.796325
true 0.001698750580602565 898 8 2 0.39 2 0.06550587700762392 12.9572441
true 0.0005437121291882729 3040 8 2 0.39 3 0.06550587700762392 59.6931191
true 0.0021705126628502602 7216 8 2 0.39 4 0.06550587700762392 182.2463443
true 0.007341838512267329 178 8 3 0.39 1 0.06550587700762392 1.7747236
true 0.0017548599694611384 1526 8 3 0.39 2 0.06550587700762392 23.872513
true 0.001004742889494814 5793 8 3 0.39 3 0.06550587700762392 106.8017792
true 0.0020752750802234634 4334 8 3 0.39 4 0.06550587700762392 103.0992155
true 0.006381695195462195 343 8 4 0.39 1 0.06550587700762392 2.6527981
true 0.0010898325733621345 1000 8 4 0.39 2 0.06550587700762392 13.4005998
true 0.0019347453067790898 6295 8 4 0.39 3 0.06550587700762392 111.8463769
true 0.0070061586648828555 2990 8 4 0.39 4 0.06550587700762392 73.3824794
true 0.005537653251748831 358 8 5 0.39 1 0.06550587700762392 2.7461955
true 0.0009636682740959523 1983 8 5 0.39 2 0.06550587700762392 24.8770849
true 0.005441139666104355 2356 8 5 0.39 3 0.06550587700762392 43.4536276
true 8.348300664018371e-5 18574 8 5 0.39 4 0.06550587700762392 422.6943645
true 0.006292771132514484 413 8 6 0.39 1 0.06550587700762392 3.3139899
true 0.0010817384215904096 6097 8 6 0.39 2 0.06550587700762392 76.2894164
true 0.006546653453298357 1467 8 6 0.39 3 0.06550587700762392 29.7435077
true 0.0029746659899809367 8204 8 6 0.39 4 0.06550587700762392 195.193475
true 0.14910399057909585 408 8 7 0.39 1 0.06550587700762392 3.2954122
true 0.0050874191804965675 1690 8 7 0.39 2 0.06550587700762392 22.087485
true 0.0044452183693051385 7194 8 7 0.39 3 0.06550587700762392 128.2750359
true 0.0013712684198918087 10323 8 7 0.39 4 0.06550587700762392 238.3338858
true 0.12923439764867806 337 8 8 0.39 1 0.06550587700762392 2.8245296
true 0.007124838198031121 1487 8 8 0.39 2 0.06550587700762392 20.3905861
true 0.005866176912195618 3772 8 8 0.39 3 0.06550587700762392 71.5963497
true 0.0004862937978715662 14023 8 8 0.39 4 0.06550587700762392 337.2795146
true 0.011149479746661639 161 8 1 0.4 1 0.19554009410104872 1.5394171
true 0.004479882920217171 1074 8 1 0.4 2 0.19554009410104872 15.8609047
true 0.00385576849543251 3887 8 1 0.4 3 0.19554009410104872 75.1189105
true 0.002227839511160623 11341 8 1 0.4 4 0.19554009410104872 273.3032257
true 0.024117117691151352 148 8 2 0.4 1 0.19554009410104872 1.3108648
true 0.002465659263679726 797 8 2 0.4 2 0.19554009410104872 10.4520064
true 0.0048160955009764195 5186 8 2 0.4 3 0.19554009410104872 92.6409039
true 0.0037218839599562348 14609 8 2 0.4 4 0.19554009410104872 331.413288
true 0.02905345541453656 214 8 3 0.4 1 0.19554009410104872 1.8238417
true 0.00680283038032703 1387 8 3 0.4 2 0.19554009410104872 18.1886256
true 0.004820533691511086 5738 8 3 0.4 3 0.19554009410104872 102.1220922
true 0.0051064715848807936 8245 8 3 0.4 4 0.19554009410104872 204.1405293
true 0.2556120109590851 213 8 4 0.4 1 0.19554009410104872 2.0264476
true 0.007181661708079379 1818 8 4 0.4 2 0.19554009410104872 27.2109793
true 0.008472944312858138 4155 8 4 0.4 3 0.19554009410104872 82.7736323
true 0.006446040948056314 7542 8 4 0.4 4 0.19554009410104872 206.4440237
true 0.21840008177624187 171 8 5 0.4 1 0.19554009410104872 1.7065965
true 0.015031051882337587 1865 8 5 0.4 2 0.19554009410104872 29.3552609
true 0.010603328193703253 4986 8 5 0.4 3 0.19554009410104872 105.6811937
true 0.002587311406004977 5654 8 5 0.4 4 0.19554009410104872 153.5745514
true 0.17792318128882065 218 8 6 0.4 1 0.19554009410104872 2.2370267
true 0.002404054984405546 2197 8 6 0.4 2 0.19554009410104872 30.6472624
true 0.013374449988485618 6299 8 6 0.4 3 0.19554009410104872 124.7410971
true 0.002808679273549016 19588 8 6 0.4 4 0.19554009410104872 530.8626832
true 0.026933012495017578 263 8 7 0.4 1 0.19554009410104872 2.666717
true 0.01827037104963743 2435 8 7 0.4 2 0.19554009410104872 38.2655123
true 0.14107204139446367 3962 8 7 0.4 3 0.19554009410104872 83.0895328
true 0.0028524312121466855 5051 8 7 0.4 4 0.19554009410104872 135.652458
true 0.1409807098732424 328 8 8 0.4 1 0.19554009410104872 3.1904242
true 0.02163070936889857 2343 8 8 0.4 2 0.19554009410104872 35.7797129
true 0.025059100957576602 5178 8 8 0.4 3 0.19554009410104872 110.0965625
true 0.013298212100192282 14161 8 8 0.4 4 0.19554009410104872 361.7423926
true 0.011042000418562403 173 8 1 0.41 1 0.18889286645015071 1.7203908
true 0.003514075779254666 1012 8 1 0.41 2 0.18889286645015071 14.9790272
true 0.0023868132789718888 4940 8 1 0.41 3 0.18889286645015071 97.8933098
true 0.002399544130381681 4319 8 1 0.41 4 0.18889286645015071 111.3122979
true 0.02305820821721491 168 8 2 0.41 1 0.18889286645015071 1.6558902
true 0.005600143033740873 2004 8 2 0.41 2 0.18889286645015071 27.9290325
true 0.004977051680306072 3453 8 2 0.41 3 0.18889286645015071 67.6835559
true 0.005538415987907663 7962 8 2 0.41 4 0.18889286645015071 209.0510797
true 0.027675329467211924 279 8 3 0.41 1 0.18889286645015071 2.517806
true 0.006852328221904754 1234 8 3 0.41 2 0.18889286645015071 18.0636235
true 0.004747254200122175 2631 8 3 0.41 3 0.18889286645015071 54.234456
true 0.0025054759330854584 10155 8 3 0.41 4 0.18889286645015071 266.3479832
true 0.024176156556980827 467 8 4 0.41 1 0.18889286645015071 4.1388547
true 0.022798098916986767 1368 8 4 0.41 2 0.18889286645015071 20.0054525
true 0.253856100073787 1868 8 4 0.41 3 0.18889286645015071 38.9141436
true 0.006503330120681897 10051 8 4 0.41 4 0.18889286645015071 261.5511892
true 0.02109810750025356 219 8 5 0.41 1 0.18889286645015071 2.2295077
true 0.014714926761647906 1235 8 5 0.41 2 0.18889286645015071 18.8308872
true 0.00043902184262069045 5224 8 5 0.41 3 0.18889286645015071 105.2297746
true 0.0015678961989355812 5470 8 5 0.41 4 0.18889286645015071 145.6375682
true 0.023296828120504754 307 8 6 0.41 1 0.18889286645015071 2.8085433
true 0.014245411746167327 1731 8 6 0.41 2 0.18889286645015071 25.1478406
true 0.018213217680500816 18165 8 6 0.41 3 0.18889286645015071 362.5910823
true 0.0028306433160231645 11965 8 6 0.41 4 0.18889286645015071 322.1613356
true 0.025764613755761976 294 8 7 0.41 1 0.18889286645015071 2.9036637
true 0.00252510312272129 1855 8 7 0.41 2 0.18889286645015071 28.5250495
true 0.14677625245439505 5449 8 7 0.41 3 0.18889286645015071 112.2688953
true 0.007161294774447079 9068 8 7 0.41 4 0.18889286645015071 239.6295506
true 0.2637551931903014 223 8 8 0.41 1 0.18889286645015071 2.3206359
true 0.13479374050342927 1685 8 8 0.41 2 0.18889286645015071 25.3840043
true 0.01433958881805903 3493 8 8 0.41 3 0.18889286645015071 71.2760594
true 0.0036593681040608325 4547 8 8 0.41 4 0.18889286645015071 121.4780852
true 0.007680284199352683 159 8 1 0.42 1 0.13631122814293237 1.5375872
true 0.0037607879270859512 406 8 1 0.42 2 0.13631122814293237 7.3302366
true 0.0018978813024884689 3115 8 1 0.42 3 0.13631122814293237 62.5730341
true 0.0027285397972449665 5753 8 1 0.42 4 0.13631122814293237 148.0042266
true 0.015128761216015751 166 8 2 0.42 1 0.13631122814293237 1.5885792
true 0.0020695852625683686 828 8 2 0.42 2 0.13631122814293237 11.883138
true 0.014738348475807489 1413 8 2 0.42 3 0.13631122814293237 29.9936422
true 0.0014607677168653188 3719 8 2 0.42 4 0.13631122814293237 94.6389803
true 0.01803277653147271 281 8 3 0.42 1 0.13631122814293237 2.3952059
true 0.010793122933087596 964 8 3 0.42 2 0.13631122814293237 13.9236554
true 0.003999167736465563 4772 8 3 0.42 3 0.13631122814293237 90.4985737
true 0.0105809614517731 2857 8 3 0.42 4 0.13631122814293237 79.4293733
true 0.015890305659862408 234 8 4 0.42 1 0.13631122814293237 2.2494835
true 0.01494477091143405 1000 8 4 0.42 2 0.13631122814293237 14.114678
true 0.004579779874551881 3669 8 4 0.42 3 0.13631122814293237 73.2801707
true 0.0047174050014427565 9553 8 4 0.42 4 0.13631122814293237 237.8904718
true 0.20431603003787302 319 8 5 0.42 1 0.13631122814293237 2.8024763
true 0.0020185486457176215 731 8 5 0.42 2 0.13631122814293237 11.0721572
true 0.0005378016871869118 6355 8 5 0.42 3 0.13631122814293237 122.1451786
true 0.004845943016122634 6870 8 5 0.42 4 0.13631122814293237 173.0906866
true 0.015401314129751117 293 8 6 0.42 1 0.13631122814293237 2.6040573
true 0.00989573850688901 3161 8 6 0.42 2 0.13631122814293237 43.2952699
true 0.008036540853195523 7198 8 6 0.42 3 0.13631122814293237 137.2641409
true 0.0034669175364127245 6631 8 6 0.42 4 0.13631122814293237 170.055809
true 0.2894457102143317 221 8 7 0.42 1 0.13631122814293237 2.0418628
true 0.28791159422832735 1127 8 7 0.42 2 0.13631122814293237 18.2057464
true 0.0005927391225950064 5386 8 7 0.42 3 0.13631122814293237 106.8975987
true 0.0020141308602485103 8121 8 7 0.42 4 0.13631122814293237 204.0035278
true 0.016364007007949113 447 8 8 0.42 1 0.13631122814293237 3.8576774
true 0.0024364250936368334 2787 8 8 0.42 2 0.13631122814293237 40.8787089
true 0.1352374302978767 2070 8 8 0.42 3 0.13631122814293237 43.7422753
true 0.002834020730451914 4786 8 8 0.42 4 0.13631122814293237 123.9998157
true 0.022199919339620955 183 8 1 0.43 1 0.3018002607547395 1.6229831
true 0.004248073074497538 576 8 1 0.43 2 0.3018002607547395 9.0328631
true 0.0085283327392085 3312 8 1 0.43 3 0.3018002607547395 70.9621329
true 0.002039678562696212 5482 8 1 0.43 4 0.3018002607547395 147.1062344
true 0.04410509422097997 291 8 2 0.43 1 0.3018002607547395 2.7876634
true 0.011058833750215186 1468 8 2 0.43 2 0.3018002607547395 21.2716108
true 0.007838727238959675 3219 8 2 0.43 3 0.3018002607547395 72.4800853
true 0.0070817121392204585 4892 8 2 0.43 4 0.3018002607547395 136.8003256
true 0.05241594508434969 174 8 3 0.43 1 0.3018002607547395 1.750603
true 0.013699089617866903 1668 8 3 0.43 2 0.3018002607547395 25.2313775
true 0.009712541221694756 2349 8 3 0.43 3 0.3018002607547395 51.4186368
true 0.004155923120953013 4996 8 3 0.43 4 0.3018002607547395 128.2567711
true 0.26114473114353476 218 8 4 0.43 1 0.3018002607547395 2.0659359
true 0.042362159191288884 1350 8 4 0.43 2 0.3018002607547395 20.2973852
true 0.011795229374256921 3636 8 4 0.43 3 0.3018002607547395 73.705635
true 0.015491424841373128 3934 8 4 0.43 4 0.3018002607547395 109.8850316
true 0.04062919583163194 193 8 5 0.43 1 0.3018002607547395 1.8942848
true 0.028297412168447146 1299 8 5 0.43 2 0.3018002607547395 20.2196585
true 0.0005293315904623564 5368 8 5 0.43 3 0.3018002607547395 109.2216261
true 0.02383180611683965 9009 8 5 0.43 4 0.3018002607547395 248.9831271
true 0.0443437284957924 278 8 6 0.43 1 0.3018002607547395 2.8589079
true 0.02747766174694922 1857 8 6 0.43 2 0.3018002607547395 28.2597198
true 0.03325620281499846 8547 8 6 0.43 3 0.3018002607547395 180.2894285
true 0.004570090868908684 2500 8 6 0.43 4 0.3018002607547395 72.7030871
true 0.0487625310277366 236 8 7 0.43 1 0.3018002607547395 2.4101384
true 0.0043292676176483625 1719 8 7 0.43 2 0.3018002607547395 25.4996345
true 0.013114239307258413 5932 8 7 0.43 3 0.3018002607547395 119.7332985
true 0.0011300068620079898 12352 8 7 0.43 4 0.3018002607547395 312.9471032
true 0.15457608551041127 408 8 8 0.43 1 0.3018002607547395 3.8060375
true 0.03978941894756617 3006 8 8 0.43 2 0.3018002607547395 44.0027248
true 0.0007238525173041202 12368 8 8 0.43 3 0.3018002607547395 242.9817817
true 0.004785570715453782 4148 8 8 0.43 4 0.3018002607547395 115.169099
true 0.02938386593472264 157 8 1 0.44 1 0.3591551388267881 1.7094963
true 0.005542261692279227 798 8 1 0.44 2 0.3591551388267881 12.5694624
true 0.004956548379009551 8328 8 1 0.44 3 0.3591551388267881 169.4239194
true 0.00012171760332740922 7919 8 1 0.44 4 0.3591551388267881 218.7421872
true 0.05708131517662815 164 8 2 0.44 1 0.3591551388267881 1.5978715
true 0.01461779112218256 1687 8 2 0.44 2 0.3591551388267881 25.3975584
true 0.004822671636306064 7600 8 2 0.44 3 0.3591551388267881 153.4972624
true 0.00961362336933802 10947 8 2 0.44 4 0.3591551388267881 284.4889119
true 0.0674758571187863 239 8 3 0.44 1 0.3591551388267881 2.277359
true 0.014315802972364492 1083 8 3 0.44 2 0.3591551388267881 16.7888356
true 0.010049719564316014 1547 8 3 0.44 3 0.3591551388267881 33.4483166
true 0.016683249646730586 6972 8 3 0.44 4 0.3591551388267881 178.1461088
true 0.05992349806669035 349 8 4 0.44 1 0.3591551388267881 3.2060313
true 0.005689212745733391 2021 8 4 0.44 2 0.3591551388267881 28.9827557
true 0.012109318579599779 6414 8 4 0.44 3 0.3591551388267881 133.1413135
true 0.01734359252147208 6495 8 4 0.44 4 0.3591551388267881 180.9409425
true 0.21631396248878332 235 8 5 0.44 1 0.3591551388267881 2.3631031
true 0.005654960211591287 603 8 5 0.44 2 0.3591551388267881 10.0913777
true 0.01330256696104597 5227 8 5 0.44 3 0.3591551388267881 107.512791
true 0.005236963396882932 4428 8 5 0.44 4 0.3591551388267881 123.3739237
true 0.19403031192467335 245 8 6 0.44 1 0.3591551388267881 2.4652393
true 0.005318395451210277 797 8 6 0.44 2 0.3591551388267881 12.4565054
true 0.0005793017490434241 8172 8 6 0.44 3 0.3591551388267881 162.8080615
true 0.005472540864889584 17569 8 6 0.44 4 0.3591551388267881 439.6938035
true 0.19639372343321018 235 8 7 0.44 1 0.3591551388267881 2.2547493
true 0.00539042684068014 1129 8 7 0.44 2 0.3591551388267881 16.7388004
true 0.046943985199283035 2195 8 7 0.44 3 0.3591551388267881 46.2093766
true 0.0214920976464944 9425 8 7 0.44 4 0.3591551388267881 237.7241643
true 0.17936202993927236 312 8 8 0.44 1 0.3591551388267881 2.861257
true 0.15813841714173305 1712 8 8 0.44 2 0.3591551388267881 26.2858604
true 0.12762457531045224 1502 8 8 0.44 3 0.3591551388267881 33.5374493
true 0.0017960257344771247 5936 8 8 0.44 4 0.3591551388267881 165.6100696
true 0.05204465694257637 161 8 1 0.45 1 0.5160396457256929 1.7036673
true 0.00920168044539954 1231 8 1 0.45 2 0.5160396457256929 17.74071
true 0.00024168595070389598 6107 8 1 0.45 3 0.5160396457256929 117.8604469
true 0.0003750225624165049 6560 8 1 0.45 4 0.5160396457256929 166.7769666
true 0.10370690762367146 164 8 2 0.45 1 0.5160396457256929 1.6595569
true 0.025061974448617158 1252 8 2 0.45 2 0.5160396457256929 17.864701
true 0.016856370018294015 6016 8 2 0.45 3 0.5160396457256929 119.373962
true 0.02802243142466282 9497 8 2 0.45 4 0.5160396457256929 238.7256061
true 0.12177844659781091 146 8 3 0.45 1 0.5160396457256929 1.4146398
true 0.03126855918366206 1080 8 3 0.45 2 0.5160396457256929 15.6871582
true 0.017022378987622155 2349 8 3 0.45 3 0.5160396457256929 47.0819971
true 0.01881129619166712 6846 8 3 0.45 4 0.5160396457256929 179.1996675
true 0.10896154496170685 211 8 4 0.45 1 0.5160396457256929 1.9849152
true 0.008852286622664421 621 8 4 0.45 2 0.5160396457256929 9.709636
true 0.005606285170586853 5764 8 4 0.45 3 0.5160396457256929 116.9520129
true 0.00878482505092798 8205 8 4 0.45 4 0.5160396457256929 205.2035506
true 0.2772409337258582 178 8 5 0.45 1 0.5160396457256929 1.8467517
true 0.0770672547376544 585 8 5 0.45 2 0.5160396457256929 9.5499414
true 0.00041068892657968313 10623 8 5 0.45 3 0.5160396457256929 207.5694496
true 0.027827626064301447 6693 8 5 0.45 4 0.5160396457256929 175.9984325
true 0.21596541565021735 386 8 6 0.45 1 0.5160396457256929 3.4634568
true 0.11051059900897416 2749 8 6 0.45 2 0.5160396457256929 39.3203033
true 0.035324170474308365 4752 8 6 0.45 3 0.5160396457256929 90.6911585
true 0.0005966326514994144 2127 8 6 0.45 4 0.5160396457256929 64.1965317
true 0.3045842771548966 380 8 7 0.45 1 0.5160396457256929 3.4316366
true 0.007890076036507179 611 8 7 0.45 2 0.5160396457256929 10.7070601
true 0.19716010678931895 4734 8 7 0.45 3 0.5160396457256929 98.1321906
true 0.008134311081829588 13709 8 7 0.45 4 0.5160396457256929 349.5703426
true 0.19715560745345373 520 8 8 0.45 1 0.5160396457256929 4.6185896
true 0.09330474564965004 2154 8 8 0.45 2 0.5160396457256929 31.777494
true 0.07178861262724393 3508 8 8 0.45 3 0.5160396457256929 72.3276904
true 0.00022624381097084006 18337 8 8 0.45 4 0.5160396457256929 465.7349779
true 0.08380268401684221 155 8 1 0.46 1 0.6720631097508816 1.5128109
true 0.030235666773802017 557 8 1 0.46 2 0.6720631097508816 8.7056165
true 0.026117025628707713 2432 8 1 0.46 3 0.6720631097508816 54.6039874
true 0.00379763725667015 4081 8 1 0.46 4 0.6720631097508816 107.1019467
true 0.19453661460671517 353 8 2 0.46 1 0.6720631097508816 3.1314969
true 0.039048145707810955 687 8 2 0.46 2 0.6720631097508816 10.8787571
true 0.024304455149997295 6038 8 2 0.46 3 0.6720631097508816 118.7400821
true 0.011131172781701892 2462 8 2 0.46 4 0.6720631097508816 67.7239762
true 0.22673716326467583 174 8 3 0.46 1 0.6720631097508816 1.7226415
true 0.04860657414307338 794 8 3 0.46 2 0.6720631097508816 12.296657
true 0.00023967458874065337 7614 8 3 0.46 3 0.6720631097508816 148.6160586
true 0.011991512727958861 5336 8 3 0.46 4 0.6720631097508816 142.7089067
true 0.20550961381847727 202 8 4 0.46 1 0.6720631097508816 2.0496791
true 0.012423827911347968 1081 8 4 0.46 2 0.6720631097508816 15.3858256
true 0.03838186849568699 8752 8 4 0.46 3 0.6720631097508816 170.2634496
true 0.024901687159874855 3491 8 4 0.46 4 0.6720631097508816 93.824668
true 0.24638557496846247 224 8 5 0.46 1 0.6720631097508816 2.1247688
true 0.11829344889370116 918 8 5 0.46 2 0.6720631097508816 13.9001578
true 0.016991166719583773 1686 8 5 0.46 3 0.6720631097508816 35.7756947
true 0.01002190129595475 4093 8 5 0.46 4 0.6720631097508816 112.4872406
true 0.19571916639796613 169 8 6 0.46 1 0.6720631097508816 1.7451537
true 0.010481493370508058 1382 8 6 0.46 2 0.6720631097508816 21.8578938
true 0.00026817787946832133 11221 8 6 0.46 3 0.6720631097508816 213.5774288
true 0.006206768913759403 23811 8 6 0.46 4 0.6720631097508816 604.5776225
true 0.21305791531766802 318 8 7 0.46 1 0.6720631097508816 2.9162804
true 0.01033632748835612 1549 8 7 0.46 2 0.6720631097508816 23.9665902
true 0.0002470296828890804 9653 8 7 0.46 3 0.6720631097508816 195.7888026
true 0.008983656818073758 28892 8 7 0.46 4 0.6720631097508816 748.3213644
true 0.31287186458033767 227 8 8 0.46 1 0.6720631097508816 2.2769755
true 0.2569181537434476 3399 8 8 0.46 2 0.6720631097508816 51.9821638
true 0.11733144482892442 4290 8 8 0.46 3 0.6720631097508816 91.4708194
true 0.0003888993212149833 22540 8 8 0.46 4 0.6720631097508816 560.1881716
true 0.07840344490487883 149 8 1 0.47 1 0.6339212805324497 1.4623086
true 0.045381981976547636 812 8 1 0.47 2 0.6339212805324497 12.1359997
true 0.012677165393406409 4703 8 1 0.47 3 0.6339212805324497 93.2492985
true 0.01553601446052566 2021 8 1 0.47 4 0.6339212805324497 58.8397466
true 0.16179622615369715 164 8 2 0.47 1 0.6339212805324497 1.6100733
true 0.012809024428967697 929 8 2 0.47 2 0.6339212805324497 14.3734335
true 0.010964548365081622 3962 8 2 0.47 3 0.6339212805324497 78.2307148
true 0.011008251959232329 5015 8 2 0.47 4 0.6339212805324497 134.9475674
true 0.3504081507619105 151 8 3 0.47 1 0.6339212805324497 1.5200734
true 0.04655980102124355 1217 8 3 0.47 2 0.6339212805324497 18.0645016
true 0.11998727057721108 3915 8 3 0.47 3 0.6339212805324497 79.837483
true 0.008111453045763625 17158 8 3 0.47 4 0.6339212805324497 433.5804653
true 0.28957599816328095 222 8 4 0.47 1 0.6339212805324497 2.1550085
true 0.04758522796897344 948 8 4 0.47 2 0.6339212805324497 14.6795612
true 0.1822027194278552 2069 8 4 0.47 3 0.6339212805324497 43.3373956
true 0.033482324332961166 15206 8 4 0.47 4 0.6339212805324497 399.6450058
true 0.15130171738749038 296 8 5 0.47 1 0.6339212805324497 2.7771026
true 0.10240939820673005 591 8 5 0.47 2 0.6339212805324497 9.6836569
true 0.0003188863625820049 6565 8 5 0.47 3 0.6339212805324497 126.2941274
true 0.006114809130679433 6369 8 5 0.47 4 0.6339212805324497 163.5875929
true 0.38647170326833047 263 8 6 0.47 1 0.6339212805324497 2.3834313
true 0.010342889197382124 803 8 6 0.47 2 0.6339212805324497 12.6852429
true 0.08213196303826087 2789 8 6 0.47 3 0.6339212805324497 56.7001296
true 0.06957240259571656 8126 8 6 0.47 4 0.6339212805324497 206.5433407
true 0.17644872144222465 245 8 7 0.47 1 0.6339212805324497 2.2141398
true 0.010181949466152545 1109 8 7 0.47 2 0.6339212805324497 16.2674691
true 0.06748975232380669 8433 8 7 0.47 3 0.6339212805324497 177.0515024
true 0.004166862614789062 4985 8 7 0.47 4 0.6339212805324497 125.3439502
true 0.24060347243793218 354 8 8 0.47 1 0.6339212805324497 3.3259285
true 0.00919474068443174 2500 8 8 0.47 2 0.6339212805324497 35.4258736
true 0.00045323892302967517 16373 8 8 0.47 3 0.6339212805324497 319.8182367
true 0.00819496885364733 8815 8 8 0.47 4 0.6339212805324497 217.3280527
true 0.0898253035377557 209 8 1 0.48 1 0.6665514341886835 1.8563215
true 0.02720891524269131 1344 8 1 0.48 2 0.6665514341886835 18.8687254
true 0.012751667928253385 5947 8 1 0.48 3 0.6665514341886835 118.5088581
true 0.006628311229971262 4467 8 1 0.48 4 0.6665514341886835 113.5781036
true 0.189826316386199 267 8 2 0.48 1 0.6665514341886835 2.2564552
true 0.014260307992805421 1082 8 2 0.48 2 0.6665514341886835 15.5109671
true 0.00028254133131869197 10681 8 2 0.48 3 0.6665514341886835 212.1017669
true 0.027527749785090788 16660 8 2 0.48 4 0.6665514341886835 439.6927298
true 0.21887648066080834 180 8 3 0.48 1 0.6665514341886835 1.6878033
true 0.014439002794929675 542 8 3 0.48 2 0.6665514341886835 8.68208
true 0.020861797081764888 3298 8 3 0.48 3 0.6665514341886835 69.524609
true 0.026462583274034446 4666 8 3 0.48 4 0.6665514341886835 123.5263945
true 0.2971483373230995 261 8 4 0.48 1 0.6665514341886835 2.2910004
true 0.05441357171144785 1151 8 4 0.48 2 0.6665514341886835 16.6605195
true 0.052665567880649106 2445 8 4 0.48 3 0.6665514341886835 49.1067384
true 0.03830436557764741 8868 8 4 0.48 4 0.6665514341886835 224.2736856
true 0.2509158425827325 240 8 5 0.48 1 0.6665514341886835 2.2042835
true 0.11698048121015674 927 8 5 0.48 2 0.6665514341886835 14.1816928
true 0.0012248301324539023 2877 8 5 0.48 3 0.6665514341886835 58.9239457
true 0.0345315071810033 3974 8 5 0.48 4 0.6665514341886835 117.5376527
true 0.19062343906270626 316 8 6 0.48 1 0.6665514341886835 3.1149699
true 0.011311402382278263 1390 8 6 0.48 2 0.6665514341886835 21.3673098
true 0.03764316600553174 3611 8 6 0.48 3 0.6665514341886835 82.0649593
true 0.04859415720517916 12778 8 6 0.48 4 0.6665514341886835 336.8482034
true 0.2066315724042446 892 8 7 0.48 1 0.6665514341886835 8.0617458
true 0.011107842603973492 871 8 7 0.48 2 0.6665514341886835 13.3481966
true 0.0002946215744216401 8105 8 7 0.48 3 0.6665514341886835 156.8622535
true 0.01024749035122387 10382 8 7 0.48 4 0.6665514341886835 271.5408126
true 0.2985409160088081 303 8 8 0.48 1 0.6665514341886835 2.8679688
true 0.009857118247005608 819 8 8 0.48 2 0.6665514341886835 12.5559449
true 0.00039043109011565463 2979 8 8 0.48 3 0.6665514341886835 59.1426588
true 0.005195499683030645 17354 8 8 0.48 4 0.6665514341886835 446.3404467
true 0.099948554326446 194 8 1 0.49 1 0.6893045031005157 1.7704609
true 0.030455599177117487 688 8 1 0.49 2 0.6893045031005157 10.2274967
true 0.010058515180160543 4351 8 1 0.49 3 0.6893045031005157 82.1680258
true 0.003786391217945384 4655 8 1 0.49 4 0.6893045031005157 118.4597137
true 0.23646364821270083 184 8 2 0.49 1 0.6893045031005157 1.6053684
true 0.015501996648103311 674 8 2 0.49 2 0.6893045031005157 9.9260215
true 0.029893609040040875 3774 8 2 0.49 3 0.6893045031005157 72.5065148
true 0.012503583755914899 10326 8 2 0.49 4 0.6893045031005157 250.0329428
true 0.2799812302125352 192 8 3 0.49 1 0.6893045031005157 1.7252373
true 0.015688570766041927 757 8 3 0.49 2 0.6893045031005157 10.7855198
true 0.03204650970793238 5070 8 3 0.49 3 0.6893045031005157 95.1408752
true 0.02880059152794351 4135 8 3 0.49 4 0.6893045031005157 105.7809842
true 0.2511854248343858 232 8 4 0.49 1 0.6893045031005157 1.9527264
true 0.06067760685793132 656 8 4 0.49 2 0.6893045031005157 9.925732
true 0.03520996798149072 1933 8 4 0.49 3 0.6893045031005157 39.1501412
true 0.00032148459107669836 9196 8 4 0.49 4 0.6893045031005157 230.371645
true 0.2310373514416187 277 8 5 0.49 1 0.6893045031005157 2.3163976
true 0.14857448745906654 1004 8 5 0.49 2 0.6893045031005157 13.8912281
true 0.025246344566681823 5810 8 5 0.49 3 0.6893045031005157 114.9736652
true 0.008329314798722287 3486 8 5 0.49 4 0.6893045031005157 88.4326409
true 0.2386705840260854 237 8 6 0.49 1 0.6893045031005157 2.152908
true 0.11921854645234857 1128 8 6 0.49 2 0.6893045031005157 16.6088388
true 0.04447730718815979 3886 8 6 0.49 3 0.6893045031005157 78.0788851
true 0.009585498249955119 15910 8 6 0.49 4 0.6893045031005157 397.5588106
true 0.2663702628278592 169 8 7 0.49 1 0.6893045031005157 1.6574594
true 0.19944464575716708 1074 8 7 0.49 2 0.6893045031005157 15.543949
true 0.00028483059254676347 6566 8 7 0.49 3 0.6893045031005157 117.9660363
true 0.13089474482689775 15565 8 7 0.49 4 0.6893045031005157 373.4749962
true 0.2525958165806479 298 8 8 0.49 1 0.6893045031005157 2.6684812
true 0.21869101473776917 1315 8 8 0.49 2 0.6893045031005157 17.9169413
true 0.00030055423101930934 10693 8 8 0.49 3 0.6893045031005157 196.4528955
true 0.15808277471894802 4337 8 8 0.49 4 0.6893045031005157 110.2694254
true 0.10397560673685952 144 8 1 0.5 1 0.6885114446946737 1.4017855
true 0.016776535252642333 568 8 1 0.5 2 0.6885114446946737 8.508739
true 0.02997802423693796 815 8 1 0.5 3 0.6885114446946737 19.3526672
true 0.00034130272265886497 8894 8 1 0.5 4 0.6885114446946737 284.2430436
true 0.23834306205623834 160 8 2 0.5 1 0.6885114446946737 1.8495414
true 0.016090186762205638 684 8 2 0.5 2 0.6885114446946737 11.8780706
true 0.033272803855187855 4107 8 2 0.5 3 0.6885114446946737 91.6955286
true 0.03015904954511786 7659 8 2 0.5 4 0.6885114446946737 218.0678765
true 0.27102010069673804 145 8 3 0.5 1 0.6885114446946737 1.5968773
true 0.01629642026272915 820 8 3 0.5 2 0.6885114446946737 13.5870418
true 0.0377986097699437 2488 8 3 0.5 3 0.6885114446946737 55.8855841
true 0.04061025478652495 12964 8 3 0.5 4 0.6885114446946737 361.1707695
true 0.2521053963712033 256 8 4 0.5 1 0.6885114446946737 2.5793221
true 0.06378789913573962 2281 8 4 0.5 2 0.6885114446946737 36.3067729
true 0.02412195086452386 6389 8 4 0.5 3 0.6885114446946737 142.5960637
true 0.010881092226226394 13747 8 4 0.5 4 0.6885114446946737 387.460903
true 0.22543796165115468 198 8 5 0.5 1 0.6885114446946737 2.252323
true 0.14794312999921982 985 8 5 0.5 2 0.6885114446946737 16.7673263
true 0.0440492198648995 5276 8 5 0.5 3 0.6885114446946737 113.5693337
true 0.015602714374349503 7959 8 5 0.5 4 0.6885114446946737 200.9058146
true 0.24353373664850664 272 8 6 0.5 1 0.6885114446946737 2.5817524
true 0.012501600952587724 1256 8 6 0.5 2 0.6885114446946737 18.2868886
true 0.0004999403423158189 18163 8 6 0.5 3 0.6885114446946737 361.1787433
true 0.0212966061338485 15114 8 6 0.5 4 0.6885114446946737 390.7142809
true 0.29085301023786764 287 8 7 0.5 1 0.6885114446946737 2.5812733
true 0.012203432584606553 2278 8 7 0.5 2 0.6885114446946737 31.8852541
true 0.010474851804891177 5092 8 7 0.5 3 0.6885114446946737 101.5713556
true 0.011284822599023145 20164 8 7 0.5 4 0.6885114446946737 508.8702373
true 0.30779343161261563 304 8 8 0.5 1 0.6885114446946737 2.7583341
true 0.010720425232963987 1041 8 8 0.5 2 0.6885114446946737 15.3313889
true 0.0002902450138354759 4899 8 8 0.5 3 0.6885114446946737 98.0430507
true 0.20524284867384582 13586 8 8 0.5 4 0.6885114446946737 370.7416623
true 0.10799254157115468 147 8 1 0.51 1 0.6867094058674592 1.4589382
true 0.03344107225487103 2048 8 1 0.51 2 0.6867094058674592 30.8961351
true 0.011778608367707555 4683 8 1 0.51 3 0.6867094058674592 95.6919799
true 0.008080275893186495 7292 8 1 0.51 4 0.6867094058674592 192.148487
true 0.23116611665389514 201 8 2 0.51 1 0.6867094058674592 1.7032754
true 0.05336089609729777 896 8 2 0.51 2 0.6867094058674592 12.5393156
true 0.0391965356389945 7488 8 2 0.51 3 0.6867094058674592 150.6780003
true 0.013339071215473675 17362 8 2 0.51 4 0.6867094058674592 449.5301679
true 0.2842022815889296 181 8 3 0.51 1 0.6867094058674592 1.6958785
true 0.01687148787864745 1597 8 3 0.51 2 0.6867094058674592 25.2576079
true 0.037084348973411306 4233 8 3 0.51 3 0.6867094058674592 87.5925
true 0.014796134977697217 10537 8 3 0.51 4 0.6867094058674592 277.2672228
true 0.3058595477296615 211 8 4 0.51 1 0.6867094058674592 2.0592437
true 0.06100644320377664 606 8 4 0.51 2 0.6867094058674592 9.7951576
true 0.0003314033056435739 8875 8 4 0.51 3 0.6867094058674592 181.5123851
true 0.017327298820530287 12448 8 4 0.51 4 0.6867094058674592 381.0114646
true 0.21971150859609412 272 8 5 0.51 1 0.6867094058674592 9.2642706
true 0.01542523522028193 592 8 5 0.51 2 0.6867094058674592 35.2974897
true 0.04636809159716439 6692 8 5 0.51 3 0.6867094058674592 509.5546969
true 0.012284520501770712 2954 8 5 0.51 4 0.6867094058674592 283.1222816
true 0.23258654686499755 413 8 6 0.51 1 0.6867094058674592 13.5314576
true 0.012925293194033877 1902 8 6 0.51 2 0.6867094058674592 104.0483316
true 0.10348645383389803 7853 8 6 0.51 3 0.6867094058674592 589.8053407
true 0.0002195611005229118 10495 8 6 0.51 4 0.6867094058674592 949.0250964
true 0.2991517256447322 274 8 7 0.51 1 0.6867094058674592 9.5392172
true 0.17815482630411875 2091 8 7 0.51 2 0.6867094058674592 112.7988923
true 0.11102633752341927 2739 8 7 0.51 3 0.6867094058674592 205.4744245
true 0.008989561683175067 14822 8 7 0.51 4 0.6867094058674592 1392.4847467
true 0.3772919664539002 397 8 8 0.51 1 0.6867094058674592 13.6203257
true 0.011082968620891386 2998 8 8 0.51 2 0.6867094058674592 162.7908754
true 0.01810845695661059 5962 8 8 0.51 3 0.6867094058674592 451.3828199
true 0.013613424195713625 11877 8 8 0.51 4 0.6867094058674592 610.9779952
true 0.11250516899905644 154 8 1 0.52 1 0.686465557464803 1.4157783
true 0.03526727783072253 498 8 1 0.52 2 0.686465557464803 8.5822015
true 0.01664907301017915 5550 8 1 0.52 3 0.686465557464803 112.4116477
true 0.01627803833995406 6729 8 1 0.52 4 0.686465557464803 176.3814007
true 0.24060446787688783 369 8 2 0.52 1 0.686465557464803 2.8678944
true 0.05647926924378016 1436 8 2 0.52 2 0.686465557464803 20.409581
true 0.028606162929942114 1485 8 2 0.52 3 0.686465557464803 31.5400252
true 0.0004440374692941951 7975 8 2 0.52 4 0.686465557464803 209.9712981
true 0.2711774227433515 344 8 3 0.52 1 0.686465557464803 3.0331407
true 0.01749612618066156 526 8 3 0.52 2 0.686465557464803 9.1007598
true 0.038772158203369454 5823 8 3 0.52 3 0.686465557464803 114.4333109
true 0.01498149606095045 4044 8 3 0.52 4 0.686465557464803 103.4550839
true 0.30795758999261524 364 8 4 0.52 1 0.686465557464803 2.9883868
true 0.07048428341376942 1270 8 4 0.52 2 0.686465557464803 17.5262784
true 0.011823841227406207 4084 8 4 0.52 3 0.686465557464803 81.5446878
true 0.05236585813365059 26666 8 4 0.52 4 0.686465557464803 657.1724957
true 0.22952193019074238 373 8 5 0.52 1 0.686465557464803 3.3292357
true 0.01594194929084223 1611 8 5 0.52 2 0.686465557464803 24.3369344
true 0.0005099132582329302 8267 8 5 0.52 3 0.686465557464803 153.7263427
true 0.03171935317364223 4951 8 5 0.52 4 0.686465557464803 122.3820377
true 0.2422206928927659 345 8 6 0.52 1 0.686465557464803 2.8866567
true 0.013367484368694374 2516 8 6 0.52 2 0.686465557464803 35.8243233
true 0.2469223698508228 1602 8 6 0.52 3 0.686465557464803 34.4990677
true 0.010766001658334653 4881 8 6 0.52 4 0.686465557464803 127.8414071
true 0.2608891767146268 264 8 7 0.52 1 0.686465557464803 2.5343406
true 0.01301088022801852 2683 8 7 0.52 2 0.686465557464803 37.6684634
true 0.00037227226391534877 10092 8 7 0.52 3 0.686465557464803 187.5179566
true 0.14691834905725118 3525 8 7 0.52 4 0.686465557464803 90.0945656
true 0.3695750752311553 344 8 8 0.52 1 0.686465557464803 3.10819
true 0.2793792583874767 1970 8 8 0.52 2 0.686465557464803 28.6416225
true 0.00037143597254363225 11200 8 8 0.52 3 0.686465557464803 205.1740954