g_converged min_loss iter nsites nqubits0 h nlayers SvN timeg_converged min_loss iter nsites nqubits0 h nlayers SvN time
true 2.04721521414597e-5 181 8 1 0.24 1 0.00017048896560115199 8.578636
true 2.0309683579688986e-5 226 8 1 0.24 1 0.00017048896560115199 9.0762732
true 2.6601052930952385e-5 564 8 1 0.24 2 0.00017048896560115199 7.7322414
true 3.787029614116255e-5 381 8 1 0.24 2 0.00017048896560115199 5.9992233
true 4.393564346183432e-5 791 8 1 0.24 3 0.00017048896560115199 18.3112795
true 3.3420841387410416e-5 1135 8 1 0.24 3 0.00017048896560115199 23.9188107
true 4.9686244987856565e-5 2055 8 1 0.24 4 0.00017048896560115199 53.2493736
true 2.0687653029732855e-5 276 8 2 0.24 1 0.00017048896560115199 2.2849584
true 3.638920580606442e-5 539 8 2 0.24 2 0.00017048896560115199 8.7355605
true 0.00017373743709542255 2898 8 1 0.24 4 0.00017048896560115199 70.8410218
true 2.0909563358789685e-5 159 8 2 0.24 1 0.00017048896560115199 1.3826664
true 3.299497942296781e-5 482 8 2 0.24 2 0.00017048896560115199 7.7481299
true 0.0001375243692546546 926 8 2 0.24 3 0.00017048896560115199 20.3868679
true 0.00011840628801920716 1001 8 2 0.24 3 0.00017048896560115199 20.7935543
true 0.00018842281345582412 2353 8 2 0.24 4 0.00017048896560115199 57.0030364
true 2.07416056847524e-5 163 8 3 0.24 1 0.00017048896560115199 1.4657966
true 3.126726576833475e-5 604 8 3 0.24 2 0.00017048896560115199 8.5271684
true 2.0110115879878876e-5 2007 8 3 0.24 3 0.00017048896560115199 36.417288
true 0.0001195438364863984 1125 8 3 0.24 4 0.00017048896560115199 33.528862
true 2.3453112759988515e-5 416 8 4 0.24 1 0.00017048896560115199 3.5269041
true 6.916598468691137e-5 1499 8 4 0.24 2 0.00017048896560115199 20.343172
true 1.3147583276473807e-5 2751 8 4 0.24 3 0.00017048896560115199 62.7957753
true 0.00012887091386015737 2052 8 4 0.24 4 0.00017048896560115199 62.4189714
true 0.20001381109677835 441 8 5 0.24 1 0.00017048896560115199 3.8353637
true 6.75010285179245e-5 2169 8 5 0.24 2 0.00017048896560115199 30.5936508
true 8.437672149367304e-5 4659 8 5 0.24 3 0.00017048896560115199 90.9979382
true 0.00011086373103964542 2333 8 5 0.24 4 0.00017048896560115199 62.7874169
true 5.331217020659862e-5 380 8 6 0.24 1 0.00017048896560115199 3.3035572
true 9.51330758032128e-5 1373 8 6 0.24 2 0.00017048896560115199 18.9745315
true 4.8113848196908636e-5 4461 8 6 0.24 3 0.00017048896560115199 89.0397349
true 0.0001188960086099163 3777 8 6 0.24 4 0.00017048896560115199 101.5916655
true 0.1429266233868653 421 8 7 0.24 1 0.00017048896560115199 3.8366616
true 0.14282876624561494 728 8 7 0.24 2 0.00017048896560115199 10.7280817
true 9.729891696881004e-5 2944 8 7 0.24 3 0.00017048896560115199 57.6821983
true 0.00010049215275292107 5328 8 7 0.24 4 0.00017048896560115199 130.9049437
true 0.12506267554722167 454 8 8 0.24 1 0.00017048896560115199 3.8551247
true 6.88446423091349e-5 3131 8 8 0.24 2 0.00017048896560115199 43.6499071
true 6.100268247376944e-5 1569 8 8 0.24 3 0.00017048896560115199 33.4259934
true 0.00031608747370601153 6082 8 8 0.24 4 0.00017048896560115199 155.2010595
true 2.4725816036186288e-5 176 8 1 0.25 1 0.00020065095512621192 1.7960193
true 3.37719560595251e-5 347 8 1 0.25 2 0.00020065095512621192 6.3913377
true 3.210215508481218e-5 793 8 1 0.25 3 0.00020065095512621192 18.4758638
true 0.0002668024477114339 1399 8 1 0.25 4 0.00020065095512621192 41.7564357
true 2.545050691704631e-5 160 8 2 0.25 1 0.00020065095512621192 1.5454572
true 5.421895273471922e-6 1161 8 2 0.25 2 0.00020065095512621192 16.8496288
true 0.0003158912077771414 698 8 2 0.25 3 0.00020065095512621192 17.2866674
true 0.00016260464645539985 2119 8 2 0.25 4 0.00020065095512621192 63.0746227
true 0.3333412104531048 174 8 3 0.25 1 0.00020065095512621192 1.720319
true 1.7198343157109885e-5 880 8 3 0.25 2 0.00020065095512621192 12.9716168
true 0.00010809275545105763 2686 8 3 0.25 3 0.00020065095512621192 50.4414873
true 0.00012581713069020894 1976 8 3 0.25 4 0.00020065095512621192 61.2757293
true 2.849491268154536e-5 217 8 4 0.25 1 0.00020065095512621192 2.1437904
true 0.00010060318893428954 1330 8 4 0.25 2 0.00020065095512621192 19.1893128
true 0.0001084674005903119 894 8 4 0.25 3 0.00020065095512621192 21.9802905
true 0.0001278778987157253 3551 8 4 0.25 4 0.00020065095512621192 90.4537995
true 0.20001714963592337 160 8 5 0.25 1 0.00020065095512621192 1.5825214
true 0.20002032531628 844 8 5 0.25 2 0.00020065095512621192 12.6572135
true 7.232183867217357e-5 3110 8 5 0.25 3 0.00020065095512621192 65.0439353
true 7.104745541057778e-5 4408 8 5 0.25 4 0.00020065095512621192 116.1678718
true 0.16672364507929438 200 8 6 0.25 1 0.00020065095512621192 1.9448439
true 0.0003072474716310965 671 8 6 0.25 2 0.00020065095512621192 10.9054437
true 5.9304181726079395e-5 2099 8 6 0.25 3 0.00020065095512621192 41.8684632
true 0.00016565787336734564 3557 8 6 0.25 4 0.00020065095512621192 94.2404501
true 0.1429401252208596 205 8 7 0.25 1 0.00020065095512621192 1.9427388
true 4.286989246084426e-5 1831 8 7 0.25 2 0.00020065095512621192 27.336366
true 4.7675594103933706e-5 1327 8 7 0.25 3 0.00020065095512621192 28.9122894
true 7.455805815420602e-5 4565 8 7 0.25 4 0.00020065095512621192 115.5367322
true 0.12507468684314751 400 8 8 0.25 1 0.00020065095512621192 3.6246732
true 9.007575605415874e-5 2214 8 8 0.25 2 0.00020065095512621192 30.9633308
true 0.1250658111026316 3434 8 8 0.25 3 0.00020065095512621192 69.4476514
true 0.0001195871873955548 1469 8 8 0.25 4 0.00020065095512621192 45.3870734
true 2.9788768307503766e-5 148 8 1 0.26 1 0.00023526288530908998 1.3145288
true 3.29326299051691e-5 353 8 1 0.26 2 0.00023526288530908998 6.5474488
true 1.9199595647279022e-5 1077 8 1 0.26 3 0.00023526288530908998 24.8020828
true 0.00035073298222532134 1672 8 1 0.26 4 0.00023526288530908998 47.665509
true 3.090172769043553e-5 159 8 2 0.26 1 0.00023526288530908998 1.522547
true 4.50665154631269e-5 538 8 2 0.26 2 0.00023526288530908998 8.4607572
true 3.496755471191215e-5 1044 8 2 0.26 3 0.00023526288530908998 26.0463595
true 0.00020343252164711778 1358 8 2 0.26 4 0.00023526288530908998 45.7362069
true 3.059734125001231e-5 207 8 3 0.26 1 0.00023526288530908998 1.9633369
true 5.870959790203282e-5 899 8 3 0.26 2 0.00023526288530908998 12.9182302
true 0.00010379941383766485 1190 8 3 0.26 3 0.00023526288530908998 26.9465317
true 0.00016256534617481444 2000 8 3 0.26 4 0.00023526288530908998 55.4612236
true 0.2500194386834068 154 8 4 0.26 1 0.00023526288530908998 1.5748154
true 0.00011339889892880706 1874 8 4 0.26 2 0.00023526288530908998 27.4403494
true 0.00011158837839413127 1748 8 4 0.26 3 0.00023526288530908998 36.697212
true 0.00020757460214265722 2295 8 4 0.26 4 0.00023526288530908998 67.8005436
true 4.021676863020795e-5 252 8 5 0.26 1 0.00023526288530908998 2.3080435
true 0.00010093118870841966 1085 8 5 0.26 2 0.00023526288530908998 15.5922517
true 0.0001048642383544407 2242 8 5 0.26 3 0.00023526288530908998 47.7408036
true 0.00015620719017979124 1490 8 5 0.26 4 0.00023526288530908998 43.9773817
true 7.536598565380248e-5 217 8 6 0.26 1 0.00023526288530908998 2.0669153
true 0.00012273916125338236 989 8 6 0.26 2 0.00023526288530908998 14.6998963
true 0.00014175026568991056 4025 8 6 0.26 3 0.00023526288530908998 81.6995041
true 9.623093150606943e-5 4079 8 6 0.26 4 0.00023526288530908998 105.1906453
true 0.1429558862691718 319 8 7 0.26 1 0.00023526288530908998 2.8746565
true 0.00010797242833544234 1507 8 7 0.26 2 0.00023526288530908998 21.3003282
true 9.217775358362688e-5 3538 8 7 0.26 3 0.00023526288530908998 69.1576537
true 0.00015019017714695032 4113 8 7 0.26 4 0.00023526288530908998 117.5680892
true 0.12508438414949238 323 8 8 0.26 1 0.00023526288530908998 3.0141331
true 0.00010247068800350173 1150 8 8 0.26 2 0.00023526288530908998 16.8446502
true 0.1251107810124017 2270 8 8 0.26 3 0.00023526288530908998 46.4713317
true 0.00016121535042509794 4610 8 8 0.26 4 0.00023526288530908998 123.686773
true 3.5814583020210566e-5 174 8 1 0.27 1 0.00027763914380781097 1.5561801
true 4.835160208904732e-5 550 8 1 0.27 2 0.00027763914380781097 9.5558679
true 1.9354834497498086e-5 1577 8 1 0.27 3 0.00027763914380781097 32.3154806
true 2.3307077010203958e-5 2018 8 1 0.27 4 0.00027763914380781097 63.452152
true 3.6949446234640915e-5 180 8 2 0.27 1 0.00027763914380781097 1.6147661
true 6.0842669352162426e-5 407 8 2 0.27 2 0.00027763914380781097 6.7893387
true 4.3176218261470334e-5 741 8 2 0.27 3 0.00027763914380781097 20.7159067
true 0.00023852434764765063 1468 8 2 0.27 4 0.00027763914380781097 44.9915289
true 4.458005584573321e-5 179 8 3 0.27 1 0.00027763914380781097 1.6188248
true 2.455334293242443e-5 1025 8 3 0.27 2 0.00027763914380781097 14.7847638
true 6.282275175104972e-5 777 8 3 0.27 3 0.00027763914380781097 19.3663276
true 0.00015367174251877205 2586 8 3 0.27 4 0.00027763914380781097 69.5677877
true 0.25002392466676265 352 8 4 0.27 1 0.00027763914380781097 3.1486664
true 0.00011635004795818027 843 8 4 0.27 2 0.00027763914380781097 12.6486924
true 0.0002299821800487295 1231 8 4 0.27 3 0.00027763914380781097 29.2348963
true 0.0001909317359654189 3550 8 4 0.27 4 0.00027763914380781097 92.6153965
true 3.932554517355191e-5 330 8 5 0.27 1 0.00027763914380781097 2.878005
true 8.722770229574461e-5 1115 8 5 0.27 2 0.00027763914380781097 16.3859175
true 0.00010933595596099855 2469 8 5 0.27 3 0.00027763914380781097 50.1482598
true 0.0001833667796862448 1464 8 5 0.27 4 0.00027763914380781097 43.2763514
true 0.1667317324510119 321 8 6 0.27 1 0.00027763914380781097 2.8105442
true 8.359267672338373e-5 1792 8 6 0.27 2 0.00027763914380781097 24.6186975
true 0.00010095863596133274 5014 8 6 0.27 3 0.00027763914380781097 98.0297157
true 0.00025974464576887973 3680 8 6 0.27 4 0.00027763914380781097 95.8720225
true 0.0001244359985524571 308 8 7 0.27 1 0.00027763914380781097 2.9380233
true 0.00011803575621773968 1696 8 7 0.27 2 0.00027763914380781097 24.7431198
true 0.00016770914413186518 2064 8 7 0.27 3 0.00027763914380781097 42.2247577
true 0.00015036978973314335 3013 8 7 0.27 4 0.00027763914380781097 85.7201736
true 0.12509835971431724 466 8 8 0.27 1 0.00027763914380781097 4.1077047
true 0.0001256839441437091 4625 8 8 0.27 2 0.00027763914380781097 66.0203932
true 0.00015993730546158547 2393 8 8 0.27 3 0.00027763914380781097 48.7003054
true 0.00017155888620269677 6034 8 8 0.27 4 0.00027763914380781097 162.9551029
true 4.282255866383533e-5 226 8 1 0.28 1 0.0003286108662315683 2.0467779
true 4.1491008914540384e-5 317 8 1 0.28 2 0.0003286108662315683 5.8759802
true 7.033315214771685e-5 1288 8 1 0.28 3 0.0003286108662315683 30.044893
true 3.396749365502938e-5 2208 8 1 0.28 4 0.0003286108662315683 65.4544487
true 4.452214959513312e-5 174 8 2 0.28 1 0.0003286108662315683 1.6623523
true 5.6455887323669796e-5 781 8 2 0.28 2 0.0003286108662315683 11.498528
true 0.00017753938833889316 1148 8 2 0.28 3 0.0003286108662315683 26.761253
true 6.264341472483892e-5 1779 8 2 0.28 4 0.0003286108662315683 51.3997224
true 4.436905554400239e-5 184 8 3 0.28 1 0.0003286108662315683 1.7739645
true 7.4187252481465e-5 798 8 3 0.28 2 0.0003286108662315683 12.547289
true 0.00017729624216450413 1130 8 3 0.28 3 0.0003286108662315683 26.0729081
true 0.00027259912955407417 2854 8 3 0.28 4 0.0003286108662315683 75.7289144
true 5.036322421675399e-5 202 8 4 0.28 1 0.0003286108662315683 1.9579806
true 0.0001412220531386843 1226 8 4 0.28 2 0.0003286108662315683 17.6601362
true 0.000205946915918645 3693 8 4 0.28 3 0.0003286108662315683 76.0176629
true 0.0002755346217027943 1264 8 4 0.28 4 0.0003286108662315683 41.1285624
true 0.20001953277029916 185 8 5 0.28 1 0.0003286108662315683 1.8100863
true 0.00012610783433056883 1271 8 5 0.28 2 0.0003286108662315683 17.7702443
true 0.00017394814861418917 1429 8 5 0.28 3 0.0003286108662315683 32.3533385
true 0.00010435381242811515 4730 8 5 0.28 4 0.0003286108662315683 126.5665173
true 0.16772863086399617 187 8 6 0.28 1 0.0003286108662315683 1.8506766
true 0.00017612321786774263 3489 8 6 0.28 2 0.0003286108662315683 49.1620111
true 0.16687396634949428 1554 8 6 0.28 3 0.0003286108662315683 33.1020509
true 0.00023352713802080963 4188 8 6 0.28 4 0.0003286108662315683 107.6534618
true 0.14289179871193758 261 8 7 0.28 1 0.0003286108662315683 2.422408
true 0.00016377800851916487 1955 8 7 0.28 2 0.0003286108662315683 29.1215461
true 0.00010478784534042765 1160 8 7 0.28 3 0.0003286108662315683 27.7548706
true 4.887076259966047e-5 8202 8 7 0.28 4 0.0003286108662315683 217.28257
true 0.12512277554978743 328 8 8 0.28 1 0.0003286108662315683 3.0212085
true 0.0001297709089207802 1476 8 8 0.28 2 0.0003286108662315683 21.2918902
true 0.00012457455760481878 1977 8 8 0.28 3 0.0003286108662315683 45.6749975
true 8.763561669043046e-5 9153 8 8 0.28 4 0.0003286108662315683 234.619282
true 5.125952840928649e-5 136 8 1 0.29 1 0.0004175455824969026 1.2183791
true 0.00010045142146652974 503 8 1 0.29 2 0.0004175455824969026 9.1500921
true 7.984702424512768e-5 603 8 1 0.29 3 0.0004175455824969026 16.1528892
true 0.00012800753735242587 3234 8 1 0.29 4 0.0004175455824969026 100.4303476
true 5.465946404223376e-5 151 8 2 0.29 1 0.0004175455824969026 1.4752558
true 8.27407464197294e-5 498 8 2 0.29 2 0.0004175455824969026 7.9695503
true 5.8428333607113414e-5 1218 8 2 0.29 3 0.0004175455824969026 28.6213328
true 0.0002718260879247536 2668 8 2 0.29 4 0.0004175455824969026 73.1883839
true 5.4842063544113806e-5 186 8 3 0.29 1 0.0004175455824969026 1.6172759
true 7.029356455477236e-5 785 8 3 0.29 2 0.0004175455824969026 12.1698304
true 8.182689586838654e-5 802 8 3 0.29 3 0.0004175455824969026 21.6583379
true 0.00024837620921880355 3922 8 3 0.29 4 0.0004175455824969026 103.598854
true 6.212106164150966e-5 263 8 4 0.29 1 0.0004175455824969026 2.4866827
true 0.0001232450609996022 877 8 4 0.29 2 0.0004175455824969026 14.0330689
true 0.00014162186429549084 1008 8 4 0.29 3 0.0004175455824969026 24.2894505
true 0.000275354051737009 1166 8 4 0.29 4 0.0004175455824969026 38.5079828
true 5.803441576439639e-5 289 8 5 0.29 1 0.0004175455824969026 2.6437693
true 0.00016779055894525774 4040 8 5 0.29 2 0.0004175455824969026 56.0984952
true 0.0001208077610373004 1344 8 5 0.29 3 0.0004175455824969026 30.5843941
true 3.13851779810137e-5 1597 8 5 0.29 4 0.0004175455824969026 53.0047783
true 0.00012373873342328792 322 8 6 0.29 1 0.0004175455824969026 3.0105724
true 2.1518034204461484e-5 964 8 6 0.29 2 0.0004175455824969026 14.8321856
true 0.0001045533160457061 2046 8 6 0.29 3 0.0004175455824969026 42.9197189
true 0.0002136493574093253 7355 8 6 0.29 4 0.0004175455824969026 191.0664439
true 0.1430155503565604 274 8 7 0.29 1 0.0004175455824969026 2.9594666
true 0.00017255835031262538 889 8 7 0.29 2 0.0004175455824969026 14.2342275
true 0.00014021514380739366 1765 8 7 0.29 3 0.0004175455824969026 38.0997167
true 0.14361123622628083 2411 8 7 0.29 4 0.0004175455824969026 69.3715788
true 0.12514424121693815 268 8 8 0.29 1 0.0004175455824969026 2.5377981
true 3.320788842811617e-5 1441 8 8 0.29 2 0.0004175455824969026 21.4154446
true 0.00023317289264383756 2943 8 8 0.29 3 0.0004175455824969026 62.5810679
true 0.000180716122703789 5918 8 8 0.29 4 0.0004175455824969026 161.9822794
true 6.0700065582730556e-5 204 8 1 0.3 1 0.0004914661774798896 1.7107144
true 6.672421820586028e-5 325 8 1 0.3 2 0.0004914661774798896 5.9947585
true 0.0001225512514219096 814 8 1 0.3 3 0.0004914661774798896 21.5929441
true 6.116759837287988e-5 1979 8 1 0.3 4 0.0004914661774798896 58.2192778
true 6.503642564612e-5 277 8 2 0.3 1 0.0004914661774798896 2.452743
true 0.00010202118785848646 854 8 2 0.3 2 0.0004914661774798896 12.486278
true 0.0002611534982588093 861 8 2 0.3 3 0.0004914661774798896 21.7057565
true 8.646700479553182e-5 2473 8 2 0.3 4 0.0004914661774798896 66.796533
true 6.55746937441674e-5 336 8 3 0.3 1 0.0004914661774798896 2.8694266
true 7.880055489820996e-5 486 8 3 0.3 2 0.0004914661774798896 8.5848425
true 9.725490562811911e-5 1331 8 3 0.3 3 0.0004914661774798896 28.4451717
true 0.00027927966332443505 1772 8 3 0.3 4 0.0004914661774798896 51.6681314
true 0.25005282813917495 288 8 4 0.3 1 0.0004914661774798896 2.6976307
true 0.00021082245238274178 598 8 4 0.3 2 0.0004914661774798896 9.9433435
true 0.00011555896289450196 2104 8 4 0.3 3 0.0004914661774798896 42.8042789
true 9.444285488927062e-5 9478 8 4 0.3 4 0.0004914661774798896 241.004783
true 0.2000494601753764 174 8 5 0.3 1 0.0004914661774798896 1.8671044
true 0.00019792022940623433 439 8 5 0.3 2 0.0004914661774798896 7.6113372
true 0.00017333473300886748 1610 8 5 0.3 3 0.0004914661774798896 34.1968999
true 5.684402580452552e-5 3441 8 5 0.3 4 0.0004914661774798896 96.1087887
true 0.0001447555346728117 287 8 6 0.3 1 0.0004914661774798896 2.6699076
true 0.0002574450826824855 4598 8 6 0.3 2 0.0004914661774798896 62.8080508
true 0.166837440840532 1971 8 6 0.3 3 0.0004914661774798896 42.5222264
true 0.00024022895283902965 5638 8 6 0.3 4 0.0004914661774798896 148.7062404
true 0.14303022766267182 283 8 7 0.3 1 0.0004914661774798896 2.690504
true 0.00019731234034713646 708 8 7 0.3 2 0.0004914661774798896 11.2557001
true 0.1429980643537711 1412 8 7 0.3 3 0.0004914661774798896 34.2653506
true 0.00030038834855852396 4397 8 7 0.3 4 0.0004914661774798896 119.7456704
true 0.00018028228591244339 522 8 8 0.3 1 0.0004914661774798896 4.8277119
true 0.00027549692430569456 2899 8 8 0.3 2 0.0004914661774798896 41.4610886
true 0.12502873978500678 3659 8 8 0.3 3 0.0004914661774798896 72.7497551
true 0.00034253537097782283 3744 8 8 0.3 4 0.0004914661774798896 99.1752236
true 7.239332979741553e-5 242 8 1 0.31 1 0.0006419240332108236 2.1852099
true 0.0001136048418355351 478 8 1 0.31 2 0.0006419240332108236 7.6937674
true 6.574159061245588e-5 782 8 1 0.31 3 0.0006419240332108236 24.1794324
true 0.00011867532356196753 979 8 1 0.31 4 0.0006419240332108236 34.1224879
true 8.020661266675e-5 169 8 2 0.31 1 0.0006419240332108236 1.5266908
true 4.0868543136979296e-5 1068 8 2 0.31 2 0.0006419240332108236 15.9805892
true 9.659739936290768e-5 1838 8 2 0.31 3 0.0006419240332108236 40.4440038
true 0.00040273773792592893 1712 8 2 0.31 4 0.0006419240332108236 49.919449
true 8.192920274796567e-5 210 8 3 0.31 1 0.0006419240332108236 1.8726868
true 0.00011443239902035145 555 8 3 0.31 2 0.0006419240332108236 9.5670346
true 7.54810075772605e-5 943 8 3 0.31 3 0.0006419240332108236 23.818057
true 3.550351260043586e-5 1368 8 3 0.31 4 0.0006419240332108236 43.6403587
true 0.25004504590167725 171 8 4 0.31 1 0.0006419240332108236 1.7264063
true 0.00023170296873195606 636 8 4 0.31 2 0.0006419240332108236 9.8654792
true 0.0002755996437976693 3500 8 4 0.31 3 0.0006419240332108236 69.2325008
true 0.00043257375511138174 2497 8 4 0.31 4 0.0006419240332108236 70.5884816
true 8.574116801857157e-5 205 8 5 0.31 1 0.0006419240332108236 2.0697552
true 0.00013486152569273103 643 8 5 0.31 2 0.0006419240332108236 9.9744485
true 0.00020120606386917484 1504 8 5 0.31 3 0.0006419240332108236 33.0549526
true 0.0003040238273667173 2558 8 5 0.31 4 0.0006419240332108236 71.2067231
true 0.00017096888286395143 305 8 6 0.31 1 0.0006419240332108236 2.8191989
true 3.718781379671854e-5 3220 8 6 0.31 2 0.0006419240332108236 46.7628251
true 0.0001821732654807192 1910 8 6 0.31 3 0.0006419240332108236 42.0860521
true 0.00026399132952171594 5291 8 6 0.31 4 0.0006419240332108236 140.6264169
true 0.28590530445122553 240 8 7 0.31 1 0.0006419240332108236 2.209639
true 0.0002455833898201222 2495 8 7 0.31 2 0.0006419240332108236 36.4912577
true 0.00014050176040354887 1411 8 7 0.31 3 0.0006419240332108236 31.1873436
true 0.00048101657041628643 3023 8 7 0.31 4 0.0006419240332108236 83.8275967
true 0.12518915715939966 393 8 8 0.31 1 0.0006419240332108236 3.6390908
true 0.0002161048157286391 1034 8 8 0.31 2 0.0006419240332108236 15.5087022
true 0.00024966376226163295 2053 8 8 0.31 3 0.0006419240332108236 43.5994741
true 0.00036015677158560827 5192 8 8 0.31 4 0.0006419240332108236 134.911406
true 8.882072020605092e-5 163 8 1 0.32 1 0.0009656652986781123 1.5424185
true 0.00016278097888378085 402 8 1 0.32 2 0.0009656652986781123 7.1512529
true 6.849219994625733e-5 1899 8 1 0.32 3 0.0009656652986781123 41.6476517
true 0.00016442135126792934 1184 8 1 0.32 4 0.0009656652986781123 37.9032976
true 0.00010530641325809387 174 8 2 0.32 1 0.0009656652986781123 1.733169
true 0.00016088575824399487 1132 8 2 0.32 2 0.0009656652986781123 16.6777231
true 0.00011350641513543924 769 8 2 0.32 3 0.0009656652986781123 18.9392988
true 0.00016951771300927065 1059 8 2 0.32 4 0.0009656652986781123 35.2767487
true 0.0001101018584103904 198 8 3 0.32 1 0.0009656652986781123 1.8288457
true 0.00012221485208818716 1062 8 3 0.32 2 0.0009656652986781123 15.8205864
true 0.00010078451572130091 1316 8 3 0.32 3 0.0009656652986781123 29.0663947
true 0.0003335483852946834 2886 8 3 0.32 4 0.0009656652986781123 82.2750588
true 0.00011963484705652949 194 8 4 0.32 1 0.0009656652986781123 1.8684149
true 0.00025054117842740475 1249 8 4 0.32 2 0.0009656652986781123 18.229401
true 0.0004269906235684906 1025 8 4 0.32 3 0.0009656652986781123 23.6735373
true 0.000153357137878965 5145 8 4 0.32 4 0.0009656652986781123 134.5708124
true 0.20008165778993653 234 8 5 0.32 1 0.0009656652986781123 2.1851937
true 0.00024899907587774275 746 8 5 0.32 2 0.0009656652986781123 11.8044226
true 0.20013146542116247 1221 8 5 0.32 3 0.0009656652986781123 27.4215986
true 0.0005006122827254878 1783 8 5 0.32 4 0.0009656652986781123 57.7070548
true 0.16685158491438357 242 8 6 0.32 1 0.0009656652986781123 2.309177
true 0.16703590037027138 1013 8 6 0.32 2 0.0009656652986781123 15.9057299
true 0.0002082393653843051 2078 8 6 0.32 3 0.0009656652986781123 43.4890916
true 0.0003950854790777207 6797 8 6 0.32 4 0.0009656652986781123 177.2099934
true 0.2859177544495798 250 8 7 0.32 1 0.0009656652986781123 2.5192131
true 0.1429233999129273 1693 8 7 0.32 2 0.0009656652986781123 24.8534996
true 0.14308748928542134 2857 8 7 0.32 3 0.0009656652986781123 63.3254798
true 0.00035098514626283724 4202 8 7 0.32 4 0.0009656652986781123 110.9036298
true 0.37518479977176705 290 8 8 0.32 1 0.0009656652986781123 2.6725956
true 0.12505720486462885 1599 8 8 0.32 2 0.0009656652986781123 24.2981393
true 0.00021640027326550598 2919 8 8 0.32 3 0.0009656652986781123 58.8703869
true 0.00031699762671126563 4817 8 8 0.32 4 0.0009656652986781123 129.9395183
true 0.00011294199833561391 142 8 1 0.33 1 0.0015946641801874357 1.3713811
true 0.00018122926605723677 324 8 1 0.33 2 0.0015946641801874357 6.1502883
true 0.00025744421802320616 693 8 1 0.33 3 0.0015946641801874357 20.6753628
true 0.00011450377664684597 1243 8 1 0.33 4 0.0015946641801874357 40.7074694
true 0.000148664798852699 175 8 2 0.33 1 0.0015946641801874357 1.6326647
true 8.376008438354399e-5 1732 8 2 0.33 2 0.0015946641801874357 25.9742415
true 0.0003607281397046691 1368 8 2 0.33 3 0.0015946641801874357 29.8601585
true 0.0004901038427643223 1613 8 2 0.33 4 0.0015946641801874357 47.3596815
true 0.0001606935341528041 232 8 3 0.33 1 0.0015946641801874357 2.1057207
true 0.00014575130089685326 524 8 3 0.33 2 0.0015946641801874357 9.0101952
true 0.00017309666453866704 1236 8 3 0.33 3 0.0015946641801874357 26.8530651
true 0.000435806919556229 2176 8 3 0.33 4 0.0015946641801874357 67.4258299
true 0.00016697306055028782 484 8 4 0.33 1 0.0015946641801874357 4.3438926
true 0.00036297572931201505 3265 8 4 0.33 2 0.0015946641801874357 46.9676155
true 0.0003862289859945661 2362 8 4 0.33 3 0.0015946641801874357 51.7729781
true 0.0005288526379341879 2336 8 4 0.33 4 0.0015946641801874357 69.3984184
true 0.40007027159882114 186 8 5 0.33 1 0.0015946641801874357 1.9495629
true 0.0003194678034090348 714 8 5 0.33 2 0.0015946641801874357 11.0776564
true 0.00028611900175746775 812 8 5 0.33 3 0.0015946641801874357 21.5264195
true 0.0004797423892448083 1861 8 5 0.33 4 0.0015946641801874357 54.4485951
true 0.33349984636492414 214 8 6 0.33 1 0.0015946641801874357 2.1370443
true 0.16696738310258974 819 8 6 0.33 2 0.0015946641801874357 13.1932272
true 7.008323898358149e-5 3131 8 6 0.33 3 0.0015946641801874357 67.0633639
true 0.0003385463514010978 6700 8 6 0.33 4 0.0015946641801874357 183.6717265
true 0.0003468896513696814 353 8 7 0.33 1 0.0015946641801874357 3.2296209
true 0.00033432331137321435 1185 8 7 0.33 2 0.0015946641801874357 17.0379988
true 0.0002223696953722836 1411 8 7 0.33 3 0.0015946641801874357 31.2324979
true 0.0005055840929349171 2838 8 7 0.33 4 0.0015946641801874357 80.8688201
true 0.12528832457708194 339 8 8 0.33 1 0.0015946641801874357 3.2725045
true 0.00033892347740805545 1545 8 8 0.33 2 0.0015946641801874357 22.1905623
true 0.00027544055551743246 2399 8 8 0.33 3 0.0015946641801874357 48.8571349
true 0.00021839047432962305 3612 8 8 0.33 4 0.0015946641801874357 97.8868659
true 0.0001636236273450109 178 8 1 0.34 1 0.0032721762465393357 1.665305
true 0.0003476195540774163 367 8 1 0.34 2 0.0032721762465393357 6.4675092
true 0.0001644527082593772 868 8 1 0.34 3 0.0032721762465393357 20.8254643
true 0.0011554167730800091 1143 8 1 0.34 4 0.0032721762465393357 36.7326872
true 0.00025782686651304454 156 8 2 0.34 1 0.0032721762465393357 1.5283067
true 0.0004189395370484683 665 8 2 0.34 2 0.0032721762465393357 10.2932145
true 0.0005942735551168754 1657 8 2 0.34 3 0.0032721762465393357 35.3936946
true 0.0007179441428437905 2326 8 2 0.34 4 0.0032721762465393357 63.2487259
true 0.00029178353448435407 187 8 3 0.34 1 0.0032721762465393357 1.7933572
true 0.0004019008510388426 771 8 3 0.34 2 0.0032721762465393357 12.9452221
true 0.0005563482507986439 705 8 3 0.34 3 0.0032721762465393357 18.1629197
true 0.00018889680129002828 2590 8 3 0.34 4 0.0032721762465393357 71.2528886
true 0.25010373754845017 193 8 4 0.34 1 0.0032721762465393357 1.9473681
true 0.0006081833867894459 534 8 4 0.34 2 0.0032721762465393357 8.8267497
true 0.00037173607737085723 728 8 4 0.34 3 0.0032721762465393357 18.6392371
true 0.12538554103968252 1186 8 4 0.34 4 0.0032721762465393357 43.1121959
true 0.20018717375818157 163 8 5 0.34 1 0.0032721762465393357 1.6257488
true 0.0005055576884937629 658 8 5 0.34 2 0.0032721762465393357 10.8309404
true 0.00047495095372194205 1260 8 5 0.34 3 0.0032721762465393357 28.3128308
true 0.0005038585706771403 2191 8 5 0.34 4 0.0032721762465393357 63.0213815
true 0.00038931500157392734 389 8 6 0.34 1 0.0032721762465393357 3.5262441
true 0.0006452535589180816 2466 8 6 0.34 2 0.0032721762465393357 36.667254
true 0.0004051076226654256 4648 8 6 0.34 3 0.0032721762465393357 99.5874413
true 0.0005458904580956658 8100 8 6 0.34 4 0.0032721762465393357 218.6831594
true 0.0004908465442837263 272 8 7 0.34 1 0.0032721762465393357 2.58273
true 0.0005089425888206156 1781 8 7 0.34 2 0.0032721762465393357 26.3463029
true 0.14313291298962014 1665 8 7 0.34 3 0.0032721762465393357 36.9070309
true 0.0005124349854225829 1676 8 7 0.34 4 0.0032721762465393357 50.9998547
true 0.1254135316132377 373 8 8 0.34 1 0.0032721762465393357 3.4045125
true 0.1252158231865737 1526 8 8 0.34 2 0.0032721762465393357 23.5244802
true 0.00038006499764395296 1723 8 8 0.34 3 0.0032721762465393357 38.1974049
true 0.0004757897747640488 14251 8 8 0.34 4 0.0032721762465393357 391.7504037
true 0.000260381973103907 145 8 1 0.35 1 0.0064367258595390735 1.3459983
true 0.00046328684816970833 902 8 1 0.35 2 0.0064367258595390735 13.0199551
true 0.0007504225247842444 665 8 1 0.35 3 0.0064367258595390735 19.2262393
true 0.0011497839833338186 2068 8 1 0.35 4 0.0064367258595390735 66.5079858
true 0.0004764257741808886 322 8 2 0.35 1 0.0064367258595390735 2.8025673
true 0.00035010117887482317 673 8 2 0.35 2 0.0064367258595390735 10.7439998
true 0.0005767281347808795 1009 8 2 0.35 3 0.0064367258595390735 23.708192
true 0.0007841844554375144 2583 8 2 0.35 4 0.0064367258595390735 71.7083175
true 0.0005562682903247906 151 8 3 0.35 1 0.0064367258595390735 1.5533368
true 0.0007968844857217198 591 8 3 0.35 2 0.0064367258595390735 9.815057
true 0.0006904106966313569 893 8 3 0.35 3 0.0064367258595390735 22.5071677
true 0.0005723062568360934 1506 8 3 0.35 4 0.0064367258595390735 45.453023
true 0.0005136363087914486 195 8 4 0.35 1 0.0064367258595390735 1.8307995
true 0.00045427693231318844 532 8 4 0.35 2 0.0064367258595390735 8.7486152
true 0.0008138296057986771 1683 8 4 0.35 3 0.0064367258595390735 37.8838466
true 0.0010297303185454465 2100 8 4 0.35 4 0.0064367258595390735 63.8732777
true 0.2001656120113407 171 8 5 0.35 1 0.0064367258595390735 1.6447943
true 0.00036610191112846914 2571 8 5 0.35 2 0.0064367258595390735 35.7821915
true 0.0005396692863916641 1542 8 5 0.35 3 0.0064367258595390735 33.2013955
true 0.0006047664357267002 5865 8 5 0.35 4 0.0064367258595390735 152.5130489
true 0.1672236734160617 202 8 6 0.35 1 0.0064367258595390735 1.9804953
true 0.0010997611386790636 918 8 6 0.35 2 0.0064367258595390735 13.5462118
true 0.0006742297101825778 1933 8 6 0.35 3 0.0064367258595390735 41.2970926
true 0.0006415142198188303 2769 8 6 0.35 4 0.0064367258595390735 77.4979986
true 0.2858219032992739 182 8 7 0.35 1 0.0064367258595390735 1.8563852
true 0.0008625132880297996 1518 8 7 0.35 2 0.0064367258595390735 22.2374686
true 0.0004423224260023633 1175 8 7 0.35 3 0.0064367258595390735 27.9377764
true 0.0008487797414640785 1414 8 7 0.35 4 0.0064367258595390735 44.7796211
true 0.12531644942910436 435 8 8 0.35 1 0.0064367258595390735 4.0046169
true 0.0007665431566033221 2091 8 8 0.35 2 0.0064367258595390735 30.8307697
true 0.1255297760611031 2250 8 8 0.35 3 0.0064367258595390735 48.2932132
true 0.000765238761095563 6402 8 8 0.35 4 0.0064367258595390735 183.5337452
true 0.000532291478684499 144 8 1 0.36 1 0.014911844688028395 1.3910877
true 0.0003179953014214587 477 8 1 0.36 2 0.014911844688028395 8.0331335
true 0.0003607821738804695 1657 8 1 0.36 3 0.014911844688028395 35.2113737
true 0.0003811228505763986 3217 8 1 0.36 4 0.014911844688028395 92.8337262
true 0.0011184766792990408 225 8 2 0.36 1 0.014911844688028395 2.2480468
true 0.002063035655379103 809 8 2 0.36 2 0.014911844688028395 12.0296674
true 0.00032105777710331185 1438 8 2 0.36 3 0.014911844688028395 31.5293397
true 0.0016284517767496398 1947 8 2 0.36 4 0.014911844688028395 56.9913262
true 0.3334857196388832 157 8 3 0.36 1 0.014911844688028395 1.5123228
true 0.0002824158693958319 1174 8 3 0.36 2 0.014911844688028395 16.8424097
true 0.001125927534625537 1039 8 3 0.36 3 0.014911844688028395 24.5847184
true 0.001270637101734177 2875 8 3 0.36 4 0.014911844688028395 78.7651241
true 0.2502960634028367 202 8 4 0.36 1 0.014911844688028395 1.8925518
true 0.0013101999720161878 463 8 4 0.36 2 0.014911844688028395 8.2360141
true 0.0013023884647316158 2692 8 4 0.36 3 0.014911844688028395 56.2948566
true 0.0009845450940450667 4519 8 4 0.36 4 0.014911844688028395 119.6927037
true 0.001030852825924189 295 8 5 0.36 1 0.014911844688028395 2.7518143
true 0.20013545007295735 1365 8 5 0.36 2 0.014911844688028395 19.3781177
true 0.001286715406757144 2576 8 5 0.36 3 0.014911844688028395 55.7221616
true 0.001904449191742441 1434 8 5 0.36 4 0.014911844688028395 44.7812514
true 0.16781196719095456 486 8 6 0.36 1 0.014911844688028395 4.3699672
true 0.16756862135102144 902 8 6 0.36 2 0.014911844688028395 14.7588581
true 0.0011351219799818346 1763 8 6 0.36 3 0.014911844688028395 37.7886983
true 0.0017005022616130017 1980 8 6 0.36 4 0.014911844688028395 57.7836037
true 0.1442338031223494 274 8 7 0.36 1 0.014911844688028395 2.5960811
true 0.0005021808119213664 1008 8 7 0.36 2 0.014911844688028395 15.2465298
true 0.1437275724587033 1230 8 7 0.36 3 0.014911844688028395 28.7049133
true 0.0017072342137275376 4558 8 7 0.36 4 0.014911844688028395 120.8755571
true 0.12622182427745196 185 8 8 0.36 1 0.014911844688028395 1.9295271
true 0.0004754630806913032 1844 8 8 0.36 2 0.014911844688028395 27.878039
true 0.0011451052125464808 1035 8 8 0.36 3 0.014911844688028395 24.9599233
true 0.0011994582990104904 2016 8 8 0.36 4 0.014911844688028395 59.7463405
true 0.0016125144594019702 301 8 1 0.37 1 0.04330148052247659 2.7447491
true 0.00046693743368919627 913 8 1 0.37 2 0.04330148052247659 14.2051146
true 0.000567375383621449 2061 8 1 0.37 3 0.04330148052247659 44.7292144
true 0.0019432036414730458 5328 8 1 0.37 4 0.04330148052247659 138.5497104
true 0.0036983243423806267 165 8 2 0.37 1 0.04330148052247659 1.6483222
true 0.001096474680592957 1682 8 2 0.37 2 0.04330148052247659 23.9574101
true 0.0015008269453059553 4471 8 2 0.37 3 0.04330148052247659 88.2495779
true 0.001141489616925423 5201 8 2 0.37 4 0.04330148052247659 135.2711316
true 0.00449432657589081 197 8 3 0.37 1 0.04330148052247659 1.8424158
true 0.0015325374696874932 787 8 3 0.37 2 0.04330148052247659 12.2910459
true 0.00018356188070680254 4865 8 3 0.37 3 0.04330148052247659 97.9735973
true 0.0009341788051015673 8041 8 3 0.37 4 0.04330148052247659 217.0547891
true 0.003884507011567173 192 8 4 0.37 1 0.04330148052247659 1.8348605
true 0.0013318773480150703 1025 8 4 0.37 2 0.04330148052247659 15.3108259
true 0.0014887826506170543 4281 8 4 0.37 3 0.04330148052247659 84.5005717
true 0.001425664831665771 5137 8 4 0.37 4 0.04330148052247659 130.8203807
true 0.20270768709823422 212 8 5 0.37 1 0.04330148052247659 1.9917667
true 0.0017007156318246896 1863 8 5 0.37 2 0.04330148052247659 27.1823197
true 0.003334917659683756 1163 8 5 0.37 3 0.04330148052247659 27.4762019
true 0.0010554160502466493 8084 8 5 0.37 4 0.04330148052247659 212.5067314
true 0.0038792198131457714 639 8 6 0.37 1 0.04330148052247659 5.8037725
true 0.0028828625578230884 2117 8 6 0.37 2 0.04330148052247659 31.5056499
true 0.004280229463101702 4710 8 6 0.37 3 0.04330148052247659 101.1900018
true 0.0023995330589155392 9808 8 6 0.37 4 0.04330148052247659 252.1887615
true 0.1451280352779694 249 8 7 0.37 1 0.04330148052247659 2.4053553
true 0.000741721590799993 5275 8 7 0.37 2 0.04330148052247659 76.1679963
true 0.002281162824359576 3274 8 7 0.37 3 0.04330148052247659 69.2452618
true 0.0008306317168402165 4791 8 7 0.37 4 0.04330148052247659 132.1225103
true 0.25189505104493504 305 8 8 0.37 1 0.04330148052247659 2.889443
true 0.0008361826367046105 1034 8 8 0.37 2 0.04330148052247659 15.9209511
true 0.0012304733109018556 3963 8 8 0.37 3 0.04330148052247659 79.6658679
true 0.0006991696484243415 12602 8 8 0.37 4 0.04330148052247659 332.0714345
true 0.0027723199666336296 192 8 1 0.38 1 0.06802735308496373 1.8807777
true 0.002750603159171139 411 8 1 0.38 2 0.06802735308496373 7.6822067
true 0.001273778766585798 4209 8 1 0.38 3 0.06802735308496373 88.1938446
true 0.0013399806542198633 4208 8 1 0.38 4 0.06802735308496373 122.5970906
true 0.006334323427597821 317 8 2 0.38 1 0.06802735308496373 2.7951626
true 0.0015939291129248023 873 8 2 0.38 2 0.06802735308496373 12.7599578
true 0.006418916924450513 1460 8 2 0.38 3 0.06802735308496373 33.341342
true 0.001623049217893191 8268 8 2 0.38 4 0.06802735308496373 216.2270821
true 0.007699936868849196 159 8 3 0.38 1 0.06802735308496373 1.6766287
true 0.0007514848691960729 896 8 3 0.38 2 0.06802735308496373 13.8577342
true 0.0010382484431691135 3701 8 3 0.38 3 0.06802735308496373 74.0651373
true 0.002456404151218431 6815 8 3 0.38 4 0.06802735308496373 188.3140897
true 0.006645613007100301 238 8 4 0.38 1 0.06802735308496373 2.2343192
true 0.003129290764232115 1165 8 4 0.38 2 0.06802735308496373 17.4951195
true 0.002386441628501948 3642 8 4 0.38 3 0.06802735308496373 79.5026792
true 0.007061931755000597 5969 8 4 0.38 4 0.06802735308496373 157.7961177
true 0.0057465249143839 213 8 5 0.38 1 0.06802735308496373 2.0272231
true 0.0009103022927716032 1919 8 5 0.38 2 0.06802735308496373 27.2267886
true 0.005728935386219447 2869 8 5 0.38 3 0.06802735308496373 60.8543288
true 0.004265107208610031 8257 8 5 0.38 4 0.06802735308496373 216.3246477
true 0.17248019785673716 269 8 6 0.38 1 0.06802735308496373 2.5506428
true 0.0041058586530262715 1055 8 6 0.38 2 0.06802735308496373 15.6859776
true 0.16757985321222524 5927 8 6 0.38 3 0.06802735308496373 121.9653696
true 0.00132192760611984 4524 8 6 0.38 4 0.06802735308496373 120.1508762
true 0.007321032526606486 333 8 7 0.38 1 0.06802735308496373 3.2427808
true 0.0009699351331530294 1844 8 7 0.38 2 0.06802735308496373 27.6844045
true 0.00643825733006524 3173 8 7 0.38 3 0.06802735308496373 65.7328819
true 0.0011103859753807757 4238 8 7 0.38 4 0.06802735308496373 110.1086671
true 0.006949209070315938 439 8 8 0.38 1 0.06802735308496373 3.9234235
true 0.005825431101924926 4265 8 8 0.38 2 0.06802735308496373 63.5493782
true 0.004566440766367315 3933 8 8 0.38 3 0.06802735308496373 78.935039
true 0.0010499463966174363 10419 8 8 0.38 4 0.06802735308496373 248.9775668
true 0.0027796686058542686 173 8 1 0.39 1 0.06550587700762392 1.5499385
true 0.0010858588728088758 1863 8 1 0.39 2 0.06550587700762392 24.2282573
true 0.001707837351624164 789 8 1 0.39 3 0.06550587700762392 20.6104563
true 0.0005885374833726753 3819 8 1 0.39 4 0.06550587700762392 90.8537874
true 0.006071528042056934 162 8 2 0.39 1 0.06550587700762392 1.4416063
true 0.005249196624715402 846 8 2 0.39 2 0.06550587700762392 11.5178687
true 0.001982388600035523 2648 8 2 0.39 3 0.06550587700762392 47.6498968
true 0.001758684439189695 9117 8 2 0.39 4 0.06550587700762392 221.7008013
true 0.007341712572135117 238 8 3 0.39 1 0.06550587700762392 1.8152931
true 0.0024130094524053383 1000 8 3 0.39 2 0.06550587700762392 13.4681309
true 0.0015686303347594206 3539 8 3 0.39 3 0.06550587700762392 62.1615088
true 0.001564768416241813 12361 8 3 0.39 4 0.06550587700762392 293.6914375
true 0.25143104332380795 179 8 4 0.39 1 0.06550587700762392 1.4947208
true 0.0010672012623107185 632 8 4 0.39 2 0.06550587700762392 9.0657174
true 0.001325222552972849 7516 8 4 0.39 3 0.06550587700762392 130.5380902
true 0.002178017596371873 1770 8 4 0.39 4 0.06550587700762392 46.983755
true 0.39742318947825284 298 8 5 0.39 1 0.06550587700762392 2.393065
true 0.000963185534769917 4381 8 5 0.39 2 0.06550587700762392 55.5424137
true 0.0017158013354894753 2785 8 5 0.39 3 0.06550587700762392 51.492835
true 0.005362878487323086 5135 8 5 0.39 4 0.06550587700762392 132.8394713
true 0.006293494144419033 382 8 6 0.39 1 0.06550587700762392 3.1771418
true 0.0040022555124251125 3720 8 6 0.39 2 0.06550587700762392 48.2568964
true 0.0004007734907189679 5689 8 6 0.39 3 0.06550587700762392 107.8009767
true 0.0016239214271540718 9066 8 6 0.39 4 0.06550587700762392 214.8738451
true 0.14723511374881923 214 8 7 0.39 1 0.06550587700762392 1.9112768
true 0.0010354353351183351 1792 8 7 0.39 2 0.06550587700762392 23.38429
true 0.003988890566581075 8116 8 7 0.39 3 0.06550587700762392 143.9600399
true 0.004913029167954878 3887 8 7 0.39 4 0.06550587700762392 98.0815354
true 0.006707619435943869 301 8 8 0.39 1 0.06550587700762392 2.557118
true 0.005990019915528409 2570 8 8 0.39 2 0.06550587700762392 33.58916
true 0.006148490911785633 2029 8 8 0.39 3 0.06550587700762392 40.5578086
true 0.005553864535659238 8821 8 8 0.39 4 0.06550587700762392 208.6492568
true 0.011150022875606291 218 8 1 0.4 1 0.19554009410104872 1.64799
true 0.0021769929161664092 758 8 1 0.4 2 0.19554009410104872 10.0267765
true 0.004061589550508005 3483 8 1 0.4 3 0.19554009410104872 63.0574417
true 0.00264478504049942 5834 8 1 0.4 4 0.19554009410104872 135.1884131
true 0.024116879252588208 142 8 2 0.4 1 0.19554009410104872 1.2773167
true 0.005533359768446461 1172 8 2 0.4 2 0.19554009410104872 15.3156902
true 0.0011373464362250951 4579 8 2 0.4 3 0.19554009410104872 80.6808948
true 0.003608779691567393 6041 8 2 0.4 4 0.19554009410104872 137.380121
true 0.029053312988754614 177 8 3 0.4 1 0.19554009410104872 1.5208319
true 0.017760035040617406 1485 8 3 0.4 2 0.19554009410104872 19.08599
true 0.005181846934158667 7368 8 3 0.4 3 0.19554009410104872 133.6051203
true 0.0025391553187031715 5761 8 3 0.4 4 0.19554009410104872 146.6825671
true 0.025247468397862294 218 8 4 0.4 1 0.19554009410104872 2.1731747
true 0.02292531954113057 1206 8 4 0.4 2 0.19554009410104872 18.255981
true 0.0061839469247916 2845 8 4 0.4 3 0.19554009410104872 58.9774298
true 0.01650132770142053 7667 8 4 0.4 4 0.19554009410104872 198.0077082
true 0.021961341534259306 184 8 5 0.4 1 0.19554009410104872 1.9533425
true 0.002417629993879911 3237 8 5 0.4 2 0.19554009410104872 49.9684192
true 0.013027673663047579 5304 8 5 0.4 3 0.19554009410104872 108.4570617
true 0.0024114976710508883 6660 8 5 0.4 4 0.19554009410104872 174.7057284
true 0.17792290170946537 206 8 6 0.4 1 0.19554009410104872 2.0826335
true 0.17989036375469303 851 8 6 0.4 2 0.19554009410104872 13.5330835
true 0.004919859341330074 7189 8 6 0.4 3 0.19554009410104872 142.4326613
true 0.006792045937598089 13369 8 6 0.4 4 0.19554009410104872 360.2632424
true 0.026933530777170273 239 8 7 0.4 1 0.19554009410104872 2.3466695
true 0.01827401415231917 2183 8 7 0.4 2 0.19554009410104872 31.7760997
true 0.008711770867228978 9282 8 7 0.4 3 0.19554009410104872 181.7590064
true 0.0029513574781503643 7021 8 7 0.4 4 0.19554009410104872 189.0804871
true 0.02575391172718658 375 8 8 0.4 1 0.19554009410104872 3.4179924
true 0.14009839922179343 959 8 8 0.4 2 0.19554009410104872 15.4709903
true 0.016140236708566423 1461 8 8 0.4 3 0.19554009410104872 34.4029023
true 0.0032884614887522465 3834 8 8 0.4 4 0.19554009410104872 104.5611661
true 0.011042292375371243 148 8 1 0.41 1 0.18889286645015071 1.4199009
true 0.0022686271627371246 1430 8 1 0.41 2 0.18889286645015071 20.8942393
true 0.0023231090443099345 1862 8 1 0.41 3 0.18889286645015071 38.070169
true 0.0008680580644244151 2948 8 1 0.41 4 0.18889286645015071 77.3162022
true 0.023058414306875746 154 8 2 0.41 1 0.18889286645015071 1.5369483
true 0.010002095382167314 890 8 2 0.41 2 0.18889286645015071 14.2297846
true 0.005336239948127985 4141 8 2 0.41 3 0.18889286645015071 83.4303614
true 0.0033040898820586584 5541 8 2 0.41 4 0.18889286645015071 152.1734819
true 0.027675539037177604 145 8 3 0.41 1 0.18889286645015071 1.5352015
true 0.016605246328671903 1026 8 3 0.41 2 0.18889286645015071 15.2106641
true 0.0002427378819529665 5927 8 3 0.41 3 0.18889286645015071 113.5865597
true 0.003284470688816913 8200 8 3 0.41 4 0.18889286645015071 212.4064215
true 0.2683807215184191 158 8 4 0.41 1 0.18889286645015071 1.5663501
true 0.007252708991928772 1308 8 4 0.41 2 0.18889286645015071 19.8431012
true 0.0005107680029260153 6765 8 4 0.41 3 0.18889286645015071 138.2715039
true 0.00786198055460631 5584 8 4 0.41 4 0.18889286645015071 146.2105362
true 0.20616143480574403 266 8 5 0.41 1 0.18889286645015071 2.3443039
true 0.014641486296678607 1953 8 5 0.41 2 0.18889286645015071 28.5421786
true 0.011661305165441305 8132 8 5 0.41 3 0.18889286645015071 164.3008497
true 0.011314182940318019 8648 8 5 0.41 4 0.18889286645015071 224.6747137
true 0.1861490349759983 248 8 6 0.41 1 0.18889286645015071 2.2392463
true 0.026204457126762132 1642 8 6 0.41 2 0.18889286645015071 24.630167
true 0.023586762118957615 2891 8 6 0.41 3 0.18889286645015071 65.3470487
true 0.017198915087575362 28237 8 6 0.41 4 0.18889286645015071 726.0869092
true 0.1580448860602738 235 8 7 0.41 1 0.18889286645015071 2.1913557
true 0.002536298428153188 606 8 7 0.41 2 0.18889286645015071 10.6176412
true 0.016295295356605573 5503 8 7 0.41 3 0.18889286645015071 112.3309079
true 0.0032837772081659644 10787 8 7 0.41 4 0.18889286645015071 282.5702364
true 0.1404257276494643 292 8 8 0.41 1 0.18889286645015071 2.7078321
true 0.020770044986413216 2447 8 8 0.41 2 0.18889286645015071 34.7782491
true 0.13643208122539088 4550 8 8 0.41 3 0.18889286645015071 102.6793113
true 0.003727887544518048 12131 8 8 0.41 4 0.18889286645015071 320.9512728
true 0.007680479307331289 157 8 1 0.42 1 0.13631122814293237 1.6222336
true 0.0025128316889422853 1788 8 1 0.42 2 0.13631122814293237 25.6316475
true 0.0014022668794603232 4558 8 1 0.42 3 0.13631122814293237 88.1542378
true 0.0028659311445347613 4885 8 1 0.42 4 0.13631122814293237 133.8812359
true 0.015128860443503894 163 8 2 0.42 1 0.13631122814293237 1.5834791
true 0.0017883192458939268 3305 8 2 0.42 2 0.13631122814293237 45.4904376
true 0.015265440540342123 659 8 2 0.42 3 0.13631122814293237 17.0604508
true 0.006582087918014373 6522 8 2 0.42 4 0.13631122814293237 159.9770251
true 0.018033086603120512 178 8 3 0.42 1 0.13631122814293237 1.7905286
true 0.004909291289731925 659 8 3 0.42 2 0.13631122814293237 10.3086948
true 0.003808872416742326 4713 8 3 0.42 3 0.13631122814293237 93.1868733
true 0.004198582355954328 8186 8 3 0.42 4 0.13631122814293237 201.4510289
true 0.2542117684719181 204 8 4 0.42 1 0.13631122814293237 1.8113435
true 0.0022002012138176152 1144 8 4 0.42 2 0.13631122814293237 16.3869874
true 0.0006052166566071909 6491 8 4 0.42 3 0.13631122814293237 123.4886124
true 0.0024846398766198152 3798 8 4 0.42 4 0.13631122814293237 97.3979798
true 0.013925565563557517 278 8 5 0.42 1 0.13631122814293237 2.4298028
true 0.002015966515446477 923 8 5 0.42 2 0.13631122814293237 13.1160574
true 0.007998386331750651 1426 8 5 0.42 3 0.13631122814293237 30.0962806
true 0.0023607814080845004 4490 8 5 0.42 4 0.13631122814293237 115.3285508
true 0.1794523464207646 176 8 6 0.42 1 0.13631122814293237 1.7242367
true 0.00211581997148703 1418 8 6 0.42 2 0.13631122814293237 19.6568683
true 0.012413569960299362 3683 8 6 0.42 3 0.13631122814293237 73.6826407
true 0.011910766329420452 17992 8 6 0.42 4 0.13631122814293237 460.7814199
true 0.2937044565172608 238 8 7 0.42 1 0.13631122814293237 2.2982816
true 0.011998333562218364 3919 8 7 0.42 2 0.13631122814293237 55.5871018
true 0.014813143885724713 4413 8 7 0.42 3 0.13631122814293237 88.965399
true 0.006068569859761492 7027 8 7 0.42 4 0.13631122814293237 175.021645
true 0.13983001327820366 405 8 8 0.42 1 0.13631122814293237 3.8984935
true 0.002439409414248958 2433 8 8 0.42 2 0.13631122814293237 33.5797645
true 0.012023722201063416 9924 8 8 0.42 3 0.13631122814293237 207.9325792
true 0.0022739771080553944 10286 8 8 0.42 4 0.13631122814293237 278.1285093
true 0.022199889840352593 143 8 1 0.43 1 0.3018002607547395 1.3570691
true 0.007004734378131594 1831 8 1 0.43 2 0.3018002607547395 27.3388076
true 0.004177848339500578 3145 8 1 0.43 3 0.3018002607547395 63.3972065
true 0.0012462960949736201 5098 8 1 0.43 4 0.3018002607547395 129.0537466
true 0.044100245827022405 266 8 2 0.43 1 0.3018002607547395 2.2997608
true 0.03870484487582471 797 8 2 0.43 2 0.3018002607547395 12.541666
true 0.0037661556594665857 2967 8 2 0.43 3 0.3018002607547395 59.5985454
true 0.016149967111560193 3631 8 2 0.43 4 0.3018002607547395 105.1435605
true 0.052416090761223944 160 8 3 0.43 1 0.3018002607547395 1.5841522
true 0.013699007286048706 1348 8 3 0.43 2 0.3018002607547395 20.8632016
true 0.00915720059060617 1457 8 3 0.43 3 0.3018002607547395 35.4659448
true 0.004519946143232793 4230 8 3 0.43 4 0.3018002607547395 120.187882
true 0.046276879181256905 168 8 4 0.43 1 0.3018002607547395 1.6942245
true 0.01418279790797819 2137 8 4 0.43 2 0.3018002607547395 31.5679874
true 0.006975283495502582 2406 8 4 0.43 3 0.3018002607547395 50.2600526
true 0.011025244706206166 8971 8 4 0.43 4 0.3018002607547395 242.8693501
true 0.23124976441559436 200 8 5 0.43 1 0.3018002607547395 1.9567988
true 0.00444124119317435 1872 8 5 0.43 2 0.3018002607547395 30.2349784
true 0.012291475463042979 5376 8 5 0.43 3 0.3018002607547395 113.7316653
true 0.0016046145640712718 9620 8 5 0.43 4 0.3018002607547395 261.310366
true 0.04434382909695966 198 8 6 0.43 1 0.3018002607547395 2.0609957
true 0.04713114781659875 793 8 6 0.43 2 0.3018002607547395 12.5206275
true 0.010975344100824985 5238 8 6 0.43 3 0.3018002607547395 111.1097128
true 0.03559865338573118 5331 8 6 0.43 4 0.3018002607547395 149.7942641
true 0.04876308091430521 333 8 7 0.43 1 0.3018002607547395 3.2562891
true 0.15274831062619512 2104 8 7 0.43 2 0.3018002607547395 31.5142049
true 0.027239540500328705 4645 8 7 0.43 3 0.3018002607547395 91.9508032
true 0.004725092615812808 12733 8 7 0.43 4 0.3018002607547395 327.8428247
true 0.15568973302695646 392 8 8 0.43 1 0.3018002607547395 3.5869334
true 0.0397759739331731 4117 8 8 0.43 2 0.3018002607547395 61.1363315
true 0.0013129783809113851 4888 8 8 0.43 3 0.3018002607547395 105.190884
true 0.019769023818956837 10354 8 8 0.43 4 0.3018002607547395 301.2215805
true 0.029383835226289734 153 8 1 0.44 1 0.3591551388267881 1.4973148
true 0.00925598394016236 1843 8 1 0.44 2 0.3591551388267881 26.506861
true 0.0030762322052326763 3008 8 1 0.44 3 0.3591551388267881 60.4560316
true 0.005990857947108352 1935 8 1 0.44 4 0.3591551388267881 55.1453289
true 0.05708118235378884 161 8 2 0.44 1 0.3591551388267881 1.6002337
true 0.017531913805246935 982 8 2 0.44 2 0.3591551388267881 14.3786699
true 0.01285760055415397 2308 8 2 0.44 3 0.3591551388267881 48.7286149
true 0.009865604327056632 3734 8 2 0.44 4 0.3591551388267881 101.4805649
true 0.06747561680221159 160 8 3 0.44 1 0.3591551388267881 1.594437
true 0.005604228663791029 1152 8 3 0.44 2 0.3591551388267881 16.9734618
true 0.008432227247423466 4501 8 3 0.44 3 0.3591551388267881 87.2112527
true 0.006442700776092196 13078 8 3 0.44 4 0.3591551388267881 342.7373632
true 0.2659459190951803 189 8 4 0.44 1 0.3591551388267881 1.8381661
true 0.01596015905513598 940 8 4 0.44 2 0.3591551388267881 14.1922535
true 0.0005762504299411109 3322 8 4 0.44 3 0.3591551388267881 70.2454908
true 0.005912588321918294 9825 8 4 0.44 4 0.3591551388267881 258.6054794
true 0.05278371238224603 220 8 5 0.44 1 0.3591551388267881 2.0014345
true 0.036903220734541206 1439 8 5 0.44 2 0.3591551388267881 21.4218519
true 0.04978845886401693 4515 8 5 0.44 3 0.3591551388267881 92.0391686
true 0.003965333477283795 8101 8 5 0.44 4 0.3591551388267881 223.9494951
true 0.057324611615590375 496 8 6 0.44 1 0.3591551388267881 4.4985541
true 0.005317454808550319 1228 8 6 0.44 2 0.3591551388267881 19.3752731
true 0.0004507528471452878 6841 8 6 0.44 3 0.3591551388267881 130.441714
true 0.037746207238060686 6522 8 6 0.44 4 0.3591551388267881 172.880401
true 0.17814268935654942 239 8 7 0.44 1 0.3591551388267881 2.3250543
true 0.06524982359278615 2241 8 7 0.44 2 0.3591551388267881 33.4007266
true 0.00039386285857896067 3286 8 7 0.44 3 0.3591551388267881 68.1897803
true 0.0005424785609899023 10364 8 7 0.44 4 0.3591551388267881 271.4390899
true 0.163413804731587 262 8 8 0.44 1 0.3591551388267881 2.5638973
true 0.005784681885756662 1076 8 8 0.44 2 0.3591551388267881 16.3635064
true 0.035807714435628676 6398 8 8 0.44 3 0.3591551388267881 130.1142143
true 0.01894577219015702 8071 8 8 0.44 4 0.3591551388267881 220.7574248
true 0.0520449466407244 154 8 1 0.45 1 0.5160396457256929 1.5043937
true 0.016068674009148298 1922 8 1 0.45 2 0.5160396457256929 27.7118669
true 0.009738119045924365 3806 8 1 0.45 3 0.5160396457256929 74.7985272
true 0.005081075481711217 7708 8 1 0.45 4 0.5160396457256929 207.0876315
true 0.10370713628717523 163 8 2 0.45 1 0.5160396457256929 1.5978842
true 0.08359828947599932 1167 8 2 0.45 2 0.5160396457256929 18.2367464
true 0.013041139681310487 5096 8 2 0.45 3 0.5160396457256929 99.5740918
true 0.0038690299005951223 12516 8 2 0.45 4 0.5160396457256929 320.3469871
true 0.12177794557724364 175 8 3 0.45 1 0.5160396457256929 1.7258497
true 0.025206709350890477 830 8 3 0.45 2 0.5160396457256929 12.1397198
true 0.01695937937709326 3861 8 3 0.45 3 0.5160396457256929 75.3962263
true 0.008551816401663007 5833 8 3 0.45 4 0.5160396457256929 149.7827816
true 0.3260864087544114 145 8 4 0.45 1 0.5160396457256929 1.5274094
true 0.008851781079840762 1056 8 4 0.45 2 0.5160396457256929 15.6880156
true 0.02042301279009469 6242 8 4 0.45 3 0.5160396457256929 123.0664322
true 0.021884364951372734 15551 8 4 0.45 4 0.5160396457256929 410.110715
true 0.27219300765627424 203 8 5 0.45 1 0.5160396457256929 1.9346282
true 0.07708279775410765 924 8 5 0.45 2 0.5160396457256929 13.5374361
true 0.00038498723692833583 1421 8 5 0.45 3 0.5160396457256929 30.9771762
true 0.007584690952237882 14318 8 5 0.45 4 0.5160396457256929 380.2407774
true 0.215965285543837 223 8 6 0.45 1 0.5160396457256929 2.168059
true 0.007886756723377242 1097 8 6 0.45 2 0.5160396457256929 16.4272115
true 0.05557571507477044 4541 8 6 0.45 3 0.5160396457256929 99.2638264
true 0.0005719949878721098 12741 8 6 0.45 4 0.5160396457256929 343.7278894
true 0.30134546263328765 185 8 7 0.45 1 0.5160396457256929 1.9622793
true 0.007889809751819505 1684 8 7 0.45 2 0.5160396457256929 24.2685717
true 0.0003935731930112699 11939 8 7 0.45 3 0.5160396457256929 236.3588036
true 0.02822737048961288 10148 8 7 0.45 4 0.5160396457256929 260.8734723
true 0.11307962188388584 474 8 8 0.45 1 0.5160396457256929 4.6557453
true 0.007652114567219356 2235 8 8 0.45 2 0.5160396457256929 32.326372
true 0.010762187232538946 6400 8 8 0.45 3 0.5160396457256929 130.0117442
true 0.05812954191530656 24558 8 8 0.45 4 0.5160396457256929 620.4282071
true 0.08380268202022806 153 8 1 0.46 1 0.6720631097508816 1.4884161
true 0.024924748175029654 1214 8 1 0.46 2 0.6720631097508816 18.6776713
true 0.00856103640250283 4011 8 1 0.46 3 0.6720631097508816 81.7751669
true 0.010453094330083679 5357 8 1 0.46 4 0.6720631097508816 147.6299135
true 0.19453671445226112 204 8 2 0.46 1 0.6720631097508816 1.8668098
true 0.04871220890577593 1062 8 2 0.46 2 0.6720631097508816 15.3328186
true 0.031263171919516664 1497 8 2 0.46 3 0.6720631097508816 34.3202216
true 0.00398975706146415 4314 8 2 0.46 4 0.6720631097508816 114.9194834
true 0.3308121535660584 483 8 3 0.46 1 0.6720631097508816 4.3531721
true 0.04860640119298452 728 8 3 0.46 2 0.6720631097508816 10.9610257
true 0.025871165349541442 5423 8 3 0.46 3 0.6720631097508816 109.4484999
true 0.02392402325959155 8067 8 3 0.46 4 0.6720631097508816 201.2915893
true 0.20551777766564217 262 8 4 0.46 1 0.6720631097508816 2.3435534
true 0.043976622996773906 542 8 4 0.46 2 0.6720631097508816 9.1079361
true 0.029714328168760643 2561 8 4 0.46 3 0.6720631097508816 52.291144
true 0.009087083775393495 4764 8 4 0.46 4 0.6720631097508816 126.4040613
true 0.1815632440302064 269 8 5 0.46 1 0.6720631097508816 2.5064573
true 0.012458137872331876 725 8 5 0.46 2 0.6720631097508816 11.1333047
true 0.02697694956647213 4891 8 5 0.46 3 0.6720631097508816 100.7863748
true 0.002162569628576838 15309 8 5 0.46 4 0.6720631097508816 388.5430336
true 0.2882247079029298 193 8 6 0.46 1 0.6720631097508816 1.8569995
true 0.010480884984837596 968 8 6 0.46 2 0.6720631097508816 14.3355506
true 0.13254807067202432 6073 8 6 0.46 3 0.6720631097508816 122.5689313
true 0.009167531996975786 10337 8 6 0.46 4 0.6720631097508816 269.5145487
true 0.3809977274338046 190 8 7 0.46 1 0.6720631097508816 2.0027606
true 0.14517661958705616 1474 8 7 0.46 2 0.6720631097508816 21.539361
true 0.00023051435606685766 8717 8 7 0.46 3 0.6720631097508816 179.4876301
true 0.03723563714958026 22541 8 7 0.46 4 0.6720631097508816 594.0789798
true 0.2938815574218933 263 8 8 0.46 1 0.6720631097508816 2.497702
true 0.009157125423142828 3308 8 8 0.46 2 0.6720631097508816 50.4726272
true 0.00021407075408810122 6486 8 8 0.46 3 0.6720631097508816 125.4742302
true 0.006603416607769551 6733 8 8 0.46 4 0.6720631097508816 169.5924142
true 0.07840337209067755 167 8 1 0.47 1 0.6339212805324497 1.5987919
true 0.02379470732111566 1808 8 1 0.47 2 0.6339212805324497 26.6112798
true 0.012700563071110782 3233 8 1 0.47 3 0.6339212805324497 65.6703929
true 0.004571735197595683 12761 8 1 0.47 4 0.6339212805324497 335.3853668
true 0.16179641398328543 191 8 2 0.47 1 0.6339212805324497 1.8272721
true 0.012808382544186092 766 8 2 0.47 2 0.6339212805324497 12.0854523
true 0.02647785287517293 3941 8 2 0.47 3 0.6339212805324497 83.8025778
true 0.010770270467683724 6909 8 2 0.47 4 0.6339212805324497 190.2283101
true 0.35040799085656976 148 8 3 0.47 1 0.6339212805324497 1.4486379
true 0.012974943354874294 842 8 3 0.47 2 0.6339212805324497 13.8111367
true 0.02801478763702921 3724 8 3 0.47 3 0.6339212805324497 75.9035904
true 0.023073616148822307 5519 8 3 0.47 4 0.6339212805324497 148.9489459
true 0.17050307031004686 193 8 4 0.47 1 0.6339212805324497 1.7998104
true 0.012107906329880208 1074 8 4 0.47 2 0.6339212805324497 15.8424294
true 0.0003223280132673284 9133 8 4 0.47 3 0.6339212805324497 178.3082183
true 0.04560121609840505 7311 8 4 0.47 4 0.6339212805324497 193.2108551
true 0.24487110320447164 219 8 5 0.47 1 0.6339212805324497 2.2978243
true 0.012119636647881692 641 8 5 0.47 2 0.6339212805324497 10.7114011
true 0.033291797964987914 5032 8 5 0.47 3 0.6339212805324497 104.7378739
true 0.08391101554510455 5261 8 5 0.47 4 0.6339212805324497 137.6589623
true 0.1623293164682825 257 8 6 0.47 1 0.6339212805324497 2.3790914
true 0.010343371841955514 909 8 6 0.47 2 0.6339212805324497 14.4478975
true 0.00044531628276974394 10536 8 6 0.47 3 0.6339212805324497 200.1811549
true 0.006412862671361402 16115 8 6 0.47 4 0.6339212805324497 410.382218
true 0.35800142029559595 170 8 7 0.47 1 0.6339212805324497 1.8490027
true 0.010182226323548085 1201 8 7 0.47 2 0.6339212805324497 18.6288616
true 0.0002903307019987184 5057 8 7 0.47 3 0.6339212805324497 102.3995506
true 0.0091111657914497 18923 8 7 0.47 4 0.6339212805324497 516.9508993
true 0.17177051777440266 335 8 8 0.47 1 0.6339212805324497 3.4037471
true 0.14556042352275722 3138 8 8 0.47 2 0.6339212805324497 45.9649485
true 0.10073640469242945 4172 8 8 0.47 3 0.6339212805324497 87.1927961
true 0.00022417335076531375 9586 8 8 0.47 4 0.6339212805324497 249.2306176
true 0.08982509485002199 228 8 1 0.48 1 0.6665514341886835 2.0467638
true 0.027208873533661637 1375 8 1 0.48 2 0.6665514341886835 19.7249549
true 0.014129797282502743 7522 8 1 0.48 3 0.6665514341886835 155.0443129
true 0.009491412353433593 8311 8 1 0.48 4 0.6665514341886835 222.7931128
true 0.18982629793941808 158 8 2 0.48 1 0.6665514341886835 1.5034472
true 0.04295716365846125 2490 8 2 0.48 2 0.6665514341886835 35.4530631
true 0.028065998648657275 2038 8 2 0.48 3 0.6665514341886835 42.0951985
true 0.020757401337335585 4525 8 2 0.48 4 0.6665514341886835 119.8557744
true 0.21887574429150494 254 8 3 0.48 1 0.6665514341886835 2.2865868
true 0.04474544361177777 921 8 3 0.48 2 0.6665514341886835 13.8332283
true 0.136586334892288 7813 8 3 0.48 3 0.6665514341886835 161.1254418
true 0.0001441946539358363 15200 8 3 0.48 4 0.6665514341886835 399.5237156
true 0.20033469011942856 228 8 4 0.48 1 0.6665514341886835 2.1714245
true 0.013337511235779517 1263 8 4 0.48 2 0.6665514341886835 18.6382459
true 0.03175417108935549 5351 8 4 0.48 3 0.6665514341886835 111.1573614
true 0.09730017414345053 6702 8 4 0.48 4 0.6665514341886835 172.7958021
true 0.1783022108803683 226 8 5 0.48 1 0.6665514341886835 2.1208801
true 0.013408746482208111 876 8 5 0.48 2 0.6665514341886835 12.9711848
true 0.028358872242197707 4626 8 5 0.48 3 0.6665514341886835 90.8432105
true 0.08529535281828785 10030 8 5 0.48 4 0.6665514341886835 271.9971115
true 0.2629260394277779 451 8 6 0.48 1 0.6665514341886835 4.0367977
true 0.011311981163538867 679 8 6 0.48 2 0.6665514341886835 11.5264405
true 0.09508879186549966 5620 8 6 0.48 3 0.6665514341886835 120.3676282
true 0.0425701934777381 8983 8 6 0.48 4 0.6665514341886835 225.2077335
true 0.3172550451515921 286 8 7 0.48 1 0.6665514341886835 2.6567925
true 0.011109395090897431 1739 8 7 0.48 2 0.6665514341886835 25.3302143
true 0.0005687451432277128 6826 8 7 0.48 3 0.6665514341886835 133.7728365
true 0.00012801496678848428 29758 8 7 0.48 4 0.6665514341886835 743.697515
true 0.2971283699280741 251 8 8 0.48 1 0.6665514341886835 2.3039606
true 0.009857586470123074 1147 8 8 0.48 2 0.6665514341886835 15.9803893
true 0.11292366214358916 6581 8 8 0.48 3 0.6665514341886835 126.8885492
true 0.11717556060999466 15064 8 8 0.48 4 0.6665514341886835 375.8666578
true 0.09994872705704538 147 8 1 0.49 1 0.6893045031005157 1.4248328
true 0.030468864952979013 543 8 1 0.49 2 0.6893045031005157 8.7198577
true 0.007545666295122766 889 8 1 0.49 3 0.6893045031005157 21.1407259
true 0.01482274553473295 9636 8 1 0.49 4 0.6893045031005157 240.3659176
true 0.24367392861044632 160 8 2 0.49 1 0.6893045031005157 1.4831379
true 0.015501809309095255 1575 8 2 0.49 2 0.6893045031005157 21.9390452
true 0.00722486774546105 1965 8 2 0.49 3 0.6893045031005157 37.6798107
true 0.021665365175474238 7790 8 2 0.49 4 0.6893045031005157 194.5335727
true 0.2799810421302759 189 8 3 0.49 1 0.6893045031005157 1.8101141
true 0.059110013218075595 952 8 3 0.49 2 0.6893045031005157 13.8120098
true 0.03321264569501503 5716 8 3 0.49 3 0.6893045031005157 111.7253982
true 0.013717846735352498 2255 8 3 0.49 4 0.6893045031005157 58.6227737
true 0.25118590269197716 232 8 4 0.49 1 0.6893045031005157 2.0972299
true 0.0547795311544373 1188 8 4 0.49 2 0.6893045031005157 15.9819047
true 0.035747468778954544 2477 8 4 0.49 3 0.6893045031005157 48.1042087
true 0.010443407536463944 2597 8 4 0.49 4 0.6893045031005157 69.6165981
true 0.23103709521822316 265 8 5 0.49 1 0.6893045031005157 2.4121102
true 0.01441001082887502 718 8 5 0.49 2 0.6893045031005157 10.962605
true 0.041938652026730625 7923 8 5 0.49 3 0.6893045031005157 150.9481724
true 0.012054264835614314 19726 8 5 0.49 4 0.6893045031005157 579.3999177
true 0.24645523645378944 259 8 6 0.49 1 0.6893045031005157 2.7049689
true 0.012057092889386703 1944 8 6 0.49 2 0.6893045031005157 30.5438249
true 0.03259956943847775 11467 8 6 0.49 3 0.6893045031005157 262.0837778
true 0.00961335595601992 7374 8 6 0.49 4 0.6893045031005157 215.7048333
true 0.3084421474566585 304 8 7 0.49 1 0.6893045031005157 3.254631
true 0.1742383298897761 2956 8 7 0.49 2 0.6893045031005157 50.8685736
true 0.0002826645007049338 6752 8 7 0.49 3 0.6893045031005157 142.8893942
true 0.03843637524112028 12571 8 7 0.49 4 0.6893045031005157 360.5960995
true 0.2794153971238129 259 8 8 0.49 1 0.6893045031005157 2.905003
true 0.2425880283666622 3220 8 8 0.49 2 0.6893045031005157 54.0600844
true 0.00040481656238903346 5964 8 8 0.49 3 0.6893045031005157 133.5619599
true 0.0001751867787160577 22086 8 8 0.49 4 0.6893045031005157 571.658048
true 0.10397564467949161 141 8 1 0.5 1 0.6885114446946737 1.4297807
true 0.03190616208879715 1323 8 1 0.5 2 0.6885114446946737 18.6234093
true 0.018616326388324833 1057 8 1 0.5 3 0.6885114446946737 24.1162339
true 0.015317420467551635 4268 8 1 0.5 4 0.6885114446946737 113.3460392
true 0.23756304632989145 187 8 2 0.5 1 0.6885114446946737 1.7072105
true 0.05078256731641234 858 8 2 0.5 2 0.6885114446946737 12.9824696
true 0.013580276184904733 6898 8 2 0.5 3 0.6885114446946737 142.8644419
true 0.014090216307555553 6996 8 2 0.5 4 0.6885114446946737 180.9057583
true 0.27779601470207543 284 8 3 0.5 1 0.6885114446946737 2.5354758
true 0.062205575936867784 671 8 3 0.5 2 0.6885114446946737 10.5867989
true 0.02335725383167936 8422 8 3 0.5 3 0.6885114446946737 173.39895
true 0.016344769539677544 12523 8 3 0.5 4 0.6885114446946737 315.3089494
true 0.25210504149380786 188 8 4 0.5 1 0.6885114446946737 1.9265967
true 0.0637882891081865 1826 8 4 0.5 2 0.6885114446946737 26.2553049
true 0.000504796948582617 6569 8 4 0.5 3 0.6885114446946737 122.4032963
true 0.011264219957302951 9824 8 4 0.5 4 0.6885114446946737 265.9717044
true 0.22543781289927045 280 8 5 0.5 1 0.6885114446946737 2.4699725
true 0.12421686446994495 1251 8 5 0.5 2 0.6885114446946737 19.2125403
true 0.2035601371357909 2025 8 5 0.5 3 0.6885114446946737 43.0653163
true 0.02435091482004572 3218 8 5 0.5 4 0.6885114446946737 90.3796815
true 0.24569777926744996 165 8 6 0.5 1 0.6885114446946737 1.7328351
true 0.12185266510002822 1742 8 6 0.5 2 0.6885114446946737 25.2703148
true 0.11809398967152879 4667 8 6 0.5 3 0.6885114446946737 94.7268223
true 0.007274396454631293 20840 8 6 0.5 4 0.6885114446946737 524.6234088
true 0.26483236225968426 199 8 7 0.5 1 0.6885114446946737 2.0029966
true 0.18088204167697924 2162 8 7 0.5 2 0.6885114446946737 30.6780321
true 0.15288555742961446 5817 8 7 0.5 3 0.6885114446946737 124.5249537
true 0.005376426612820427 10542 8 7 0.5 4 0.6885114446946737 257.2432959
true 0.3279423998131723 325 8 8 0.5 1 0.6885114446946737 3.0101277
true 0.1319255371010653 1442 8 8 0.5 2 0.6885114446946737 23.1310964
true 0.19889926400244323 8857 8 8 0.5 3 0.6885114446946737 178.8752262
true 0.0027801854566546144 18957 8 8 0.5 4 0.6885114446946737 546.6719994
true 0.10799226334754536 160 8 1 0.51 1 0.6867094058674592 1.3878321
true 0.01739931642028908 2115 8 1 0.51 2 0.6867094058674592 30.6348401
true 0.030894145097407177 3428 8 1 0.51 3 0.6867094058674592 227.2860833
true 0.009552625195366982 8399 8 1 0.51 4 0.6867094058674592 758.4286557
true 0.23116596984319404 159 8 2 0.51 1 0.6867094058674592 5.443241
true 0.05014518313288757 1442 8 2 0.51 2 0.6867094058674592 72.6333092
true 0.039933546637368394 3200 8 2 0.51 3 0.6867094058674592 238.0566202
true 0.019845313278978316 9901 8 2 0.51 4 0.6867094058674592 885.6545129
true 0.2619312939191431 174 8 3 0.51 1 0.6867094058674592 6.0683266
true 0.06503827843685288 501 8 3 0.51 2 0.6867094058674592 30.2915709
true 0.00956282035239294 1766 8 3 0.51 3 0.6867094058674592 131.1492529
true 0.01461770587044279 5620 8 3 0.51 4 0.6867094058674592 538.1861714
true 0.30544499700603767 206 8 4 0.51 1 0.6867094058674592 6.9025647
true 0.015368591057198719 1497 8 4 0.51 2 0.6867094058674592 78.8388198
true 0.1460056116714201 2273 8 4 0.51 3 0.6867094058674592 173.8985328
true 0.05062850568787769 13243 8 4 0.51 4 0.6867094058674592 1224.64621
true 0.2603873273691545 214 8 5 0.51 1 0.6867094058674592 7.1642722
true 0.15605027680775202 962 8 5 0.51 2 0.6867094058674592 53.551854
true 0.00035470060701110474 6004 8 5 0.51 3 0.6867094058674592 421.3690346
true 0.008978161334896251 5645 8 5 0.51 4 0.6867094058674592 474.1922724
true 0.2325865915820732 187 8 6 0.51 1 0.6867094058674592 1.9166216
true 0.14135121983796436 2767 8 6 0.51 2 0.6867094058674592 39.5661273
true 0.04620370345384686 8246 8 6 0.51 3 0.6867094058674592 163.2155475
true 0.010269844931738695 18856 8 6 0.51 4 0.6867094058674592 448.2236829
true 0.29559164688877043 544 8 7 0.51 1 0.6867094058674592 4.7803264
true 0.01260419222425244 1425 8 7 0.51 2 0.6867094058674592 20.0095067
true 0.09255907461174741 4474 8 7 0.51 3 0.6867094058674592 88.1362694
true 0.11385722340011517 9039 8 7 0.51 4 0.6867094058674592 234.5204644
true 0.3211025626234931 381 8 8 0.51 1 0.6867094058674592 3.5509269
true 0.3154322689091008 2231 8 8 0.51 2 0.6867094058674592 31.5704957
true 0.00048797775893617834 9712 8 8 0.51 3 0.6867094058674592 177.8014642
true 0.014301862136797183 22928 8 8 0.51 4 0.6867094058674592 583.1935451
true 0.1125051591098511 150 8 1 0.52 1 0.686465557464803 1.4279095
true 0.01807328728806057 1482 8 1 0.52 2 0.686465557464803 21.8999831
true 0.016646674791013893 4245 8 1 0.52 3 0.686465557464803 82.7188351
true 0.009055332323251564 11975 8 1 0.52 4 0.686465557464803 294.3081438
true 0.24174853168667323 216 8 2 0.52 1 0.686465557464803 2.1032617
true 0.05647888833317416 1010 8 2 0.52 2 0.686465557464803 14.642357
true 0.035522940863860236 2089 8 2 0.52 3 0.686465557464803 41.9642885
true 0.011895538761225843 3979 8 2 0.52 4 0.686465557464803 99.2183345
true 0.27247973159635835 262 8 3 0.52 1 0.686465557464803 2.1516728
true 0.06836681706848545 1296 8 3 0.52 2 0.686465557464803 17.7382126
true 0.030341306589979595 4222 8 3 0.52 3 0.686465557464803 85.140451
true 0.026680867202794962 7881 8 3 0.52 4 0.686465557464803 196.063403
true 0.25604456486764765 340 8 4 0.52 1 0.686465557464803 2.8686328
true 0.07049520179937634 1660 8 4 0.52 2 0.686465557464803 24.1308109
true 0.00036722208490119757 5825 8 4 0.52 3 0.686465557464803 113.1660706
true 0.01159161395930458 2917 8 4 0.52 4 0.686465557464803 75.8139539
true 0.23065542543381956 312 8 5 0.52 1 0.686465557464803 2.8218275
true 0.015942108773915987 1242 8 5 0.52 2 0.686465557464803 17.3051705
true 0.04767242005374093 4821 8 5 0.52 3 0.686465557464803 96.5113579