g_converged min_loss iter nsites nqubits0 h nlayers SvN time
true 4.41856914945582e-8 165 8 1 0.0 1 0.0 8.9429873
true 4.627170763216171e-8 337 8 1 0.0 2 0.0 5.3628886
true 8.556692552286194e-7 1398 8 1 0.0 3 0.0 24.2050218
true 2.4027386319458444e-7 897 8 1 0.0 4 0.0 29.4379167
true 2.4550100377607187e-7 330 8 2 0.0 1 0.0 2.1255588
true 2.0619425998791296e-5 746 8 2 0.0 2 0.0 9.9033709
true 8.34361002510775e-8 672 8 2 0.0 3 0.0 16.0931498
true 3.6063272142727865e-6 2324 8 2 0.0 4 0.0 54.6427616
true 2.1773200790479544e-7 169 8 3 0.0 1 0.0 1.1520165
true 1.7625440258776475e-6 568 8 3 0.0 2 0.0 6.5735084
true 1.0778501716324218e-5 1707 8 3 0.0 3 0.0 28.5680754
true 1.1705378767360811e-5 3114 8 3 0.0 4 0.0 69.6638778
true 0.2500000614858331 225 8 4 0.0 1 0.0 1.5029333
true 2.8383714217872225e-7 942 8 4 0.0 2 0.0 10.8307184
true 1.8952250105327972e-5 1318 8 4 0.0 3 0.0 23.5475522
true 4.2927832408529154e-5 2741 8 4 0.0 4 0.0 61.2161226
true 0.20000017816255147 402 8 5 0.0 1 0.0 2.7032979
true 1.2843714787269532e-7 784 8 5 0.0 2 0.0 9.0616057
true 1.2285201507311605e-6 1151 8 5 0.0 3 0.0 21.2177248
true 7.082848125450347e-6 1276 8 5 0.0 4 0.0 35.1178455
true 0.1666668453800492 249 8 6 0.0 1 0.0 1.6688145
true 1.524481536119282e-6 608 8 6 0.0 2 0.0 7.8269598
true 1.1133474402356494e-5 2182 8 6 0.0 3 0.0 38.6830966
true 1.549840048313082e-5 4016 8 6 0.0 4 0.0 86.4994693
true 0.2857144641987862 188 8 7 0.0 1 0.0 1.4220942
true 1.8069603523922823e-5 991 8 7 0.0 2 0.0 11.7722106
true 2.3840241120747547e-5 2397 8 7 0.0 3 0.0 40.2557467
true 6.254947978238747e-5 4029 8 7 0.0 4 0.0 88.3111924
true 0.12500070808239394 557 8 8 0.0 1 0.0 3.821839
true 3.2595997800713428e-6 1416 8 8 0.0 2 0.0 16.1550849
true 6.828599623323606e-7 1739 8 8 0.0 3 0.0 30.9770866
true 2.9239392116596485e-5 2446 8 8 0.0 4 0.0 58.6321683
true 8.148682861808254e-8 164 8 1 0.01 1 9.753221371305747e-10 1.1956164
true 1.9060506356582962e-7 919 8 1 0.01 2 9.753221371305747e-10 12.0355525
true 3.0264099609711437e-6 1278 8 1 0.01 3 9.753221371305747e-10 24.780753
true 1.956640906564111e-5 2268 8 1 0.01 4 9.753221371305747e-10 57.0758091
true 2.3946627189519454e-7 242 8 2 0.01 1 9.753221371305747e-10 1.640138
true 4.5742985319563445e-6 722 8 2 0.01 2 9.753221371305747e-10 8.8326418
true 1.8603190516108814e-6 1044 8 2 0.01 3 9.753221371305747e-10 21.4555985
true 1.9911778256387347e-5 4420 8 2 0.01 4 9.753221371305747e-10 95.1247575
true 4.99254788066672e-7 149 8 3 0.01 1 9.753221371305747e-10 1.0830779
true 4.387662721113313e-7 743 8 3 0.01 2 9.753221371305747e-10 9.6411975
true 2.75925602477578e-7 1008 8 3 0.01 3 9.753221371305747e-10 20.3377636
true 1.9335928034602823e-5 3640 8 3 0.01 4 9.753221371305747e-10 84.9433614
true 1.1045031671208516e-7 224 8 4 0.01 1 9.753221371305747e-10 1.5043379
true 2.6687243790526893e-5 958 8 4 0.01 2 9.753221371305747e-10 11.0631055
true 1.0450936099415387e-5 2129 8 4 0.01 3 9.753221371305747e-10 35.5910758
true 1.1311657000995234e-5 2068 8 4 0.01 4 9.753221371305747e-10 47.5764878
true 3.4084541210566145e-7 417 8 5 0.01 1 9.753221371305747e-10 2.4953593
true 4.933982124866177e-7 2140 8 5 0.01 2 9.753221371305747e-10 23.7971047
true 5.697962643447241e-6 1130 8 5 0.01 3 9.753221371305747e-10 21.3336335
true 7.318413662011913e-5 3218 8 5 0.01 4 9.753221371305747e-10 70.5961083
true 0.16666690457619912 277 8 6 0.01 1 9.753221371305747e-10 1.7890942
true 5.949840775953952e-6 1010 8 6 0.01 2 9.753221371305747e-10 11.590918
true 3.11183903877373e-5 1445 8 6 0.01 3 9.753221371305747e-10 26.8261023
true 6.862776595981113e-5 4539 8 6 0.01 4 9.753221371305747e-10 99.9661079
true 0.14285739918496673 193 8 7 0.01 1 9.753221371305747e-10 1.5084734
true 5.580803238583851e-7 2103 8 7 0.01 2 9.753221371305747e-10 24.3247312
true 1.4678413241550217e-5 2633 8 7 0.01 3 9.753221371305747e-10 45.1883193
true 1.6903575782140872e-5 1825 8 7 0.01 4 9.753221371305747e-10 44.8159698
true 7.475393352107673e-7 302 8 8 0.01 1 9.753221371305747e-10 2.0178363
true 2.0236571190365704e-6 1675 8 8 0.01 2 9.753221371305747e-10 18.6017778
true 7.942716158802765e-6 7593 8 8 0.01 3 9.753221371305747e-10 122.0714776
true 2.0600290683570055e-6 5405 8 8 0.01 4 9.753221371305747e-10 120.4220922
true 9.84533320980141e-8 151 8 1 0.02 1 1.3876094621442088e-8 1.0067305
true 1.9412842748256498e-5 361 8 1 0.02 2 1.3876094621442088e-8 5.0407544
true 3.947398726289464e-5 855 8 1 0.02 3 1.3876094621442088e-8 18.5182033
true 6.105079970020189e-5 1946 8 1 0.02 4 1.3876094621442088e-8 47.1016141
true 2.3422990183541437e-7 152 8 2 0.02 1 1.3876094621442088e-8 1.1270511
true 1.4029296932505098e-7 396 8 2 0.02 2 1.3876094621442088e-8 5.3433735
true 1.375247723756079e-7 1402 8 2 0.02 3 1.3876094621442088e-8 26.3041523
true 5.920577670825988e-5 3218 8 2 0.02 4 1.3876094621442088e-8 71.5370871
true 2.1539080609829972e-7 244 8 3 0.02 1 1.3876094621442088e-8 1.6437734
true 2.793187542186419e-7 508 8 3 0.02 2 1.3876094621442088e-8 7.27919
true 2.03967885690585e-6 1070 8 3 0.02 3 1.3876094621442088e-8 21.3096856
true 1.9144113772943485e-6 1808 8 3 0.02 4 1.3876094621442088e-8 46.181577
true 0.2500003521115871 167 8 4 0.02 1 1.3876094621442088e-8 1.2349366
true 7.046672190202941e-7 1059 8 4 0.02 2 1.3876094621442088e-8 13.4115628
true 2.1954296060638923e-5 1436 8 4 0.02 3 1.3876094621442088e-8 26.481169
true 6.952191171430422e-6 3832 8 4 0.02 4 1.3876094621442088e-8 84.8503581
true 1.9627147594958317e-7 274 8 5 0.02 1 1.3876094621442088e-8 1.7895416
true 5.477503430939557e-7 518 8 5 0.02 2 1.3876094621442088e-8 6.8669181
true 0.00012766371315517944 1835 8 5 0.02 3 1.3876094621442088e-8 32.6002114
true 5.832834858199299e-6 6420 8 5 0.02 4 1.3876094621442088e-8 142.8010357
true 0.16666684840068935 615 8 6 0.02 1 1.3876094621442088e-8 3.9945513
true 3.3871315569071006e-6 1386 8 6 0.02 2 1.3876094621442088e-8 16.0205248
true 1.3191863619023877e-5 2484 8 6 0.02 3 1.3876094621442088e-8 41.5652182
true 2.3762550968929135e-5 7597 8 6 0.02 4 1.3876094621442088e-8 163.4555233
true 3.280885644512439e-7 383 8 7 0.02 1 1.3876094621442088e-8 2.6846645
true 3.8321211232832706e-7 2328 8 7 0.02 2 1.3876094621442088e-8 25.8983695
true 9.812747368361954e-5 1169 8 7 0.02 3 1.3876094621442088e-8 21.6426437
true 0.142872036675058 2938 8 7 0.02 4 1.3876094621442088e-8 68.2274314
true 0.12500055863274065 425 8 8 0.02 1 1.3876094621442088e-8 2.9098712
true 6.331733792823424e-6 1729 8 8 0.02 2 1.3876094621442088e-8 19.9569003
true 1.889511249027892e-5 2663 8 8 0.02 3 1.3876094621442088e-8 46.7236157
true 2.149715860176593e-6 3601 8 8 0.02 4 1.3876094621442088e-8 80.4327058
true 1.1059966503745855e-7 172 8 1 0.03 1 6.514499921251558e-8 1.1442797
true 9.462183175878991e-8 348 8 1 0.03 2 6.514499921251558e-8 4.9550753
true 7.477672825384474e-8 656 8 1 0.03 3 6.514499921251558e-8 14.0706837
true 9.347166460338396e-6 1613 8 1 0.03 4 6.514499921251558e-8 38.774166
true 2.57760212368785e-7 321 8 2 0.03 1 6.514499921251558e-8 1.9898109
true 9.329493072529615e-8 560 8 2 0.03 2 6.514499921251558e-8 6.6769079
true 1.7726932004247242e-6 1392 8 2 0.03 3 6.514499921251558e-8 26.0603079
true 6.414702797552518e-7 1635 8 2 0.03 4 6.514499921251558e-8 45.503449
true 5.917618540185465e-7 167 8 3 0.03 1 6.514499921251558e-8 1.1502548
true 5.873443059276987e-5 574 8 3 0.03 2 6.514499921251558e-8 8.0202077
true 1.9926949903862714e-6 2192 8 3 0.03 3 6.514499921251558e-8 36.1318924
true 8.637243913700576e-6 1384 8 3 0.03 4 6.514499921251558e-8 34.4901385
true 0.25000016648996676 252 8 4 0.03 1 6.514499921251558e-8 1.6384689
true 1.1839372682093119e-6 1114 8 4 0.03 2 6.514499921251558e-8 12.0610036
true 3.3952418173471832e-6 1008 8 4 0.03 3 6.514499921251558e-8 18.3395015
true 5.342502869426502e-5 1277 8 4 0.03 4 6.514499921251558e-8 33.1382418
true 0.40000032483161857 138 8 5 0.03 1 6.514499921251558e-8 0.9383254
true 1.2904814551406573e-7 632 8 5 0.03 2 6.514499921251558e-8 7.3676249
true 1.7794612623078798e-5 1331 8 5 0.03 3 6.514499921251558e-8 24.0364439
true 5.311418538322954e-7 2606 8 5 0.03 4 6.514499921251558e-8 57.3405059
true 1.6236575232457065e-7 317 8 6 0.03 1 6.514499921251558e-8 2.0487189
true 6.009112012215582e-6 972 8 6 0.03 2 6.514499921251558e-8 11.2833138
true 1.2521150733413311e-5 1322 8 6 0.03 3 6.514499921251558e-8 23.0275645
true 2.2058021413381052e-5 3710 8 6 0.03 4 6.514499921251558e-8 83.5064097
true 8.466671294853662e-7 259 8 7 0.03 1 6.514499921251558e-8 1.8010125
true 2.460708396569343e-6 739 8 7 0.03 2 6.514499921251558e-8 9.3210158
true 2.4222832374274994e-6 3833 8 7 0.03 3 6.514499921251558e-8 61.1741299
true 3.3050843993623745e-5 6425 8 7 0.03 4 6.514499921251558e-8 138.8239659
true 0.375002190605876 170 8 8 0.03 1 6.514499921251558e-8 1.2039691
true 2.6811164645465513e-5 875 8 8 0.03 2 6.514499921251558e-8 9.8179707
true 1.0763402650965093e-6 4353 8 8 0.03 3 6.514499921251558e-8 68.9842791
true 0.00010534437350426251 9510 8 8 0.03 4 6.514499921251558e-8 203.1334756
true 2.4410051213674677e-7 153 8 1 0.04 1 1.9450197052012196e-7 0.9532754
true 1.2014231820511867e-7 337 8 1 0.04 2 1.9450197052012196e-7 4.7706345
true 2.0289601351586306e-5 1713 8 1 0.04 3 1.9450197052012196e-7 28.4998519
true 3.8029036298348196e-6 1315 8 1 0.04 4 1.9450197052012196e-7 34.0240786
true 4.0063044767779665e-7 174 8 2 0.04 1 1.9450197052012196e-7 1.062649
true 2.062447223838415e-7 397 8 2 0.04 2 1.9450197052012196e-7 5.7097879
true 2.8551740370308387e-6 1079 8 2 0.04 3 1.9450197052012196e-7 20.6754511
true 1.356542121314086e-5 1609 8 2 0.04 4 1.9450197052012196e-7 40.7407752
true 0.333333435665214 277 8 3 0.04 1 1.9450197052012196e-7 1.7199623
true 3.226940201013958e-6 833 8 3 0.04 2 1.9450197052012196e-7 10.4347873
true 1.006222181872592e-6 1511 8 3 0.04 3 1.9450197052012196e-7 26.1239461
true 7.405151690379845e-6 2110 8 3 0.04 4 1.9450197052012196e-7 48.1351044
true 3.744576138331457e-7 264 8 4 0.04 1 1.9450197052012196e-7 1.547054
true 1.6497990652786232e-7 1161 8 4 0.04 2 1.9450197052012196e-7 12.7848131
true 4.5373935227965845e-6 1435 8 4 0.04 3 1.9450197052012196e-7 25.33268
true 2.5929094876558922e-5 3201 8 4 0.04 4 1.9450197052012196e-7 71.10034
true 0.20000033226570668 141 8 5 0.04 1 1.9450197052012196e-7 1.1697942
true 2.2679347958520779e-7 897 8 5 0.04 2 1.9450197052012196e-7 10.5153988
true 1.5104220285777625e-5 1787 8 5 0.04 3 1.9450197052012196e-7 30.9817259
true 9.560233789418504e-6 3955 8 5 0.04 4 1.9450197052012196e-7 86.1985991
true 4.948479373027374e-7 449 8 6 0.04 1 1.9450197052012196e-7 2.8042394
true 0.16667042460429982 966 8 6 0.04 2 1.9450197052012196e-7 11.1222261
true 0.1666686801097517 777 8 6 0.04 3 1.9450197052012196e-7 17.3325594
true 3.2351233964278414e-5 4969 8 6 0.04 4 1.9450197052012196e-7 101.8619584
true 0.14285757335244226 248 8 7 0.04 1 1.9450197052012196e-7 1.5380392
true 1.6093897012213278e-6 1690 8 7 0.04 2 1.9450197052012196e-7 19.199505
true 3.527862072071659e-5 1593 8 7 0.04 3 1.9450197052012196e-7 27.8327097
true 1.687168318372948e-5 2768 8 7 0.04 4 1.9450197052012196e-7 63.2188139
true 0.2500013728112693 235 8 8 0.04 1 1.9450197052012196e-7 1.5754567
true 1.1797886634024035e-6 2372 8 8 0.04 2 1.9450197052012196e-7 25.34546
true 0.12500080714861456 1372 8 8 0.04 3 1.9450197052012196e-7 24.6962923
true 1.2826148066275023e-5 4045 8 8 0.04 4 1.9450197052012196e-7 83.7403343
true 1.9658146599432769e-7 148 8 1 0.05 1 4.534186871824433e-7 0.950224
true 8.86959132806453e-8 625 8 1 0.05 2 4.534186871824433e-7 7.7770936
true 3.022387932927195e-6 1998 8 1 0.05 3 4.534186871824433e-7 34.7993183
true 1.0848105436167543e-7 951 8 1 0.05 4 4.534186871824433e-7 26.8742012
true 2.3847193317272364e-7 346 8 2 0.05 1 4.534186871824433e-7 2.0175425
true 2.362534000932559e-7 456 8 2 0.05 2 4.534186871824433e-7 6.4655978
true 8.78607256021846e-6 1547 8 2 0.05 3 4.534186871824433e-7 27.69944
true 2.0609540551524974e-5 2505 8 2 0.05 4 4.534186871824433e-7 57.9662614
true 2.790342049641126e-7 167 8 3 0.05 1 4.534186871824433e-7 1.1365335
true 7.37559894202026e-6 1159 8 3 0.05 2 4.534186871824433e-7 13.265392
true 1.1200950952861e-6 1182 8 3 0.05 3 4.534186871824433e-7 21.3319312
true 1.3182901348477808e-5 2140 8 3 0.05 4 4.534186871824433e-7 52.1130536
true 7.212660578514996e-8 321 8 4 0.05 1 4.534186871824433e-7 2.0146512
true 2.414531787287011e-7 999 8 4 0.05 2 4.534186871824433e-7 11.3075056
true 1.9808440686663875e-5 2084 8 4 0.05 3 4.534186871824433e-7 33.4450142
true 6.509203935245456e-6 2349 8 4 0.05 4 4.534186871824433e-7 55.317911
true 4.206377360094216e-7 206 8 5 0.05 1 4.534186871824433e-7 1.3399277
true 2.920542184758901e-7 867 8 5 0.05 2 4.534186871824433e-7 10.2847322
true 1.2210420355007745e-5 2120 8 5 0.05 3 4.534186871824433e-7 35.2264659
true 9.177100226664959e-6 2040 8 5 0.05 4 4.534186871824433e-7 46.8516711
true 3.760235519438086e-7 584 8 6 0.05 1 4.534186871824433e-7 3.6134805
true 3.535803120569003e-7 788 8 6 0.05 2 4.534186871824433e-7 9.0724754
true 7.858898947425233e-6 1821 8 6 0.05 3 4.534186871824433e-7 32.9374146
true 1.0386595503860303e-6 3944 8 6 0.05 4 4.534186871824433e-7 84.3605392
true 0.1428576295520041 648 8 7 0.05 1 4.534186871824433e-7 4.0701928
true 1.7405756017687044e-6 1683 8 7 0.05 2 4.534186871824433e-7 18.5532504
true 2.8935001895443894e-6 2095 8 7 0.05 3 4.534186871824433e-7 35.3919753
true 1.7822848207512836e-5 5385 8 7 0.05 4 4.534186871824433e-7 122.9858066
true 0.12500052286127125 307 8 8 0.05 1 4.534186871824433e-7 1.9749939
true 4.0522932093431385e-6 1492 8 8 0.05 2 4.534186871824433e-7 17.2695494
true 0.1250019184117725 1624 8 8 0.05 3 4.534186871824433e-7 28.9701438
true 4.380786911159507e-6 5461 8 8 0.05 4 4.534186871824433e-7 122.7286873
true 1.1208751554692142e-7 144 8 1 0.06 1 9.041374472960501e-7 0.9381166
true 4.069043025300978e-7 643 8 1 0.06 2 9.041374472960501e-7 7.5814269
true 5.214223249283556e-7 1004 8 1 0.06 3 9.041374472960501e-7 19.5217574
true 6.545098774068947e-7 1496 8 1 0.06 4 9.041374472960501e-7 36.3017679
true 1.882942985420577e-7 214 8 2 0.06 1 9.041374472960501e-7 1.3372946
true 1.2379396760464623e-7 515 8 2 0.06 2 9.041374472960501e-7 6.4676978
true 8.22617320600516e-6 1409 8 2 0.06 3 9.041374472960501e-7 25.7993251
true 2.434448300725478e-6 3256 8 2 0.06 4 9.041374472960501e-7 74.2335897
true 2.2422548569730102e-7 369 8 3 0.06 1 9.041374472960501e-7 2.2917367
true 3.5677752199629134e-6 948 8 3 0.06 2 9.041374472960501e-7 10.4153046
true 3.0804438103104737e-6 1945 8 3 0.06 3 9.041374472960501e-7 31.7791045
true 3.7137931663377977e-5 2035 8 3 0.06 4 9.041374472960501e-7 49.4879895
true 3.8057667376689697e-6 222 8 4 0.06 1 9.041374472960501e-7 1.4269518
true 4.919423829408132e-7 1288 8 4 0.06 2 9.041374472960501e-7 14.4819741
true 1.9611997810531356e-5 2464 8 4 0.06 3 9.041374472960501e-7 40.0109412
true 2.175132318170403e-5 2573 8 4 0.06 4 9.041374472960501e-7 57.7022709
true 0.20005271370682204 350 8 5 0.06 1 9.041374472960501e-7 2.3745967
true 1.1943870664832268e-6 1356 8 5 0.06 2 9.041374472960501e-7 15.9636804
true 5.2321026508317384e-6 1502 8 5 0.06 3 9.041374472960501e-7 26.0756723
true 3.349943147146206e-6 1885 8 5 0.06 4 9.041374472960501e-7 43.9540118
true 0.16666762636905597 271 8 6 0.06 1 9.041374472960501e-7 1.7742679
true 0.1666671678714806 574 8 6 0.06 2 9.041374472960501e-7 7.7898418
true 8.10219050268827e-6 1348 8 6 0.06 3 9.041374472960501e-7 23.5425441
true 2.0688535168150723e-5 3249 8 6 0.06 4 9.041374472960501e-7 71.914187
true 5.558812624175045e-7 282 8 7 0.06 1 9.041374472960501e-7 1.8637451
true 1.6570429964993646e-6 1165 8 7 0.06 2 9.041374472960501e-7 13.3081707
true 1.0522692220666613e-5 2013 8 7 0.06 3 9.041374472960501e-7 32.7639593
true 2.9968490983483294e-6 3285 8 7 0.06 4 9.041374472960501e-7 71.0420372
true 0.2500006018996249 373 8 8 0.06 1 9.041374472960501e-7 2.4371246
true 5.082937816001942e-6 2010 8 8 0.06 2 9.041374472960501e-7 22.114567
true 3.506050547767703e-5 4208 8 8 0.06 3 9.041374472960501e-7 68.4563779
true 7.222340358262885e-5 6683 8 8 0.06 4 9.041374472960501e-7 155.2438407
true 1.3387669184350415e-7 283 8 1 0.07 1 1.6189768904833955e-6 1.6464359
true 2.3004957422356753e-7 314 8 1 0.07 2 1.6189768904833955e-6 4.5787929
true 2.482499955491768e-5 1285 8 1 0.07 3 1.6189768904833955e-6 22.319975
true 2.202013716867679e-6 1013 8 1 0.07 4 1.6189768904833955e-6 28.9326353
true 2.492794916875152e-7 185 8 2 0.07 1 1.6189768904833955e-6 1.1218535
true 1.4793928545253632e-6 794 8 2 0.07 2 1.6189768904833955e-6 10.0415297
true 5.8975393045779256e-5 1186 8 2 0.07 3 1.6189768904833955e-6 22.3904074
true 3.577238423160822e-5 3005 8 2 0.07 4 1.6189768904833955e-6 69.8810692
true 3.749301742591212e-7 184 8 3 0.07 1 1.6189768904833955e-6 1.2003063
true 3.9472996676837013e-7 488 8 3 0.07 2 1.6189768904833955e-6 6.2826694
true 7.170156962610363e-7 1064 8 3 0.07 3 1.6189768904833955e-6 19.5391216
true 8.938011132146132e-7 1311 8 3 0.07 4 1.6189768904833955e-6 33.4686327
true 1.9657713910825603e-7 225 8 4 0.07 1 1.6189768904833955e-6 1.3584493
true 1.129216740447525e-6 508 8 4 0.07 2 1.6189768904833955e-6 6.6707936
true 1.2274861655892089e-5 3083 8 4 0.07 3 1.6189768904833955e-6 46.9330521
true 1.512296201405805e-6 1667 8 4 0.07 4 1.6189768904833955e-6 40.5027017
true 0.20000044612933846 497 8 5 0.07 1 1.6189768904833955e-6 3.0898272
true 8.210863115407641e-5 1037 8 5 0.07 2 1.6189768904833955e-6 11.7643892
true 0.20000484898119364 890 8 5 0.07 3 1.6189768904833955e-6 17.0400738
true 1.2815905112373295e-6 2580 8 5 0.07 4 1.6189768904833955e-6 58.2573592
true 6.424775055950219e-7 494 8 6 0.07 1 1.6189768904833955e-6 3.179379
true 1.0218618760974667e-6 1210 8 6 0.07 2 1.6189768904833955e-6 13.562356
true 1.6474289493177235e-5 1535 8 6 0.07 3 1.6189768904833955e-6 26.925346
true 2.48983672457385e-5 2006 8 6 0.07 4 1.6189768904833955e-6 46.7956515
true 0.14285802235370726 321 8 7 0.07 1 1.6189768904833955e-6 2.0492905
true 1.7362388950051662e-6 1541 8 7 0.07 2 1.6189768904833955e-6 18.4193019
true 0.14287190988048654 3200 8 7 0.07 3 1.6189768904833955e-6 55.1474943
true 9.390353846294719e-5 5682 8 7 0.07 4 1.6189768904833955e-6 129.4324693
true 0.250001140568593 372 8 8 0.07 1 1.6189768904833955e-6 2.6314466
true 2.792794513657715e-6 2192 8 8 0.07 2 1.6189768904833955e-6 26.2126701
true 0.12500410423855204 2454 8 8 0.07 3 1.6189768904833955e-6 41.64505
true 2.0237365941193353e-5 5315 8 8 0.07 4 1.6189768904833955e-6 120.4587313
true 3.3356667328288125e-7 220 8 1 0.08 1 2.6798230228707025e-6 1.4011482
true 4.410309433766635e-7 421 8 1 0.08 2 2.6798230228707025e-6 5.779083
true 7.163824475187042e-6 643 8 1 0.08 3 2.6798230228707025e-6 15.5176706
true 5.8699184275479155e-6 1164 8 1 0.08 4 2.6798230228707025e-6 29.8452473
true 3.605998053490822e-7 211 8 2 0.08 1 2.6798230228707025e-6 1.310576
true 3.9365014864456427e-7 661 8 2 0.08 2 2.6798230228707025e-6 8.7532139
true 4.686580291324294e-5 2866 8 2 0.08 3 2.6798230228707025e-6 50.7857809
true 5.15835947012544e-7 1293 8 2 0.08 4 2.6798230228707025e-6 36.0087907
true 3.985329399269766e-7 200 8 3 0.08 1 2.6798230228707025e-6 1.4157696
true 4.4736992901861505e-6 686 8 3 0.08 2 2.6798230228707025e-6 8.9510025
true 2.928130592994016e-7 917 8 3 0.08 3 2.6798230228707025e-6 20.0180548
true 9.558823379200257e-6 2574 8 3 0.08 4 2.6798230228707025e-6 59.6322823
true 0.2500004378216513 213 8 4 0.08 1 2.6798230228707025e-6 1.3632921
true 1.5990073967547813e-6 1526 8 4 0.08 2 2.6798230228707025e-6 18.1165102
true 8.366648223123718e-7 2383 8 4 0.08 3 2.6798230228707025e-6 43.2518424
true 6.163786722271358e-5 2905 8 4 0.08 4 2.6798230228707025e-6 68.6876731
true 0.20000047307903923 234 8 5 0.08 1 2.6798230228707025e-6 1.574715
true 0.20000094574394156 391 8 5 0.08 2 2.6798230228707025e-6 5.9025459
true 1.1996552153004104e-6 1210 8 5 0.08 3 2.6798230228707025e-6 24.8009034
true 0.00010672480978044519 2061 8 5 0.08 4 2.6798230228707025e-6 55.7175971
true 9.531073566215742e-7 315 8 6 0.08 1 2.6798230228707025e-6 2.0593369
true 1.7793123879746482e-6 1422 8 6 0.08 2 2.6798230228707025e-6 16.7589344
true 2.6373138010867456e-6 2819 8 6 0.08 3 2.6798230228707025e-6 50.9090934
true 2.7317382434684696e-5 4428 8 6 0.08 4 2.6798230228707025e-6 105.366168
true 0.2857155381095013 182 8 7 0.08 1 2.6798230228707025e-6 1.3591182
true 0.00011308992553558741 922 8 7 0.08 2 2.6798230228707025e-6 12.5375103
true 1.1418746243766328e-5 1482 8 7 0.08 3 2.6798230228707025e-6 27.1135507
true 1.8752631723414508e-5 3179 8 7 0.08 4 2.6798230228707025e-6 75.9201492
true 0.2500012135616184 433 8 8 0.08 1 2.6798230228707025e-6 3.0038094
true 4.56419809692632e-6 2597 8 8 0.08 2 2.6798230228707025e-6 29.8901188
true 3.0551184665529585e-5 2300 8 8 0.08 3 2.6798230228707025e-6 39.5042601
true 2.5613697668770696e-5 3806 8 8 0.08 4 2.6798230228707025e-6 83.1165367
true 5.390429446139322e-7 145 8 1 0.09 1 4.177754222831366e-6 0.9735983
true 1.6187894356645138e-6 785 8 1 0.09 2 4.177754222831366e-6 10.0711291
true 8.35131333976058e-7 770 8 1 0.09 3 4.177754222831366e-6 17.0422389
true 1.277126183973909e-6 917 8 1 0.09 4 4.177754222831366e-6 27.1422739
true 5.57643567350441e-7 204 8 2 0.09 1 4.177754222831366e-6 1.431383
true 5.49220106171866e-7 385 8 2 0.09 2 4.177754222831366e-6 6.0723386
true 1.3491177145108502e-5 907 8 2 0.09 3 4.177754222831366e-6 19.5478318
true 1.1058229182570045e-5 1125 8 2 0.09 4 4.177754222831366e-6 29.9696107
true 4.855327749668051e-7 227 8 3 0.09 1 4.177754222831366e-6 1.3877845
true 1.7980667858149186e-6 860 8 3 0.09 2 4.177754222831366e-6 10.0965791
true 1.8246605102782236e-6 1335 8 3 0.09 3 4.177754222831366e-6 24.5531508
true 1.3988230573266e-5 3998 8 3 0.09 4 4.177754222831366e-6 93.6006795
true 6.984057123737841e-7 244 8 4 0.09 1 4.177754222831366e-6 1.5787698
true 3.792847326850035e-6 1356 8 4 0.09 2 4.177754222831366e-6 15.7357644
true 2.20480084650726e-5 927 8 4 0.09 3 4.177754222831366e-6 19.2164583
true 2.2283101621861645e-5 3049 8 4 0.09 4 4.177754222831366e-6 72.4843363
true 4.798738320599405e-7 442 8 5 0.09 1 4.177754222831366e-6 3.244905
true 1.1676620637501855e-6 719 8 5 0.09 2 4.177754222831366e-6 9.3772974
true 0.20009021570603816 1051 8 5 0.09 3 4.177754222831366e-6 21.7196278
true 2.1549782002217023e-5 2882 8 5 0.09 4 4.177754222831366e-6 71.9984737
true 0.16666807517514157 475 8 6 0.09 1 4.177754222831366e-6 3.1997277
true 1.9413264328952775e-6 1273 8 6 0.09 2 4.177754222831366e-6 15.8932839
true 2.2978865555171404e-6 989 8 6 0.09 3 4.177754222831366e-6 20.9675927
true 2.512158555309507e-5 3912 8 6 0.09 4 4.177754222831366e-6 86.4131181
true 0.14285894014675946 295 8 7 0.09 1 4.177754222831366e-6 1.9669191
true 3.5664265034144168e-6 897 8 7 0.09 2 4.177754222831366e-6 11.0822797
true 7.049425930740126e-6 3415 8 7 0.09 3 4.177754222831366e-6 55.9329198
true 2.5387433182525295e-6 1400 8 7 0.09 4 4.177754222831366e-6 36.7784784
true 2.0038985553416655e-6 320 8 8 0.09 1 4.177754222831366e-6 2.1439695
true 1.6226838156954693e-5 2508 8 8 0.09 2 4.177754222831366e-6 30.5136414
true 5.411274825437018e-5 1375 8 8 0.09 3 4.177754222831366e-6 26.6362742
true 5.150071254764188e-5 1821 8 8 0.09 4 4.177754222831366e-6 49.5814615
true 6.016444146772493e-7 184 8 1 0.1 1 6.212771328167428e-6 1.3374958
true 2.2507174978203537e-6 470 8 1 0.1 2 6.212771328167428e-6 6.4382368
true 6.966121413043425e-7 703 8 1 0.1 3 6.212771328167428e-6 14.9557593
true 4.0512497894718e-6 1355 8 1 0.1 4 6.212771328167428e-6 35.4838985
true 6.871222547610856e-7 233 8 2 0.1 1 6.212771328167428e-6 1.550073
true 2.214713418685621e-6 507 8 2 0.1 2 6.212771328167428e-6 7.5489646
true 1.9340873349815713e-6 1287 8 2 0.1 3 6.212771328167428e-6 23.2371863
true 3.882664843524175e-6 1058 8 2 0.1 4 6.212771328167428e-6 34.2134194
true 7.5841108058509e-7 162 8 3 0.1 1 6.212771328167428e-6 1.2918845
true 1.394501810692006e-7 1164 8 3 0.1 2 6.212771328167428e-6 14.2333565
true 4.8630597182889685e-6 2087 8 3 0.1 3 6.212771328167428e-6 36.4033069
true 4.5917350154652446e-5 1948 8 3 0.1 4 6.212771328167428e-6 49.0121963
true 6.776039662426125e-7 315 8 4 0.1 1 6.212771328167428e-6 2.0878184
true 6.609495260323506e-6 572 8 4 0.1 2 6.212771328167428e-6 7.7256449
true 1.0210979842620316e-5 926 8 4 0.1 3 6.212771328167428e-6 20.1162131
true 6.426355321512145e-6 3620 8 4 0.1 4 6.212771328167428e-6 86.7518632
true 0.20006175200144946 174 8 5 0.1 1 6.212771328167428e-6 1.4000478
true 2.4236021891832494e-6 653 8 5 0.1 2 6.212771328167428e-6 8.5863503
true 6.462280046192204e-5 1199 8 5 0.1 3 6.212771328167428e-6 23.3698454
true 2.404537657421102e-5 8459 8 5 0.1 4 6.212771328167428e-6 194.6152158
true 1.7329649918314722e-6 348 8 6 0.1 1 6.212771328167428e-6 2.5563836
true 3.0102735081120415e-6 503 8 6 0.1 2 6.212771328167428e-6 7.5562957
true 2.6882450986652023e-5 3712 8 6 0.1 3 6.212771328167428e-6 63.1911905
true 3.760229112058829e-5 9211 8 6 0.1 4 6.212771328167428e-6 204.9019225
true 0.28571666877438845 403 8 7 0.1 1 6.212771328167428e-6 2.716881
true 0.14285945159478453 1497 8 7 0.1 2 6.212771328167428e-6 17.6181541
true 6.129648160530758e-6 1565 8 7 0.1 3 6.212771328167428e-6 29.4304598
true 1.2604058799547957e-5 4498 8 7 0.1 4 6.212771328167428e-6 108.9118282
true 0.12524297943055324 308 8 8 0.1 1 6.212771328167428e-6 2.0550293
true 9.872193664613171e-6 2884 8 8 0.1 2 6.212771328167428e-6 36.0961236
true 3.752481387968298e-5 1080 8 8 0.1 3 6.212771328167428e-6 22.4214432
true 5.068105184870969e-5 7949 8 8 0.1 4 6.212771328167428e-6 173.033531
true 9.201405524739137e-7 158 8 1 0.11 1 8.89354271946002e-6 1.1625856
true 1.0860592934425206e-6 554 8 1 0.11 2 8.89354271946002e-6 7.6446941
true 2.666520488137092e-6 1362 8 1 0.11 3 8.89354271946002e-6 25.8307542
true 6.504068640167393e-6 1262 8 1 0.11 4 8.89354271946002e-6 34.935601
true 1.1070311558281087e-6 167 8 2 0.11 1 8.89354271946002e-6 1.1107103
true 2.0906858894109703e-7 577 8 2 0.11 2 8.89354271946002e-6 7.847694
true 1.5343238976145424e-5 2351 8 2 0.11 3 8.89354271946002e-6 40.5396787
true 5.152929306168064e-6 1613 8 2 0.11 4 8.89354271946002e-6 43.6735985
true 0.33333377024005134 358 8 3 0.11 1 8.89354271946002e-6 2.2849249
true 2.11302146748323e-6 1229 8 3 0.11 2 8.89354271946002e-6 14.809312
true 1.2906492580474124e-5 1804 8 3 0.11 3 8.89354271946002e-6 32.5313373
true 5.686923447674926e-6 1734 8 3 0.11 4 8.89354271946002e-6 44.9849917
true 0.2500005499298752 218 8 4 0.11 1 8.89354271946002e-6 1.7685058
true 1.0349838111961551e-5 547 8 4 0.11 2 8.89354271946002e-6 7.8644849
true 3.345335226431767e-6 1613 8 4 0.11 3 8.89354271946002e-6 29.484229
true 6.986889198977442e-5 3592 8 4 0.11 4 8.89354271946002e-6 88.1899598
true 0.20000058943571486 186 8 5 0.11 1 8.89354271946002e-6 1.4725889
true 7.191757935387511e-6 2049 8 5 0.11 2 8.89354271946002e-6 27.1102614
true 2.04118819073118e-5 1369 8 5 0.11 3 8.89354271946002e-6 26.7046554
true 1.2529672635719358e-5 4096 8 5 0.11 4 8.89354271946002e-6 93.562638
true 0.16666879559374514 235 8 6 0.11 1 8.89354271946002e-6 1.6775703
true 5.245189482648109e-6 1417 8 6 0.11 2 8.89354271946002e-6 16.1539149
true 0.16668310861006666 2894 8 6 0.11 3 8.89354271946002e-6 48.8175373
true 1.93764291047116e-5 2380 8 6 0.11 4 8.89354271946002e-6 58.7472625
true 0.14285779646610536 263 8 7 0.11 1 8.89354271946002e-6 1.905578
true 5.4193143744377515e-6 1968 8 7 0.11 2 8.89354271946002e-6 22.3041849
true 0.14311280462600512 2127 8 7 0.11 3 8.89354271946002e-6 36.8957961
true 4.42098686768858e-5 3624 8 7 0.11 4 8.89354271946002e-6 82.1384329
true 0.12500296891489515 378 8 8 0.11 1 8.89354271946002e-6 2.6329106
true 7.733179780027022e-6 1531 8 8 0.11 2 8.89354271946002e-6 17.9752451
true 0.25008752517305044 1200 8 8 0.11 3 8.89354271946002e-6 21.9566113
true 9.187390136750073e-6 9535 8 8 0.11 4 8.89354271946002e-6 208.084695
true 1.050465621765806e-6 149 8 1 0.12 1 1.2337527774640828e-5 1.0641623
true 9.795923699429387e-7 746 8 1 0.12 2 1.2337527774640828e-5 9.4098057
true 2.621283414050435e-6 536 8 1 0.12 3 1.2337527774640828e-5 12.6092842
true 2.810984388368354e-6 885 8 1 0.12 4 1.2337527774640828e-5 25.546884
true 2.403389300048575e-6 178 8 2 0.12 1 1.2337527774640828e-5 1.1715613
true 1.39503317203582e-7 965 8 2 0.12 2 1.2337527774640828e-5 11.2772563
true 4.80568759161637e-5 1821 8 2 0.12 3 1.2337527774640828e-5 33.4508782
true 1.4176108184493774e-5 1407 8 2 0.12 4 1.2337527774640828e-5 36.0054483
true 1.025636587622299e-6 199 8 3 0.12 1 1.2337527774640828e-5 1.3123048
true 1.260233004711046e-6 818 8 3 0.12 2 1.2337527774640828e-5 9.5583327
true 1.6492722823372812e-6 881 8 3 0.12 3 1.2337527774640828e-5 20.6936828
true 0.00013404581099045002 4025 8 3 0.12 4 1.2337527774640828e-5 85.4187218
true 1.2260531988550483e-6 364 8 4 0.12 1 1.2337527774640828e-5 2.355649
true 5.043124124498588e-6 526 8 4 0.12 2 1.2337527774640828e-5 6.9920691
true 2.0364922013182962e-5 2033 8 4 0.12 3 1.2337527774640828e-5 33.4295189
true 1.3396350384317635e-5 3009 8 4 0.12 4 1.2337527774640828e-5 72.3830723
true 0.20000066019175883 213 8 5 0.12 1 1.2337527774640828e-5 1.599457
true 1.1144375182237098e-5 1208 8 5 0.12 2 1.2337527774640828e-5 14.8016749
true 3.697065749809214e-5 1924 8 5 0.12 3 1.2337527774640828e-5 33.170013
true 1.5118050627671575e-5 3931 8 5 0.12 4 1.2337527774640828e-5 90.0104611
true 0.16666948207259605 194 8 6 0.12 1 1.2337527774640828e-5 1.3396965
true 2.531543396439943e-5 2224 8 6 0.12 2 1.2337527774640828e-5 25.9822106
true 0.16668755324603202 1526 8 6 0.12 3 1.2337527774640828e-5 27.5217809
true 4.40649176492632e-5 3137 8 6 0.12 4 1.2337527774640828e-5 70.6549941
true 5.281637053037144e-6 581 8 7 0.12 1 1.2337527774640828e-5 3.8983948
true 9.545988124748384e-6 977 8 7 0.12 2 1.2337527774640828e-5 12.1609146
true 4.0856319026204095e-6 1451 8 7 0.12 3 1.2337527774640828e-5 28.3341141
true 9.581012958488027e-6 4220 8 7 0.12 4 1.2337527774640828e-5 93.2848742
true 0.1250053522960741 276 8 8 0.12 1 1.2337527774640828e-5 2.0040281
true 9.587447152195616e-6 2077 8 8 0.12 2 1.2337527774640828e-5 24.6497397
true 0.25007077875903133 2229 8 8 0.12 3 1.2337527774640828e-5 38.5916863
true 6.080982631900822e-5 4555 8 8 0.12 4 1.2337527774640828e-5 101.947966
true 1.3816409537570351e-6 154 8 1 0.13 1 1.667115612822946e-5 1.1215357
true 2.105973645527559e-6 476 8 1 0.13 2 1.667115612822946e-5 6.4716105
true 6.081538073299253e-6 1275 8 1 0.13 3 1.667115612822946e-5 23.1661003
true 5.096058266035319e-5 3127 8 1 0.13 4 1.667115612822946e-5 75.81805
true 1.4342437922865159e-6 156 8 2 0.13 1 1.667115612822946e-5 1.0416192
true 2.7850195391532218e-6 422 8 2 0.13 2 1.667115612822946e-5 6.5107809
true 1.4975035617759147e-5 664 8 2 0.13 3 1.667115612822946e-5 14.6000012
true 2.7754815991876125e-6 1830 8 2 0.13 4 1.667115612822946e-5 46.1690182
true 1.6007508978529057e-6 286 8 3 0.13 1 1.667115612822946e-5 1.8498597
true 4.4343659302096645e-6 938 8 3 0.13 2 1.667115612822946e-5 11.2548855
true 4.044502053527725e-6 1155 8 3 0.13 3 1.667115612822946e-5 22.7619437
true 1.82611292809202e-5 2284 8 3 0.13 4 1.667115612822946e-5 56.6800423
true 1.6816164959965185e-6 181 8 4 0.13 1 1.667115612822946e-5 1.3351025
true 6.699328119960657e-6 492 8 4 0.13 2 1.667115612822946e-5 6.7416824
true 2.1423628318736898e-5 2277 8 4 0.13 3 1.667115612822946e-5 37.2347593
true 3.7554242130019566e-5 4443 8 4 0.13 4 1.667115612822946e-5 98.1732905
true 0.00014096325178084568 498 8 5 0.13 1 1.667115612822946e-5 3.2214968
true 5.494979089915031e-6 2105 8 5 0.13 2 1.667115612822946e-5 25.1252079
true 2.258077435647321e-5 3204 8 5 0.13 3 1.667115612822946e-5 53.6790059
true 4.1933109244940425e-5 2966 8 5 0.13 4 1.667115612822946e-5 69.7449785
true 0.16667084280355085 227 8 6 0.13 1 1.667115612822946e-5 1.6068741
true 1.1350101028465934e-5 2391 8 6 0.13 2 1.667115612822946e-5 26.4357434
true 2.8078248238962617e-5 1741 8 6 0.13 3 1.667115612822946e-5 30.5290181
true 7.942380458601331e-6 2346 8 6 0.13 4 1.667115612822946e-5 55.0191761
true 0.14285852991461856 488 8 7 0.13 1 1.667115612822946e-5 3.311243
true 8.185365903412567e-6 1246 8 7 0.13 2 1.667115612822946e-5 14.9791761
true 3.564778662931304e-6 910 8 7 0.13 3 1.667115612822946e-5 18.2522633
true 2.1516873627090505e-5 3107 8 7 0.13 4 1.667115612822946e-5 71.4171044
true 0.12500575025818111 210 8 8 0.13 1 1.667115612822946e-5 1.6588615
true 2.417061376676355e-5 2711 8 8 0.13 2 1.667115612822946e-5 31.9817987
true 1.630356454755677e-5 3432 8 8 0.13 3 1.667115612822946e-5 58.0820304
true 7.17289825389808e-5 5189 8 8 0.13 4 1.667115612822946e-5 113.762359
true 1.8512771676748585e-6 154 8 1 0.14 1 2.202898740416792e-5 1.156198
true 0.00011482503956328216 356 8 1 0.14 2 2.202898740416792e-5 5.4009468
true 4.174983935179011e-6 860 8 1 0.14 3 2.202898740416792e-5 16.8407028
true 7.239191936403433e-6 1467 8 1 0.14 4 2.202898740416792e-5 37.1105551
true 2.102280159232972e-6 159 8 2 0.14 1 2.202898740416792e-5 1.1560343
true 2.65289531634072e-6 1413 8 2 0.14 2 2.202898740416792e-5 16.6263824
true 5.070627278530582e-6 2236 8 2 0.14 3 2.202898740416792e-5 38.6712115
true 3.0561897001901706e-5 1856 8 2 0.14 4 2.202898740416792e-5 47.9467222
true 0.3333339900912935 138 8 3 0.14 1 2.202898740416792e-5 1.1525536
true 2.512713740780252e-7 628 8 3 0.14 2 2.202898740416792e-5 7.8242253
true 1.764523564223852e-5 1806 8 3 0.14 3 2.202898740416792e-5 32.0287593
true 1.0811210934880133e-5 1989 8 3 0.14 4 2.202898740416792e-5 47.4482116
true 2.1809923534538145e-6 265 8 4 0.14 1 2.202898740416792e-5 2.0089702
true 1.3497514644911224e-5 1110 8 4 0.14 2 2.202898740416792e-5 13.6004388
true 1.1424714646171563e-5 1733 8 4 0.14 3 2.202898740416792e-5 31.0185865
true 5.03656560756488e-5 10792 8 4 0.14 4 2.202898740416792e-5 230.3302878
true 0.20000104095424726 216 8 5 0.14 1 2.202898740416792e-5 1.6595179
true 1.0799510566794624e-5 1276 8 5 0.14 2 2.202898740416792e-5 15.2175931
true 0.0002345460004193667 913 8 5 0.14 3 2.202898740416792e-5 18.8170304
true 5.6845377388314855e-5 2767 8 5 0.14 4 2.202898740416792e-5 71.123131
true 0.16667169982922367 330 8 6 0.14 1 2.202898740416792e-5 2.3346355
true 1.1837585801680964e-5 598 8 6 0.14 2 2.202898740416792e-5 8.3406831
true 2.7177862403462056e-5 1560 8 6 0.14 3 2.202898740416792e-5 27.3464691
true 2.271568016258089e-5 6482 8 6 0.14 4 2.202898740416792e-5 148.4904637
true 0.1428590984653995 191 8 7 0.14 1 2.202898740416792e-5 1.5445652
true 1.0665317832543003e-5 2586 8 7 0.14 2 2.202898740416792e-5 31.1940804
true 6.544411699404324e-5 1374 8 7 0.14 3 2.202898740416792e-5 25.5231339
true 0.00033986821629292515 6473 8 7 0.14 4 2.202898740416792e-5 143.2894425
true 7.810581928044402e-6 340 8 8 0.14 1 2.202898740416792e-5 2.5800699
true 8.758290001589786e-6 697 8 8 0.14 2 2.202898740416792e-5 9.592141
true 1.1210471750171258e-5 1401 8 8 0.14 3 2.202898740416792e-5 25.6636182
true 9.0382692458299e-6 2383 8 8 0.14 4 2.202898740416792e-5 61.1991076
true 2.630580220486234e-6 154 8 1 0.15 1 2.855544248865359e-5 1.2250706
true 2.7482579404436436e-6 352 8 1 0.15 2 2.855544248865359e-5 5.4593338
true 6.239237008709431e-6 665 8 1 0.15 3 2.855544248865359e-5 15.0130838
true 1.3315954184522916e-5 2019 8 1 0.15 4 2.855544248865359e-5 50.060053
true 2.478665318023099e-6 191 8 2 0.15 1 2.855544248865359e-5 1.4158102
true 2.595510914926713e-5 385 8 2 0.15 2 2.855544248865359e-5 5.7764228
true 2.4594629973090365e-5 2193 8 2 0.15 3 2.855544248865359e-5 38.5772762
true 3.231988750548864e-5 2478 8 2 0.15 4 2.855544248865359e-5 59.1003405
true 2.53015499333357e-6 520 8 3 0.15 1 2.855544248865359e-5 3.5430108
true 6.16609185592291e-6 515 8 3 0.15 2 2.855544248865359e-5 7.5804627
true 4.6048450946245545e-6 893 8 3 0.15 3 2.855544248865359e-5 17.9900364
true 4.911964830491463e-5 1568 8 3 0.15 4 2.855544248865359e-5 40.1072226
true 0.25005525047497407 172 8 4 0.15 1 2.855544248865359e-5 1.4885478
true 1.3098640762182479e-5 3044 8 4 0.15 2 2.855544248865359e-5 35.7440831
true 2.8786456114662795e-5 788 8 4 0.15 3 2.855544248865359e-5 18.1954121
true 3.66504773605808e-5 6288 8 4 0.15 4 2.855544248865359e-5 141.8497067
true 2.7198507443149112e-6 323 8 5 0.15 1 2.855544248865359e-5 2.3637694
true 7.791937911061364e-6 2508 8 5 0.15 2 2.855544248865359e-5 30.250526
true 1.8353793371517214e-5 2218 8 5 0.15 3 2.855544248865359e-5 38.7307756
true 1.5969793801517972e-5 1509 8 5 0.15 4 2.855544248865359e-5 37.8504076
true 7.902038315000619e-5 215 8 6 0.15 1 2.855544248865359e-5 1.7449036
true 1.7137351241406733e-5 1313 8 6 0.15 2 2.855544248865359e-5 15.9573732
true 1.725961321943914e-5 3742 8 6 0.15 3 2.855544248865359e-5 66.358322
true 3.285158372602163e-5 4355 8 6 0.15 4 2.855544248865359e-5 97.8934018
true 0.14286778109348144 207 8 7 0.15 1 2.855544248865359e-5 1.7290356
true 1.2081498964549337e-5 1802 8 7 0.15 2 2.855544248865359e-5 21.1867683
true 1.8998934970228453e-5 2047 8 7 0.15 3 2.855544248865359e-5 36.4952428
true 1.2184442497176207e-5 2103 8 7 0.15 4 2.855544248865359e-5 50.7443305
true 0.12500941063005627 268 8 8 0.15 1 2.855544248865359e-5 2.1181659
true 5.098772735891155e-6 3425 8 8 0.15 2 2.855544248865359e-5 40.5319903
true 5.471231873000609e-5 4455 8 8 0.15 3 2.855544248865359e-5 77.358132
true 2.8042032342225076e-5 2765 8 8 0.15 4 2.855544248865359e-5 65.4647891
true 3.765392193988415e-6 153 8 1 0.16 1 3.644453169312535e-5 1.1861235
true 5.229337380285859e-6 429 8 1 0.16 2 3.644453169312535e-5 5.9704055
true 3.6044880941665802e-6 936 8 1 0.16 3 3.644453169312535e-5 17.8209904
true 8.677370203546975e-6 1051 8 1 0.16 4 3.644453169312535e-5 33.4842045
true 3.6757585113733615e-6 198 8 2 0.16 1 3.644453169312535e-5 1.5786249
true 4.815197837959584e-6 382 8 2 0.16 2 3.644453169312535e-5 6.1496333
true 1.7132764131788658e-5 1317 8 2 0.16 3 3.644453169312535e-5 25.2523146
true 2.6951919893603016e-5 1158 8 2 0.16 4 3.644453169312535e-5 36.3104321
true 3.2876233491870486e-6 185 8 3 0.16 1 3.644453169312535e-5 1.6203264
true 7.2795686302066604e-6 593 8 3 0.16 2 3.644453169312535e-5 8.3521714
true 2.160291163425902e-5 1319 8 3 0.16 3 3.644453169312535e-5 24.6840329
true 2.81936385218932e-5 5468 8 3 0.16 4 3.644453169312535e-5 125.5631809
true 3.6006034837415823e-6 223 8 4 0.16 1 3.644453169312535e-5 1.7535345
true 2.242911145663995e-5 818 8 4 0.16 2 3.644453169312535e-5 10.1532797
true 1.788810717681666e-5 2413 8 4 0.16 3 3.644453169312535e-5 41.6085933
true 1.2976726477792466e-5 4992 8 4 0.16 4 3.644453169312535e-5 113.5478428
true 0.2000025679845626 184 8 5 0.16 1 3.644453169312535e-5 1.4815695
true 1.8926221693016387e-5 591 8 5 0.16 2 3.644453169312535e-5 8.025474
true 2.063467711285183e-5 2092 8 5 0.16 3 3.644453169312535e-5 36.8330301
true 6.526679000483649e-5 2914 8 5 0.16 4 3.644453169312535e-5 67.3185904
true 0.3333582437311626 159 8 6 0.16 1 3.644453169312535e-5 1.3865294
true 2.2788354923762116e-5 3292 8 6 0.16 2 3.644453169312535e-5 38.7199679
true 4.983905090603461e-5 3098 8 6 0.16 3 3.644453169312535e-5 54.3809712
true 0.08328851747373314 4077 8 6 0.16 4 3.644453169312535e-5 94.5111225
true 0.00017885526832001064 231 8 7 0.16 1 3.644453169312535e-5 1.9388064
true 1.5371780077877428e-5 3100 8 7 0.16 2 3.644453169312535e-5 35.7686355
true 0.14286790167463187 2123 8 7 0.16 3 3.644453169312535e-5 37.9349423
true 2.851283631818572e-5 2806 8 7 0.16 4 3.644453169312535e-5 67.1964598
true 0.25001130583175896 223 8 8 0.16 1 3.644453169312535e-5 1.8749388
true 1.7148411868783686e-5 1587 8 8 0.16 2 3.644453169312535e-5 19.1429671
true 0.12502355032345722 2682 8 8 0.16 3 3.644453169312535e-5 45.5813622
true 4.0840473763174845e-5 4598 8 8 0.16 4 3.644453169312535e-5 102.7318744
true 4.366820797019333e-6 282 8 1 0.17 1 4.573683624314419e-5 1.923963
true 8.075419984820975e-6 463 8 1 0.17 2 4.573683624314419e-5 6.7976509
true 2.2966306706451167e-5 544 8 1 0.17 3 4.573683624314419e-5 13.0082292
true 4.733614061780411e-6 1169 8 1 0.17 4 4.573683624314419e-5 33.3549302
true 4.3216776165200255e-6 187 8 2 0.17 1 4.573683624314419e-5 1.4902948
true 7.409113158551861e-6 360 8 2 0.17 2 4.573683624314419e-5 5.4038534
true 3.6102850957731025e-5 818 8 2 0.17 3 4.573683624314419e-5 16.805329
true 8.41773475403762e-5 2420 8 2 0.17 4 4.573683624314419e-5 58.9019435
true 4.3730540968770866e-6 178 8 3 0.17 1 4.573683624314419e-5 1.4416449
true 9.96809697216087e-6 847 8 3 0.17 2 4.573683624314419e-5 10.7233081
true 2.3585081033857442e-5 1035 8 3 0.17 3 4.573683624314419e-5 21.5671313
true 5.043349868098327e-5 1860 8 3 0.17 4 4.573683624314419e-5 45.9305171
true 0.2500026826852853 173 8 4 0.17 1 4.573683624314419e-5 1.4453843
true 2.0705222837980042e-5 958 8 4 0.17 2 4.573683624314419e-5 12.5757727
true 1.7221693192986942e-5 1598 8 4 0.17 3 4.573683624314419e-5 30.4290796
true 3.2515579657874105e-5 2328 8 4 0.17 4 4.573683624314419e-5 57.2978957
true 0.20000281147706778 408 8 5 0.17 1 4.573683624314419e-5 3.0539435
true 1.3704117594182108e-5 1558 8 5 0.17 2 4.573683624314419e-5 18.7723932
true 0.00010718352726784009 1677 8 5 0.17 3 4.573683624314419e-5 31.0147448
true 3.099964121111576e-5 3044 8 5 0.17 4 4.573683624314419e-5 74.67598
true 0.16667856360146918 187 8 6 0.17 1 4.573683624314419e-5 1.6042024
true 4.477802511402655e-6 1505 8 6 0.17 2 4.573683624314419e-5 19.3973943
true 1.4057650096099827e-5 1611 8 6 0.17 3 4.573683624314419e-5 31.5515794
true 2.305407719604043e-5 1861 8 6 0.17 4 4.573683624314419e-5 48.5539705
true 0.142874454063929 269 8 7 0.17 1 4.573683624314419e-5 2.1521897
true 2.0166445272338874e-5 1528 8 7 0.17 2 4.573683624314419e-5 18.5603916
true 2.1484659147625556e-5 5074 8 7 0.17 3 4.573683624314419e-5 90.8930258
true 8.214395055470122e-5 2346 8 7 0.17 4 4.573683624314419e-5 60.7569705
true 0.12501635292970711 382 8 8 0.17 1 4.573683624314419e-5 3.0003101
true 0.12501466398501326 1263 8 8 0.17 2 4.573683624314419e-5 15.3986224
true 2.854356325285301e-5 4971 8 8 0.17 3 4.573683624314419e-5 81.5684732
true 5.076283204737131e-5 2861 8 8 0.17 4 4.573683624314419e-5 70.5065421
true 5.477491988092886e-6 164 8 1 0.18 1 5.672819933488509e-5 1.4077158
true 1.1424299109941138e-5 371 8 1 0.18 2 5.672819933488509e-5 6.3460487
true 1.0777354206015222e-5 855 8 1 0.18 3 5.672819933488509e-5 18.0695397
true 4.709635989624816e-5 1718 8 1 0.18 4 5.672819933488509e-5 42.8091967
true 5.536680535100924e-6 254 8 2 0.18 1 5.672819933488509e-5 1.8610384
true 8.631198267772255e-6 480 8 2 0.18 2 5.672819933488509e-5 7.0016669
true 5.1559980398269145e-5 2288 8 2 0.18 3 5.672819933488509e-5 38.5824431
true 4.6072371298583326e-5 2720 8 2 0.18 4 5.672819933488509e-5 61.9706943
true 4.599147368298621e-5 157 8 3 0.18 1 5.672819933488509e-5 1.3223254
true 9.211412667631258e-6 479 8 3 0.18 2 5.672819933488509e-5 6.8769312
true 2.89706707728062e-5 1711 8 3 0.18 3 5.672819933488509e-5 29.72272
true 3.0957955382863535e-5 1812 8 3 0.18 4 5.672819933488509e-5 43.8948465
true 6.355593305681917e-6 323 8 4 0.18 1 5.672819933488509e-5 2.2878741
true 2.581189303757503e-5 451 8 4 0.18 2 5.672819933488509e-5 6.5673588
true 0.12502876442888458 1733 8 4 0.18 3 5.672819933488509e-5 32.7549807
true 4.185417789910606e-5 7327 8 4 0.18 4 5.672819933488509e-5 171.2168603
true 6.016333968950072e-6 265 8 5 0.18 1 5.672819933488509e-5 2.073656
true 1.7171339669164176e-5 693 8 5 0.18 2 5.672819933488509e-5 9.5921916
true 2.738311018715134e-5 1015 8 5 0.18 3 5.672819933488509e-5 22.2219385
true 5.347222831633136e-5 4218 8 5 0.18 4 5.672819933488509e-5 100.6259781
true 0.16667546677874745 237 8 6 0.18 1 5.672819933488509e-5 1.8774083
true 2.927628693845848e-5 975 8 6 0.18 2 5.672819933488509e-5 13.4669385
true 0.00014481375145296757 2169 8 6 0.18 3 5.672819933488509e-5 39.178352
true 3.958784558512803e-5 1964 8 6 0.18 4 5.672819933488509e-5 48.3181932
true 0.14303461379923463 215 8 7 0.18 1 5.672819933488509e-5 1.8740335
true 2.4239749447461734e-5 1267 8 7 0.18 2 5.672819933488509e-5 16.0509598
true 1.617241505476517e-5 2035 8 7 0.18 3 5.672819933488509e-5 37.4342032
true 0.14288027586061913 2137 8 7 0.18 4 5.672819933488509e-5 52.9053146
true 0.12501977913144424 466 8 8 0.18 1 5.672819933488509e-5 3.5928761
true 2.354708944700412e-5 1116 8 8 0.18 2 5.672819933488509e-5 13.9988172
true 7.255005317596819e-5 957 8 8 0.18 3 5.672819933488509e-5 19.4599355
true 5.6647456888811454e-5 4510 8 8 0.18 4 5.672819933488509e-5 104.2970968
true 7.018137073766528e-6 220 8 1 0.19 1 6.956881640670231e-5 1.582125
true 1.1095174964670385e-5 611 8 1 0.19 2 6.956881640670231e-5 8.1010279
true 8.179981182798723e-6 617 8 1 0.19 3 6.956881640670231e-5 15.9810402
true 3.133441745883925e-5 3139 8 1 0.19 4 6.956881640670231e-5 76.7183183
true 8.69092405270111e-6 165 8 2 0.19 1 6.956881640670231e-5 1.3663536
true 1.3408488956506703e-5 398 8 2 0.19 2 6.956881640670231e-5 6.0029849
true 1.776251872362411e-5 1772 8 2 0.19 3 6.956881640670231e-5 33.9340045
true 5.030012092671621e-5 1003 8 2 0.19 4 6.956881640670231e-5 28.5259819
true 7.1850675833669735e-6 170 8 3 0.19 1 6.956881640670231e-5 1.4521374
true 1.908283189992292e-5 420 8 3 0.19 2 6.956881640670231e-5 5.9578189
true 4.148976346609231e-5 2065 8 3 0.19 3 6.956881640670231e-5 36.560937
true 4.5179404950431344e-5 2444 8 3 0.19 4 6.956881640670231e-5 65.7816043
true 7.721340601590798e-6 251 8 4 0.19 1 6.956881640670231e-5 1.91856
true 3.0420913253295656e-5 856 8 4 0.19 2 6.956881640670231e-5 11.1349521
true 2.816723381025843e-5 2109 8 4 0.19 3 6.956881640670231e-5 35.9648059
true 5.01020229425192e-5 2817 8 4 0.19 4 6.956881640670231e-5 68.0157178
true 0.2000050581717526 177 8 5 0.19 1 6.956881640670231e-5 1.5196297
true 2.70923532945333e-5 618 8 5 0.19 2 6.956881640670231e-5 8.5188019
true 2.3625727981291254e-5 1045 8 5 0.19 3 6.956881640670231e-5 20.6345466
true 1.7320476428661635e-5 5810 8 5 0.19 4 6.956881640670231e-5 132.4162717
true 2.041761413031547e-5 470 8 6 0.19 1 6.956881640670231e-5 3.4147977
true 0.08316025865742359 395 8 6 0.19 2 6.956881640670231e-5 6.145849
true 3.772608919553703e-5 2149 8 6 0.19 3 6.956881640670231e-5 39.7152315
true 5.7736334932954415e-5 1827 8 6 0.19 4 6.956881640670231e-5 47.7886198
true 0.14288415400063922 271 8 7 0.19 1 6.956881640670231e-5 2.1792108
true 3.150944397657872e-5 503 8 7 0.19 2 6.956881640670231e-5 7.2013474
true 5.681111267237725e-5 1489 8 7 0.19 3 6.956881640670231e-5 29.1315857
true 4.1314009890071534e-5 3314 8 7 0.19 4 6.956881640670231e-5 76.4780992
true 0.2499938091667791 308 8 8 0.19 1 6.956881640670231e-5 2.4361767
true 1.956105594717872e-6 5422 8 8 0.19 2 6.956881640670231e-5 68.423985
true 0.1250266575835191 1483 8 8 0.19 3 6.956881640670231e-5 29.0152017
true 3.715261832192701e-5 3014 8 8 0.19 4 6.956881640670231e-5 70.9210431
true 8.732806548450434e-6 153 8 1 0.2 1 8.447509918454874e-5 1.2717365
true 1.359630931896394e-5 476 8 1 0.2 2 8.447509918454874e-5 6.7368111
true 2.144050408303677e-5 723 8 1 0.2 3 8.447509918454874e-5 18.1542221
true 1.564550302590728e-5 1068 8 1 0.2 4 8.447509918454874e-5 30.4224338
true 8.946179407859356e-6 161 8 2 0.2 1 8.447509918454874e-5 1.4457222
true 1.4829138429456323e-5 569 8 2 0.2 2 8.447509918454874e-5 8.184337
true 5.209974294809183e-5 972 8 2 0.2 3 8.447509918454874e-5 21.9570212
true 7.940966590186394e-5 4010 8 2 0.2 4 8.447509918454874e-5 89.9743063
true 8.906368105872827e-6 197 8 3 0.2 1 8.447509918454874e-5 1.5992548
true 1.7286329172823873e-5 681 8 3 0.2 2 8.447509918454874e-5 8.9088296
true 8.276922422593517e-6 599 8 3 0.2 3 8.447509918454874e-5 13.9050769
true 4.8911137897585576e-5 1596 8 3 0.2 4 8.447509918454874e-5 41.502117
true 0.2500056922160753 211 8 4 0.2 1 8.447509918454874e-5 1.638346
true 3.81288017874265e-5 562 8 4 0.2 2 8.447509918454874e-5 7.7849345
true 3.7790843447071953e-5 1537 8 4 0.2 3 8.447509918454874e-5 29.1737797
true 7.344278204793331e-5 2940 8 4 0.2 4 8.447509918454874e-5 68.2963916
true 9.494994359660059e-6 194 8 5 0.2 1 8.447509918454874e-5 1.5555421
true 3.45175281540544e-5 876 8 5 0.2 2 8.447509918454874e-5 11.3168906
true 3.24046349670315e-5 4170 8 5 0.2 3 8.447509918454874e-5 72.6661789
true 5.046835383150094e-5 1785 8 5 0.2 4 8.447509918454874e-5 44.5147265
true 2.452505438741796e-5 547 8 6 0.2 1 8.447509918454874e-5 4.0052684
true 4.314904639944143e-5 795 8 6 0.2 2 8.447509918454874e-5 10.2117716
true 0.16668661600356013 901 8 6 0.2 3 8.447509918454874e-5 18.5775932
true 8.098023465069604e-5 1805 8 6 0.2 4 8.447509918454874e-5 46.957313
true 0.1429093916135824 166 8 7 0.2 1 8.447509918454874e-5 1.5146448
true 4.369081062188014e-5 2626 8 7 0.2 2 8.447509918454874e-5 33.057286
true 3.8235764548311124e-5 2396 8 7 0.2 3 8.447509918454874e-5 44.6817011
true 4.595427402539646e-5 4443 8 7 0.2 4 8.447509918454874e-5 102.8286025
true 0.12502987791970332 323 8 8 0.2 1 8.447509918454874e-5 2.5607411
true 5.162006851744394e-5 2341 8 8 0.2 2 8.447509918454874e-5 28.7611997
true 0.1250275167552078 1755 8 8 0.2 3 8.447509918454874e-5 32.6761176
true 9.156604007436175e-5 4592 8 8 0.2 4 8.447509918454874e-5 107.95426
true 1.1264009124656305e-5 142 8 1 0.21 1 0.00010168453589452703 1.1828274
true 2.33884065732326e-5 627 8 1 0.21 2 0.00010168453589452703 8.6017851
true 1.3979035725308897e-5 1001 8 1 0.21 3 0.00010168453589452703 20.615008
true 3.628333381927584e-5 1557 8 1 0.21 4 0.00010168453589452703 40.1668284
true 1.110879858687297e-5 255 8 2 0.21 1 0.00010168453589452703 1.96669
true 1.6021514390424096e-5 618 8 2 0.21 2 0.00010168453589452703 8.6650252
true 1.1633357325013804e-5 1163 8 2 0.21 3 0.00010168453589452703 23.8629643
true 8.458023615875998e-5 1566 8 2 0.21 4 0.00010168453589452703 43.082416
true 0.33333717279317776 200 8 3 0.21 1 0.00010168453589452703 1.7144676
true 1.3198921740379769e-5 553 8 3 0.21 2 0.00010168453589452703 7.8778563
true 4.026170335289884e-5 1341 8 3 0.21 3 0.00010168453589452703 27.6483095
true 0.00013578581249680996 1047 8 3 0.21 4 0.00010168453589452703 29.4825468
true 1.22713897319493e-5 194 8 4 0.21 1 0.00010168453589452703 1.6126861
true 4.8078590067363036e-5 730 8 4 0.21 2 0.00010168453589452703 10.1203187
true 4.447358356179931e-5 1888 8 4 0.21 3 0.00010168453589452703 36.8760032
true 7.730724497330421e-5 1595 8 4 0.21 4 0.00010168453589452703 42.8787662
true 0.2000074495800427 214 8 5 0.21 1 0.00010168453589452703 1.7970937
true 4.141736767016013e-5 1214 8 5 0.21 2 0.00010168453589452703 15.147808
true 3.954442310732942e-5 1008 8 5 0.21 3 0.00010168453589452703 20.2310973
true 6.81675086646849e-5 1563 8 5 0.21 4 0.00010168453589452703 42.6597838
true 0.16669353272703077 194 8 6 0.21 1 0.00010168453589452703 1.7001401
true 5.4778990487771205e-5 824 8 6 0.21 2 0.00010168453589452703 10.6853468
true 2.7207321630288533e-5 1656 8 6 0.21 3 0.00010168453589452703 30.3287132
true 0.00011543885715747011 4043 8 6 0.21 4 0.00010168453589452703 92.8239871
true 0.1430917943565658 205 8 7 0.21 1 0.00010168453589452703 1.8448365
true 4.7568744589602095e-5 1492 8 7 0.21 2 0.00010168453589452703 18.679131
true 2.877935473445868e-5 1077 8 7 0.21 3 0.00010168453589452703 21.8907842
true 1.640790630806434e-5 2552 8 7 0.21 4 0.00010168453589452703 62.6539055
true 0.12503530865640997 264 8 8 0.21 1 0.00010168453589452703 2.2026559
true 4.4422628438775535e-5 2797 8 8 0.21 2 0.00010168453589452703 34.343091
true 8.200018595121844e-5 4412 8 8 0.21 3 0.00010168453589452703 76.9146033
true 2.0613885186870906e-5 10280 8 8 0.21 4 0.00010168453589452703 229.0485976
true 1.3589595125151899e-5 164 8 1 0.22 1 0.000121344932874854 1.3460644
true 2.0467558505488093e-5 391 8 1 0.22 2 0.000121344932874854 5.9376575
true 1.4872238344065813e-5 842 8 1 0.22 3 0.000121344932874854 17.4759091
true 0.0001635558918421931 1320 8 1 0.22 4 0.000121344932874854 40.9882919
true 1.3888491276842219e-5 178 8 2 0.22 1 0.000121344932874854 1.5942417
true 2.419317861296344e-6 951 8 2 0.22 2 0.000121344932874854 12.5593941
true 2.2816935254493798e-5 1552 8 2 0.22 3 0.000121344932874854 30.0644654
true 8.774446258755231e-5 1434 8 2 0.22 4 0.000121344932874854 42.5728934
true 1.3808857314482706e-5 296 8 3 0.22 1 0.000121344932874854 2.3935927
true 3.33385781235059e-5 393 8 3 0.22 2 0.000121344932874854 5.9651293
true 8.53404098982898e-5 1678 8 3 0.22 3 0.000121344932874854 31.099202
true 6.64966215050596e-5 2430 8 3 0.22 4 0.000121344932874854 60.2821608
true 0.25000861958082804 241 8 4 0.22 1 0.000121344932874854 1.9651151
true 6.697406454457544e-5 752 8 4 0.22 2 0.000121344932874854 10.3982501
true 0.00011866328726849174 3688 8 4 0.22 3 0.000121344932874854 65.5733646
true 1.1160867890339099e-5 3285 8 4 0.22 4 0.000121344932874854 84.2088667
true 0.20000871960705463 172 8 5 0.22 1 0.000121344932874854 1.5017796
true 4.676172613432561e-5 457 8 5 0.22 2 0.000121344932874854 6.7430614
true 4.2795348896884636e-5 2690 8 5 0.22 3 0.000121344932874854 51.2418852
true 8.262202986639711e-5 1888 8 5 0.22 4 0.000121344932874854 50.0772362
true 3.6725754757678995e-5 359 8 6 0.22 1 0.000121344932874854 2.871726
true 0.1666376068540356 1424 8 6 0.22 2 0.000121344932874854 18.5197047
true 6.285231087958347e-5 1785 8 6 0.22 3 0.000121344932874854 34.239843
true 8.575878993241637e-5 1965 8 6 0.22 4 0.000121344932874854 50.4624429
true 0.1429063388458076 380 8 7 0.22 1 0.000121344932874854 2.9837816
true 5.377207838976249e-5 2667 8 7 0.22 2 0.000121344932874854 33.1274494
true 0.1428893333606492 1897 8 7 0.22 3 0.000121344932874854 35.1931567
true 9.044173161348867e-5 1851 8 7 0.22 4 0.000121344932874854 50.6600739
true 0.00010873282327863998 326 8 8 0.22 1 0.000121344932874854 2.5259516
true 5.153701649897313e-5 1643 8 8 0.22 2 0.000121344932874854 20.3606356
true 5.8468572940395536e-5 2516 8 8 0.22 3 0.000121344932874854 45.0119463
true 7.545526049682755e-5 6144 8 8 0.22 4 0.000121344932874854 146.0083148
true 1.6771482189092968e-5 145 8 1 0.23 1 0.00014401971777686906 1.4485121
true 3.000669637431841e-5 304 8 1 0.23 2 0.00014401971777686906 5.3212691
true 2.8919101381752466e-5 763 8 1 0.23 3 0.00014401971777686906 17.5122498
true 2.2404873037507045e-5 999 8 1 0.23 4 0.00014401971777686906 33.6485606
true 1.6968737064998463e-5 310 8 2 0.23 1 0.00014401971777686906 2.5332171
true 3.0617910818375726e-5 504 8 2 0.23 2 0.00014401971777686906 7.552676
true 0.00011312370152891105 654 8 2 0.23 3 0.00014401971777686906 15.7973066
true 0.00011813991871709173 2163 8 2 0.23 4 0.00014401971777686906 56.5332099
true 1.7144116143563704e-5 144 8 3 0.23 1 0.00014401971777686906 1.3887301
true 2.3775081323118563e-6 657 8 3 0.23 2 0.00014401971777686906 9.390479
true 1.5073749893309193e-5 1543 8 3 0.23 3 0.00014401971777686906 31.7753465
true 9.523454966740379e-5 2255 8 3 0.23 4 0.00014401971777686906 61.7390966
true 1.922530743482531e-5 197 8 4 0.23 1 0.00014401971777686906 1.6978302
true 6.269215080238755e-5 879 8 4 0.23 2 0.00014401971777686906 11.8091204
true 6.14091506517811e-5 1606 8 4 0.23 3 0.00014401971777686906 30.4087105
true 0.00011150725273892381 1786 8 4 0.23 4 0.00014401971777686906 55.7019349
true 1.8047760388284485e-5 242 8 5 0.23 1 0.00014401971777686906 2.2268756
true 5.1977564337124524e-5 2228 8 5 0.23 2 0.00014401971777686906 30.2102507
true 0.00013760207950217485 925 8 5 0.23 3 0.00014401971777686906 19.5055269
true 8.877109434535235e-6 3185 8 5 0.23 4 0.00014401971777686906 79.6913943
true 0.16670564199783722 253 8 6 0.23 1 0.00014401971777686906 2.0761378
true 6.88033852757249e-6 964 8 6 0.23 2 0.00014401971777686906 13.0604923
true 0.0001903359853020666 4063 8 6 0.23 3 0.00014401971777686906 76.106867
true 0.00018516202777684362 2222 8 6 0.23 4 0.00014401971777686906 57.9596505
true 0.28572291689514945 253 8 7 0.23 1 0.00014401971777686906 2.1479678
true 7.276668141237286e-5 2438 8 7 0.23 2 0.00014401971777686906 30.7967064
true 4.8350619055170796e-5 2953 8 7 0.23 3 0.00014401971777686906 55.5780615
true 0.00011252544141105674 3127 8 7 0.23 4 0.00014401971777686906 77.8292667
true 0.1250528135746071 359 8 8 0.23 1 0.00014401971777686906 2.9540035