g_converged min_loss iter nsites nqubits0 h nlayers SvN time
true 2.029250762647372e-5 172 8 1 0.24 1 0.00017048896560115199 8.4484928
true 3.2637690828951627e-5 692 8 1 0.24 2 0.00017048896560115199 9.7750632
true 1.5054643180634208e-5 554 8 1 0.24 3 0.00017048896560115199 12.6882418
true 3.526411200521773e-5 1098 8 1 0.24 4 0.00017048896560115199 31.0559584
true 2.089795988632903e-5 193 8 2 0.24 1 0.00017048896560115199 1.5332534
true 4.222902612177615e-6 1100 8 2 0.24 2 0.00017048896560115199 15.295029
true 3.0206300309032486e-5 1085 8 2 0.24 3 0.00017048896560115199 22.8530778
true 0.00011686073231970129 2577 8 2 0.24 4 0.00017048896560115199 66.8511675
true 2.082409974168975e-5 212 8 3 0.24 1 0.00017048896560115199 1.6511856
true 2.2996575120300584e-5 427 8 3 0.24 2 0.00017048896560115199 6.5688464
true 0.0001309127242910361 1042 8 3 0.24 3 0.00017048896560115199 20.8371013
true 8.535223345220351e-5 4773 8 3 0.24 4 0.00017048896560115199 126.6395525
true 0.2500130836949997 310 8 4 0.24 1 0.00017048896560115199 2.8939077
true 7.986552116807932e-5 661 8 4 0.24 2 0.00017048896560115199 10.0942693
true 9.328161094776521e-5 2252 8 4 0.24 3 0.00017048896560115199 45.7687535
true 0.0001352322452037591 4780 8 4 0.24 4 0.00017048896560115199 123.4956646
true 0.20016964407184618 185 8 5 0.24 1 0.00017048896560115199 1.8572923
true 6.44184523533875e-5 904 8 5 0.24 2 0.00017048896560115199 13.5449719
true 4.2718347737247254e-5 1560 8 5 0.24 3 0.00017048896560115199 31.8343875
true 0.00013546733296407876 2077 8 5 0.24 4 0.00017048896560115199 66.0455823
true 5.369739310038627e-5 370 8 6 0.24 1 0.00017048896560115199 3.236502
true 9.785874217283867e-5 2134 8 6 0.24 2 0.00017048896560115199 31.8394393
true 0.00010701644641329204 7013 8 6 0.24 3 0.00017048896560115199 136.7720685
true 9.555734122352703e-5 2584 8 6 0.24 4 0.00017048896560115199 69.6672925
true 7.564058003018641e-5 356 8 7 0.24 1 0.00017048896560115199 3.2834261
true 1.766619567059432e-5 997 8 7 0.24 2 0.00017048896560115199 15.0555855
true 7.443520078087573e-5 3480 8 7 0.24 3 0.00017048896560115199 68.7937106
true 0.00011061139552477815 1735 8 7 0.24 4 0.00017048896560115199 52.6380218
true 7.194185851427254e-5 264 8 8 0.24 1 0.00017048896560115199 2.5682529
true 6.626977380394528e-5 1002 8 8 0.24 2 0.00017048896560115199 15.3312868
true 6.945420786605427e-5 2080 8 8 0.24 3 0.00017048896560115199 43.9241278
true 9.351974524463014e-5 6267 8 8 0.24 4 0.00017048896560115199 154.0607249
true 2.4834692442410322e-5 170 8 1 0.25 1 0.00020065095512621192 1.6900551
true 3.903645803804423e-5 455 8 1 0.25 2 0.00020065095512621192 7.3814497
true 8.251627776623138e-5 1226 8 1 0.25 3 0.00020065095512621192 26.4190506
true 4.6035069405370166e-5 2262 8 1 0.25 4 0.00020065095512621192 67.0625341
true 2.53431731455922e-5 154 8 2 0.25 1 0.00020065095512621192 1.6192993
true 5.382006709048204e-6 640 8 2 0.25 2 0.00020065095512621192 10.5602283
true 0.00012101583430501606 1708 8 2 0.25 3 0.00020065095512621192 35.999674
true 0.00018612761145941903 3265 8 2 0.25 4 0.00020065095512621192 90.1700429
true 2.5224934650588022e-5 148 8 3 0.25 1 0.00020065095512621192 1.5236517
true 4.068771381186368e-5 552 8 3 0.25 2 0.00020065095512621192 9.1212568
true 8.096657028857275e-5 1587 8 3 0.25 3 0.00020065095512621192 33.1108514
true 0.00014047878722554344 2181 8 3 0.25 4 0.00020065095512621192 62.1492974
true 2.839990209074772e-5 263 8 4 0.25 1 0.00020065095512621192 2.3607702
true 8.062833195836283e-5 963 8 4 0.25 2 0.00020065095512621192 14.6171674
true 9.104074933395656e-5 4025 8 4 0.25 3 0.00020065095512621192 84.0039106
true 8.980312231024468e-5 4277 8 4 0.25 4 0.00020065095512621192 114.4902378
true 0.2000135823873333 187 8 5 0.25 1 0.00020065095512621192 1.7579692
true 0.20004966445537323 1069 8 5 0.25 2 0.00020065095512621192 16.0203055
true 6.930177163356754e-5 1836 8 5 0.25 3 0.00020065095512621192 39.5053866
true 0.00015093174855004276 3600 8 5 0.25 4 0.00020065095512621192 91.7144465
true 0.16672221604308493 177 8 6 0.25 1 0.00020065095512621192 1.8140335
true 0.08292305532890075 573 8 6 0.25 2 0.00020065095512621192 9.3461833
true 0.00010783084124736202 2485 8 6 0.25 3 0.00020065095512621192 48.7491146
true 0.0001794599298956904 3715 8 6 0.25 4 0.00020065095512621192 97.569409
true 8.94777889783078e-5 280 8 7 0.25 1 0.00020065095512621192 2.5227614
true 0.14304173220174166 825 8 7 0.25 2 0.00020065095512621192 12.7607995
true 0.0004736655402865497 3853 8 7 0.25 3 0.00020065095512621192 78.2720167
true 0.00010453901646187027 9744 8 7 0.25 4 0.00020065095512621192 250.0988126
true 0.1250192595254378 286 8 8 0.25 1 0.00020065095512621192 2.8770159
true 8.761190457982904e-5 1224 8 8 0.25 2 0.00020065095512621192 17.5978703
true 5.719640750027205e-5 3647 8 8 0.25 3 0.00020065095512621192 72.2431145
true 5.571716868744275e-5 5273 8 8 0.25 4 0.00020065095512621192 149.6826106
true 2.9936597769675277e-5 167 8 1 0.26 1 0.00023526288530908998 1.4824418
true 4.285525555314251e-5 610 8 1 0.26 2 0.00023526288530908998 10.0782024
true 5.757061281042031e-5 827 8 1 0.26 3 0.00023526288530908998 20.4816616
true 6.235672062693265e-5 1521 8 1 0.26 4 0.00023526288530908998 46.2006254
true 3.0721689119717066e-5 168 8 2 0.26 1 0.00023526288530908998 1.5791041
true 6.097722494874391e-5 1071 8 2 0.26 2 0.00023526288530908998 15.1638753
true 2.9277644333858266e-5 657 8 2 0.26 3 0.00023526288530908998 19.7155548
true 0.00019592961824044242 2428 8 2 0.26 4 0.00023526288530908998 69.0809372
true 3.047881817693406e-5 175 8 3 0.26 1 0.00023526288530908998 1.6999495
true 4.8540335573129166e-5 740 8 3 0.26 2 0.00023526288530908998 11.2597985
true 0.00013414762138380665 1233 8 3 0.26 3 0.00023526288530908998 27.3738408
true 0.00012341845699663048 2379 8 3 0.26 4 0.00023526288530908998 64.8059216
true 3.43921691632193e-5 212 8 4 0.26 1 0.00023526288530908998 1.9383237
true 0.00011146302653029794 419 8 4 0.26 2 0.00023526288530908998 7.3965933
true 0.00016304910691451735 913 8 4 0.26 3 0.00023526288530908998 21.5088635
true 0.00018191339901432735 4765 8 4 0.26 4 0.00023526288530908998 137.8232877
true 0.20001880390388016 189 8 5 0.26 1 0.00023526288530908998 1.8601785
true 9.536140615662436e-6 1664 8 5 0.26 2 0.00023526288530908998 25.5469968
true 0.00016253859487486144 1333 8 5 0.26 3 0.00023526288530908998 32.3544599
true 0.00015244546228011525 1424 8 5 0.26 4 0.00023526288530908998 46.4623608
true 0.16673205372591118 293 8 6 0.26 1 0.00023526288530908998 2.6972199
true 0.000123399564899207 1387 8 6 0.26 2 0.00023526288530908998 21.1288119
true 0.00010809646989336692 932 8 6 0.26 3 0.00023526288530908998 23.1640824
true 0.0001282679648683486 5369 8 6 0.26 4 0.00023526288530908998 144.8444146
true 0.00010577778684951942 227 8 7 0.26 1 0.00023526288530908998 2.2632376
true 0.00010210941831677906 1533 8 7 0.26 2 0.00023526288530908998 22.6696212
true 0.00013018042113934917 4700 8 7 0.26 3 0.00023526288530908998 92.981993
true 0.1428778705862042 2409 8 7 0.26 4 0.00023526288530908998 66.9273431
true 0.1250892522460107 358 8 8 0.26 1 0.00023526288530908998 3.4711517
true 9.351211491337441e-5 1763 8 8 0.26 2 0.00023526288530908998 25.5620387
true 0.000135894163381875 2711 8 8 0.26 3 0.00023526288530908998 54.0518486
true 0.12505747564197833 4017 8 8 0.26 4 0.00023526288530908998 107.5534355
true 3.561079421954272e-5 144 8 1 0.27 1 0.00027763914380781097 1.3580188
true 4.809958908741363e-5 345 8 1 0.27 2 0.00027763914380781097 6.3397661
true 3.084942105785471e-5 1117 8 1 0.27 3 0.00027763914380781097 24.7348863
true 0.00035879759096507646 2178 8 1 0.27 4 0.00027763914380781097 67.4668301
true 3.729843962116397e-5 163 8 2 0.27 1 0.00027763914380781097 1.5752765
true 1.717702944617483e-5 648 8 2 0.27 2 0.00027763914380781097 10.2990805
true 0.00021135847405617803 1987 8 2 0.27 3 0.00027763914380781097 42.109509
true 0.00022231899227154184 2871 8 2 0.27 4 0.00027763914380781097 76.0789464
true 3.692729570714537e-5 319 8 3 0.27 1 0.00027763914380781097 2.8218407
true 5.809944899143327e-5 375 8 3 0.27 2 0.00027763914380781097 6.8085274
true 0.00016225596190648042 1534 8 3 0.27 3 0.00027763914380781097 32.8212408
true 0.00015844782515091657 1180 8 3 0.27 4 0.00027763914380781097 41.1843769
true 4.18072484065779e-5 211 8 4 0.27 1 0.00027763914380781097 1.9905735
true 0.00014473035257554778 765 8 4 0.27 2 0.00027763914380781097 11.5891809
true 0.00013489180223837105 1973 8 4 0.27 3 0.00027763914380781097 42.2144501
true 0.00021755384895408292 2889 8 4 0.27 4 0.00027763914380781097 77.5542494
true 3.9575805002700634e-5 195 8 5 0.27 1 0.00027763914380781097 1.8997802
true 0.00012451837069912263 571 8 5 0.27 2 0.00027763914380781097 9.3303115
true 0.00011409350433093657 2084 8 5 0.27 3 0.00027763914380781097 43.0762542
true 0.00017406085463360642 1484 8 5 0.27 4 0.00027763914380781097 48.5135648
true 0.5000499525653913 145 8 6 0.27 1 0.00027763914380781097 1.7126952
true 0.00015036574617337725 1739 8 6 0.27 2 0.00027763914380781097 26.631107
true 9.666726457833545e-5 1627 8 6 0.27 3 0.00027763914380781097 35.2765413
true 0.00019393808496935097 5115 8 6 0.27 4 0.00027763914380781097 133.2041802
true 0.14297054558564223 291 8 7 0.27 1 0.00027763914380781097 2.6764563
true 0.00012780904120567632 1272 8 7 0.27 2 0.00027763914380781097 18.6125184
true 0.00011511117146396315 1407 8 7 0.27 3 0.00027763914380781097 31.8620605
true 0.0001336195931615412 2530 8 7 0.27 4 0.00027763914380781097 70.7295634
true 0.2500115144003726 175 8 8 0.27 1 0.00027763914380781097 1.8264333
true 0.00016421737977934114 949 8 8 0.27 2 0.00027763914380781097 14.9722473
true 0.00012417313920931594 3092 8 8 0.27 3 0.00027763914380781097 62.4060201
true 9.14148049407093e-5 2212 8 8 0.27 4 0.00027763914380781097 63.8400803
true 4.282506628977556e-5 167 8 1 0.28 1 0.0003286108662315683 1.3919883
true 5.046796678748189e-5 450 8 1 0.28 2 0.0003286108662315683 8.5387573
true 1.920288857171215e-5 985 8 1 0.28 3 0.0003286108662315683 24.7946604
true 7.928575129934057e-5 1297 8 1 0.28 4 0.0003286108662315683 47.0426787
true 4.439141497475374e-5 177 8 2 0.28 1 0.0003286108662315683 1.6286078
true 1.0943220820597288e-5 651 8 2 0.28 2 0.0003286108662315683 10.0383291
true 0.0001524235744160829 2390 8 2 0.28 3 0.0003286108662315683 50.3090205
true 0.00028257424091537864 2460 8 2 0.28 4 0.0003286108662315683 66.7176159
true 0.33334827463723604 233 8 3 0.28 1 0.0003286108662315683 2.0517771
true 5.504527961754565e-5 1026 8 3 0.28 2 0.0003286108662315683 14.9805667
true 5.338242405938942e-5 1047 8 3 0.28 3 0.0003286108662315683 23.8814443
true 0.0003034552020806565 4037 8 3 0.28 4 0.0003286108662315683 109.2874691
true 5.0362137347270686e-5 213 8 4 0.28 1 0.0003286108662315683 1.9443094
true 3.757688841930784e-5 958 8 4 0.28 2 0.0003286108662315683 14.4760608
true 0.00024929000485142405 1120 8 4 0.28 3 0.0003286108662315683 28.7193833
true 0.00031868770617204945 2296 8 4 0.28 4 0.0003286108662315683 67.1815695
true 4.7281335335847e-5 193 8 5 0.28 1 0.0003286108662315683 1.9149196
true 0.00014209071506354753 482 8 5 0.28 2 0.0003286108662315683 8.4018099
true 1.0729912764617654e-5 916 8 5 0.28 3 0.0003286108662315683 21.7118169
true 0.00023822896465269805 2629 8 5 0.28 4 0.0003286108662315683 77.6735647
true 0.00010467504173317099 238 8 6 0.28 1 0.0003286108662315683 2.1938717
true 0.00018563686111225386 1028 8 6 0.28 2 0.0003286108662315683 14.8956882
true 0.00011016524318320046 1767 8 6 0.28 3 0.0003286108662315683 37.5218474
true 0.0002494083927525037 2462 8 6 0.28 4 0.0003286108662315683 71.5375398
true 0.28573569278069977 234 8 7 0.28 1 0.0003286108662315683 2.3551907
true 0.00013937389447209774 668 8 7 0.28 2 0.0003286108662315683 10.4563667
true 0.00010019470242642445 1240 8 7 0.28 3 0.0003286108662315683 28.2312891
true 0.00017340478489059303 3235 8 7 0.28 4 0.0003286108662315683 88.600466
true 0.12512025639728735 311 8 8 0.28 1 0.0003286108662315683 2.9626182
true 2.591193622582255e-5 2571 8 8 0.28 2 0.0003286108662315683 36.9713528
true 0.0001299308441769509 2478 8 8 0.28 3 0.0003286108662315683 52.3225639
true 0.00018369117823624492 2746 8 8 0.28 4 0.0003286108662315683 77.8203158
true 5.122066582641249e-5 254 8 1 0.29 1 0.0004175455824969026 2.7115155
true 6.824302760266576e-5 411 8 1 0.29 2 0.0004175455824969026 9.4207651
true 8.719796303763294e-5 688 8 1 0.29 3 0.0004175455824969026 21.3199114
true 0.00013117116787775274 1158 8 1 0.29 4 0.0004175455824969026 40.1798773
true 5.447366055513769e-5 147 8 2 0.29 1 0.0004175455824969026 1.4677668
true 8.293990238752991e-5 385 8 2 0.29 2 0.0004175455824969026 7.1154153
true 9.636351680678001e-5 1658 8 2 0.29 3 0.0004175455824969026 33.9738579
true 0.00012016506881468159 1847 8 2 0.29 4 0.0004175455824969026 52.8810008
true 5.48107763418774e-5 230 8 3 0.29 1 0.0004175455824969026 1.9874018
true 6.567281273260155e-5 353 8 3 0.29 2 0.0004175455824969026 6.1991928
true 6.216695079166075e-5 1603 8 3 0.29 3 0.0004175455824969026 34.5557702
true 0.00027316162979592235 2512 8 3 0.29 4 0.0004175455824969026 68.3459878
true 0.00021807658865091728 186 8 4 0.29 1 0.0004175455824969026 1.8883772
true 0.00013059842054688464 444 8 4 0.29 2 0.0004175455824969026 8.3256154
true 0.00019203208015183826 2143 8 4 0.29 3 0.0004175455824969026 46.3213962
true 0.0003253002318025777 1225 8 4 0.29 4 0.0004175455824969026 39.4957712
true 0.20003586402075774 147 8 5 0.29 1 0.0004175455824969026 1.4934803
true 0.00016909609132099713 980 8 5 0.29 2 0.0004175455824969026 15.1594815
true 0.00014117330221915524 1590 8 5 0.29 3 0.0004175455824969026 35.9209132
true 0.00010951903902965965 4075 8 5 0.29 4 0.0004175455824969026 106.4563582
true 0.0001236252414158756 372 8 6 0.29 1 0.0004175455824969026 3.4823701
true 3.627407608008023e-5 1063 8 6 0.29 2 0.0004175455824969026 17.0917376
true 0.00012251256017259404 1298 8 6 0.29 3 0.0004175455824969026 29.445796
true 0.00023005118036933947 3437 8 6 0.29 4 0.0004175455824969026 96.3297921
true 0.1430128932884001 307 8 7 0.29 1 0.0004175455824969026 3.0103706
true 0.00017514862313438334 1000 8 7 0.29 2 0.0004175455824969026 15.2786381
true 0.00019397834103345484 1213 8 7 0.29 3 0.0004175455824969026 27.7545103
true 0.00015459488967840235 4424 8 7 0.29 4 0.0004175455824969026 116.2022275
true 0.12514443689592525 374 8 8 0.29 1 0.0004175455824969026 3.4516855
true 0.12460736299594717 2290 8 8 0.29 2 0.0004175455824969026 33.483222
true 0.0002514179174303577 4999 8 8 0.29 3 0.0004175455824969026 100.8745375
true 0.00019909315694870144 5034 8 8 0.29 4 0.0004175455824969026 134.0115217
true 6.056357982126004e-5 145 8 1 0.3 1 0.0004914661774798896 1.4748946
true 8.525613250243147e-5 446 8 1 0.3 2 0.0004914661774798896 7.5504352
true 0.00010930650780105466 1017 8 1 0.3 3 0.0004914661774798896 25.5128223
true 8.430596536240786e-5 1777 8 1 0.3 4 0.0004914661774798896 59.4791443
true 6.501840983585971e-5 160 8 2 0.3 1 0.0004914661774798896 1.5321467
true 2.1738804537041467e-5 889 8 2 0.3 2 0.0004914661774798896 13.1257406
true 6.334440012153997e-5 1079 8 2 0.3 3 0.0004914661774798896 25.8302005
true 0.00028012520106432404 1866 8 2 0.3 4 0.0004914661774798896 56.07429
true 0.3333548099772423 228 8 3 0.3 1 0.0004914661774798896 2.0790892
true 6.196924565182726e-5 697 8 3 0.3 2 0.0004914661774798896 11.2646668
true 0.00022649881601921606 1260 8 3 0.3 3 0.0004914661774798896 28.8176896
true 0.0002600539006621198 3522 8 3 0.3 4 0.0004914661774798896 92.4294714
true 0.25004395064920454 147 8 4 0.3 1 0.0004914661774798896 1.5194349
true 0.0002193056703386348 769 8 4 0.3 2 0.0004914661774798896 12.0519805
true 0.00021413714178437904 1485 8 4 0.3 3 0.0004914661774798896 31.6974505
true 0.0003273089824807479 1643 8 4 0.3 4 0.0004914661774798896 48.8115887
true 0.20003172898775218 192 8 5 0.3 1 0.0004914661774798896 1.920555
true 0.2001475950790994 752 8 5 0.3 2 0.0004914661774798896 11.5036634
true 0.00016271087517714112 1084 8 5 0.3 3 0.0004914661774798896 27.2405457
true 0.00024011916902193508 2897 8 5 0.3 4 0.0004914661774798896 78.4218194
true 0.1667886794643807 169 8 6 0.3 1 0.0004914661774798896 1.7645656
true 0.00025726340952624455 1277 8 6 0.3 2 0.0004914661774798896 18.3719395
true 0.0002652616596507303 3517 8 6 0.3 3 0.0004914661774798896 70.4200872
true 0.00030401164025515665 2453 8 6 0.3 4 0.0004914661774798896 68.8561911
true 0.00019883502938759592 193 8 7 0.3 1 0.0004914661774798896 1.9810496
true 0.00022225720745331197 2481 8 7 0.3 2 0.0004914661774798896 35.7792602
true 0.00022730337008790885 2665 8 7 0.3 3 0.0004914661774798896 55.2400592
true 0.00019530048103449143 5299 8 7 0.3 4 0.0004914661774798896 137.2288304
true 0.12516288545448637 448 8 8 0.3 1 0.0004914661774798896 4.2566984
true 0.12515126166315027 904 8 8 0.3 2 0.0004914661774798896 14.3391005
true 0.00016048102614484722 944 8 8 0.3 3 0.0004914661774798896 22.9922969
true 0.00030130350962951497 2208 8 8 0.3 4 0.0004914661774798896 64.0666317
true 7.266549771428599e-5 177 8 1 0.31 1 0.0006419240332108236 1.5715194
true 0.00010161835333105662 391 8 1 0.31 2 0.0006419240332108236 6.9670218
true 0.00015769766511619654 2082 8 1 0.31 3 0.0006419240332108236 47.4485084
true 0.0001004671469241325 1228 8 1 0.31 4 0.0006419240332108236 50.1220359
true 8.028948965671523e-5 193 8 2 0.31 1 0.0006419240332108236 1.9208205
true 0.00011429157432346626 531 8 2 0.31 2 0.0006419240332108236 8.5549265
true 0.0004000714160592167 1213 8 2 0.31 3 0.0006419240332108236 28.6852651
true 0.0005222981008631555 1743 8 2 0.31 4 0.0006419240332108236 52.3019074
true 8.17659218064389e-5 163 8 3 0.31 1 0.0006419240332108236 1.6725946
true 9.444367395222697e-5 581 8 3 0.31 2 0.0006419240332108236 9.1531753
true 0.0001646668640782704 1798 8 3 0.31 3 0.0006419240332108236 40.3752827
true 0.00030453505379733164 3101 8 3 0.31 4 0.0006419240332108236 84.075302
true 9.145369299563832e-5 259 8 4 0.31 1 0.0006419240332108236 2.342793
true 0.00026341502298316 1496 8 4 0.31 2 0.0006419240332108236 21.4256844
true 0.00021783357196304698 2033 8 4 0.31 3 0.0006419240332108236 42.3035733
true 0.00042034358879787515 3669 8 4 0.31 4 0.0006419240332108236 104.5249816
true 0.20011944947416213 295 8 5 0.31 1 0.0006419240332108236 2.8797305
true 0.00020095343852927217 777 8 5 0.31 2 0.0006419240332108236 12.163919
true 2.2926944718593133e-5 1508 8 5 0.31 3 0.0006419240332108236 32.9977943
true 0.0003319492324283191 3337 8 5 0.31 4 0.0006419240332108236 88.7142927
true 0.16680918677866904 400 8 6 0.31 1 0.0006419240332108236 3.7098313
true 0.00024984780265752127 1152 8 6 0.31 2 0.0006419240332108236 16.7427265
true 0.00015182156403868255 1921 8 6 0.31 3 0.0006419240332108236 41.2889033
true 0.00042806443910879216 3448 8 6 0.31 4 0.0006419240332108236 101.7278817
true 0.14307212592816937 221 8 7 0.31 1 0.0006419240332108236 2.2270858
true 0.00023611778380908506 1187 8 7 0.31 2 0.0006419240332108236 17.4061153
true 0.00015754582868548233 1709 8 7 0.31 3 0.0006419240332108236 37.7221537
true 2.938265676353088e-5 2247 8 7 0.31 4 0.0006419240332108236 64.9721204
true 0.37502019331027114 211 8 8 0.31 1 0.0006419240332108236 2.1104008
true 0.00021627028261133469 1368 8 8 0.31 2 0.0006419240332108236 19.6441052
true 0.00025723204261724614 3720 8 8 0.31 3 0.0006419240332108236 78.4663632
true 0.00028832494680289256 5663 8 8 0.31 4 0.0006419240332108236 166.125068
true 8.910303677206466e-5 157 8 1 0.32 1 0.0009656652986781123 1.4942077
true 0.00014389983940354956 345 8 1 0.32 2 0.0009656652986781123 6.4048569
true 6.595818597976422e-5 888 8 1 0.32 3 0.0009656652986781123 20.8674246
true 0.0006878998844203621 2328 8 1 0.32 4 0.0009656652986781123 69.4780348
true 0.00011694688926630614 328 8 2 0.32 1 0.0009656652986781123 3.0008591
true 0.0001371724584718903 1050 8 2 0.32 2 0.0009656652986781123 17.0628682
true 0.00012440803472993367 2322 8 2 0.32 3 0.0009656652986781123 47.4886404
true 0.00042075828537591065 2843 8 2 0.32 4 0.0009656652986781123 83.731926
true 0.00011006635423257045 201 8 3 0.32 1 0.0009656652986781123 1.8641773
true 0.00013798429983038116 1190 8 3 0.32 2 0.0009656652986781123 17.9088739
true 0.0002616867591081114 1061 8 3 0.32 3 0.0009656652986781123 24.9888606
true 0.0002538195455682087 2275 8 3 0.32 4 0.0009656652986781123 66.4331363
true 0.00011915281787841514 191 8 4 0.32 1 0.0009656652986781123 1.929011
true 0.00024239888087561334 851 8 4 0.32 2 0.0009656652986781123 12.3962044
true 0.0002444851092481687 1234 8 4 0.32 3 0.0009656652986781123 27.6562706
true 0.00029944772071729964 2148 8 4 0.32 4 0.0009656652986781123 62.7532619
true 0.2000753312783862 174 8 5 0.32 1 0.0009656652986781123 1.684349
true 0.00017257283590490501 674 8 5 0.32 2 0.0009656652986781123 10.8128786
true 0.00021113936923208287 1549 8 5 0.32 3 0.0009656652986781123 34.2009143
true 0.0003780851204888136 4167 8 5 0.32 4 0.0009656652986781123 110.909675
true 0.0002088624942176709 219 8 6 0.32 1 0.0009656652986781123 2.1140765
true 5.533793115865734e-5 1764 8 6 0.32 2 0.0009656652986781123 26.4925591
true 0.0003188220694223809 1756 8 6 0.32 3 0.0009656652986781123 37.1170197
true 0.0003065658445546571 2084 8 6 0.32 4 0.0009656652986781123 61.5044564
true 0.14311512668151063 192 8 7 0.32 1 0.0009656652986781123 1.986498
true 0.00026059901588953993 719 8 7 0.32 2 0.0009656652986781123 11.4957107
true 0.07131735533747982 6500 8 7 0.32 3 0.0009656652986781123 134.7171472
true 0.00039091360476294675 2684 8 7 0.32 4 0.0009656652986781123 76.6652134
true 0.12522467256236774 482 8 8 0.32 1 0.0009656652986781123 4.3885118
true 0.0002299627993390188 933 8 8 0.32 2 0.0009656652986781123 14.4797096
true 0.00018495916221620418 1878 8 8 0.32 3 0.0009656652986781123 40.7801377
true 0.000251637266379362 8691 8 8 0.32 4 0.0009656652986781123 228.0262665
true 0.00011294762958058424 175 8 1 0.33 1 0.0015946641801874357 1.7189964
true 6.318781322495193e-5 703 8 1 0.33 2 0.0015946641801874357 10.4790036
true 0.0002069166198650496 1856 8 1 0.33 3 0.0015946641801874357 39.8457994
true 3.707527955676415e-5 970 8 1 0.33 4 0.0015946641801874357 32.2194955
true 0.0001487060905789872 312 8 2 0.33 1 0.0015946641801874357 2.7249075
true 0.00021158251228689529 359 8 2 0.33 2 0.0015946641801874357 6.6165866
true 0.000612179416787012 810 8 2 0.33 3 0.0015946641801874357 22.1155456
true 0.0005288887152355981 3832 8 2 0.33 4 0.0015946641801874357 101.2456513
true 0.00016073302035439033 178 8 3 0.33 1 0.0015946641801874357 1.6859099
true 0.00018155521144413989 432 8 3 0.33 2 0.0015946641801874357 7.3893343
true 0.00021128147502399072 1484 8 3 0.33 3 0.0015946641801874357 33.4179504
true 0.0003825720701502074 3283 8 3 0.33 4 0.0015946641801874357 95.8492347
true 0.2501102117915246 211 8 4 0.33 1 0.0015946641801874357 1.9028584
true 0.00011882141451446948 780 8 4 0.33 2 0.0015946641801874357 12.0409713
true 0.00035784545611883267 1564 8 4 0.33 3 0.0015946641801874357 34.0596314
true 0.0005311842792059401 3076 8 4 0.33 4 0.0015946641801874357 87.928928
true 0.20007797234932764 172 8 5 0.33 1 0.0015946641801874357 1.7824857
true 0.00031396541269976817 1231 8 5 0.33 2 0.0015946641801874357 18.3415545
true 0.00028831501277251095 3011 8 5 0.33 3 0.0015946641801874357 62.7680364
true 0.0004533786330494172 2156 8 5 0.33 4 0.0015946641801874357 63.3072938
true 0.0002651129492355538 255 8 6 0.33 1 0.0015946641801874357 2.3706949
true 0.00042934976519129475 850 8 6 0.33 2 0.0015946641801874357 13.2956194
true 0.0002951643900711472 1067 8 6 0.33 3 0.0015946641801874357 25.8533836
true 0.00037839144447002204 6356 8 6 0.33 4 0.0015946641801874357 166.0802939
true 0.14317183817807858 384 8 7 0.33 1 0.0015946641801874357 3.5125942
true 0.14308089162939958 654 8 7 0.33 2 0.0015946641801874357 10.4270765
true 0.0004287664426476022 5531 8 7 0.33 3 0.0015946641801874357 112.15558
true 0.0003338179782756174 1790 8 7 0.33 4 0.0015946641801874357 55.7091923
true 0.12509411350449523 216 8 8 0.33 1 0.0015946641801874357 2.1565758
true 0.00029684654010013467 1692 8 8 0.33 2 0.0015946641801874357 24.0391593
true 0.00021736084282729384 3146 8 8 0.33 3 0.0015946641801874357 63.0309194
true 0.0003961580672058179 1356 8 8 0.33 4 0.0015946641801874357 43.7077457
true 0.00016356020172259012 151 8 1 0.34 1 0.0032721762465393357 1.4503318
true 0.0001583991987544331 664 8 1 0.34 2 0.0032721762465393357 11.4154139
true 0.00024657331384259074 1717 8 1 0.34 3 0.0032721762465393357 42.0868344
true 0.00022375083688747077 1242 8 1 0.34 4 0.0032721762465393357 39.556796
true 0.0005364770727005752 188 8 2 0.34 1 0.0032721762465393357 1.9982969
true 0.00016289002199454394 1257 8 2 0.34 2 0.0032721762465393357 18.0946812
true 0.00032094209195890344 731 8 2 0.34 3 0.0032721762465393357 20.4217592
true 0.0010480235507867863 3095 8 2 0.34 4 0.0032721762465393357 84.9994709
true 0.00029188390217741816 283 8 3 0.34 1 0.0032721762465393357 2.7516669
true 0.0002773419672357595 443 8 3 0.34 2 0.0032721762465393357 7.8672232
true 0.0005668668630329221 2136 8 3 0.34 3 0.0032721762465393357 44.4430797
true 0.0005855584814078255 1893 8 3 0.34 4 0.0032721762465393357 59.605681
true 0.0002832422013075847 237 8 4 0.34 1 0.0032721762465393357 2.1822097
true 0.0005211625525932961 585 8 4 0.34 2 0.0032721762465393357 9.4524324
true 0.0004911161565915034 1741 8 4 0.34 3 0.0032721762465393357 37.8006844
true 0.0002488619875712361 4106 8 4 0.34 4 0.0032721762465393357 108.6852907
true 0.00025214156297688196 195 8 5 0.34 1 0.0032721762465393357 1.8840878
true 0.00035937803908361323 2027 8 5 0.34 2 0.0032721762465393357 29.1132729
true 0.00038663932164261227 1790 8 5 0.34 3 0.0032721762465393357 39.727522
true 0.0005350634916334917 2744 8 5 0.34 4 0.0032721762465393357 79.8393618
true 0.00038943168027836633 227 8 6 0.34 1 0.0032721762465393357 2.1431728
true 0.0005244723838790192 1249 8 6 0.34 2 0.0032721762465393357 18.4547716
true 0.0004858808987617628 2054 8 6 0.34 3 0.0032721762465393357 42.7320483
true 0.0005843237206727414 2783 8 6 0.34 4 0.0032721762465393357 77.5439042
true 0.28578838135332846 214 8 7 0.34 1 0.0032721762465393357 2.1559847
true 0.0005187777796533359 1153 8 7 0.34 2 0.0032721762465393357 18.8960124
true 0.00032069597842951776 2710 8 7 0.34 3 0.0032721762465393357 60.0290283
true 0.00048196681657116817 3697 8 7 0.34 4 0.0032721762465393357 98.9200514
true 0.12541350335689685 699 8 8 0.34 1 0.0032721762465393357 6.439586
true 0.0003393569704006824 1979 8 8 0.34 2 0.0032721762465393357 30.0969985
true 0.12533433280750433 1855 8 8 0.34 3 0.0032721762465393357 40.9551708
true 0.0005239252820744625 4669 8 8 0.34 4 0.0032721762465393357 134.993691
true 0.00026034662839685696 198 8 1 0.35 1 0.0064367258595390735 1.8070646
true 0.000655998802590263 327 8 1 0.35 2 0.0064367258595390735 6.2879283
true 0.00047319312054877605 616 8 1 0.35 3 0.0064367258595390735 16.6522906
true 0.0004013951130201199 1358 8 1 0.35 4 0.0064367258595390735 47.9700845
true 0.00047637193115218635 291 8 2 0.35 1 0.0064367258595390735 2.4621438
true 0.00042047563581312786 485 8 2 0.35 2 0.0064367258595390735 8.3580879
true 0.0009688622177384809 1329 8 2 0.35 3 0.0064367258595390735 29.3291419
true 0.0010022359079489285 2654 8 2 0.35 4 0.0064367258595390735 77.6255547
true 0.0005562752327210041 622 8 3 0.35 1 0.0064367258595390735 5.5598998
true 0.00037586899560894854 397 8 3 0.35 2 0.0064367258595390735 7.2939566
true 0.0005856170896973804 1901 8 3 0.35 3 0.0064367258595390735 41.51276
true 0.0003808715139884307 2687 8 3 0.35 4 0.0064367258595390735 73.1873155
true 0.2501556299544613 194 8 4 0.35 1 0.0064367258595390735 1.9081629
true 0.0008670644586354914 490 8 4 0.35 2 0.0064367258595390735 8.3907359
true 0.0006893069730413148 2250 8 4 0.35 3 0.0064367258595390735 46.1623433
true 0.0008634170491840787 3555 8 4 0.35 4 0.0064367258595390735 94.8353741
true 0.20015199515145382 150 8 5 0.35 1 0.0064367258595390735 1.6114452
true 0.0005173632712754839 1050 8 5 0.35 2 0.0064367258595390735 15.462809
true 0.0007705075151842822 1930 8 5 0.35 3 0.0064367258595390735 40.9689225
true 0.0009129638126697759 1462 8 5 0.35 4 0.0064367258595390735 47.6935607
true 0.167203607496899 276 8 6 0.35 1 0.0064367258595390735 2.6011122
true 0.0004965877786499706 1057 8 6 0.35 2 0.0064367258595390735 15.791738
true 0.0006450898747187203 713 8 6 0.35 3 0.0064367258595390735 18.8632513
true 0.00043540248479086624 4248 8 6 0.35 4 0.0064367258595390735 115.3402452
true 0.2863389953564372 298 8 7 0.35 1 0.0064367258595390735 2.7549763
true 0.0004603393865971433 738 8 7 0.35 2 0.0064367258595390735 11.9487087
true 0.14368366164132665 2932 8 7 0.35 3 0.0064367258595390735 61.6574073
true 0.1435482832216009 6703 8 7 0.35 4 0.0064367258595390735 175.1749544
true 0.12546908714438532 816 8 8 0.35 1 0.0064367258595390735 7.3616588
true 0.0005026400587499966 1941 8 8 0.35 2 0.0064367258595390735 28.5023898
true 0.000565093171582487 3061 8 8 0.35 3 0.0064367258595390735 63.7407074
true 0.0006233264400197364 5846 8 8 0.35 4 0.0064367258595390735 159.6403072
true 0.0005322307885521349 196 8 1 0.36 1 0.014911844688028395 1.8184142
true 0.00026414489973475286 1336 8 1 0.36 2 0.014911844688028395 20.2067622
true 0.0013239584866188148 584 8 1 0.36 3 0.014911844688028395 17.9005718
true 0.00022736285608321305 3868 8 1 0.36 4 0.014911844688028395 106.553691
true 0.0011183197556256519 177 8 2 0.36 1 0.014911844688028395 1.8271242
true 0.0011620012330468277 724 8 2 0.36 2 0.014911844688028395 12.1912407
true 0.001158929334310721 1670 8 2 0.36 3 0.014911844688028395 36.6910461
true 0.0016591911301281903 2357 8 2 0.36 4 0.014911844688028395 65.9733425
true 0.001338758890022551 370 8 3 0.36 1 0.014911844688028395 3.1393898
true 0.0015354506073921859 506 8 3 0.36 2 0.014911844688028395 9.1815812
true 0.0006890325805402978 1806 8 3 0.36 3 0.014911844688028395 39.113984
true 0.0011837688480884994 4593 8 3 0.36 4 0.014911844688028395 119.8039092
true 0.0011864489323633737 265 8 4 0.36 1 0.014911844688028395 2.3767569
true 0.0010138176182034747 739 8 4 0.36 2 0.014911844688028395 12.3143008
true 0.0009261141615317936 1825 8 4 0.36 3 0.014911844688028395 41.2176734
true 0.0008209694991260785 6435 8 4 0.36 4 0.014911844688028395 165.9173318
true 0.20081813982083907 308 8 5 0.36 1 0.014911844688028395 2.9430266
true 0.0006786828423037128 3671 8 5 0.36 2 0.014911844688028395 52.7672949
true 0.0013833891412544318 1050 8 5 0.36 3 0.014911844688028395 23.859932
true 0.0018207531379506813 3162 8 5 0.36 4 0.014911844688028395 99.2383701
true 0.33388617439987217 218 8 6 0.36 1 0.014911844688028395 2.1436245
true 0.001095671655233869 2366 8 6 0.36 2 0.014911844688028395 34.3159215
true 0.16745977158406247 834 8 6 0.36 3 0.014911844688028395 20.6177552
true 0.0019228158745403328 1155 8 6 0.36 4 0.014911844688028395 41.7443384
true 0.2862137164650403 153 8 7 0.36 1 0.014911844688028395 1.6477454
true 0.07096201861299302 1490 8 7 0.36 2 0.014911844688028395 22.9129618
true 0.0011112894548789356 2677 8 7 0.36 3 0.014911844688028395 56.427588
true 0.001478762763513267 6652 8 7 0.36 4 0.014911844688028395 175.5757331
true 0.2506438026839231 222 8 8 0.36 1 0.014911844688028395 2.2482719
true 0.0012159591041445011 2869 8 8 0.36 2 0.014911844688028395 43.1980556
true 0.001995372984348473 2072 8 8 0.36 3 0.014911844688028395 44.3661307
true 0.0016648643937502358 2389 8 8 0.36 4 0.014911844688028395 72.0292843
true 0.001612584040483811 276 8 1 0.37 1 0.04330148052247659 2.4149847
true 0.0007571437827723626 861 8 1 0.37 2 0.04330148052247659 12.9912786
true 0.0007264872960409119 1665 8 1 0.37 3 0.04330148052247659 35.109717
true 0.0002801556341509581 5158 8 1 0.37 4 0.04330148052247659 141.5288441
true 0.0036983986462639507 163 8 2 0.37 1 0.04330148052247659 1.5873299
true 0.0006661733074778131 545 8 2 0.37 2 0.04330148052247659 9.7893398
true 0.0009804783996518185 1785 8 2 0.37 3 0.04330148052247659 39.2771116
true 0.004284695570821145 3563 8 2 0.37 4 0.04330148052247659 94.4453694
true 0.004494157046189828 230 8 3 0.37 1 0.04330148052247659 2.2316308
true 0.002560581365407081 592 8 3 0.37 2 0.04330148052247659 9.7978654
true 0.0009929510944240068 5354 8 3 0.37 3 0.04330148052247659 107.7366564
true 0.0010581510985009368 10297 8 3 0.37 4 0.04330148052247659 264.5986213
true 0.003883866515359574 224 8 4 0.37 1 0.04330148052247659 2.1252013
true 0.0016741627873280013 2264 8 4 0.37 2 0.04330148052247659 32.1921956
true 0.0008821755087772415 3703 8 4 0.37 3 0.04330148052247659 76.351374
true 0.0016266693247204977 13954 8 4 0.37 4 0.04330148052247659 360.9873769
true 0.20270771024525874 307 8 5 0.37 1 0.04330148052247659 3.0135592
true 0.0029074689051131974 2096 8 5 0.37 2 0.04330148052247659 30.5307744
true 0.001000705472332808 4069 8 5 0.37 3 0.04330148052247659 82.4462624
true 0.004597882852264312 2327 8 5 0.37 4 0.04330148052247659 72.1201105
true 0.17013075093380917 231 8 6 0.37 1 0.04330148052247659 2.2210673
true 0.002980508177900243 1685 8 6 0.37 2 0.04330148052247659 24.4205591
true 0.004420423283432211 1278 8 6 0.37 3 0.04330148052247659 29.3643829
true 0.0040585499556180515 4549 8 6 0.37 4 0.04330148052247659 121.3784094
true 0.14687980111531548 436 8 7 0.37 1 0.04330148052247659 4.1401245
true 0.0007291070652567987 931 8 7 0.37 2 0.04330148052247659 14.464946
true 0.0010146950079643613 3288 8 7 0.37 3 0.04330148052247659 67.0830803
true 0.0038329443126675555 4493 8 7 0.37 4 0.04330148052247659 124.4299428
true 0.12762245619865484 319 8 8 0.37 1 0.04330148052247659 2.995357
true 0.006297133515970041 1670 8 8 0.37 2 0.04330148052247659 24.433163
true 0.0007561382544607476 8220 8 8 0.37 3 0.04330148052247659 163.04659
true 0.0032510689056012773 9371 8 8 0.37 4 0.04330148052247659 246.2348061
true 0.0027724252545934247 141 8 1 0.38 1 0.06802735308496373 1.4190786
true 0.0006927801329824623 1304 8 1 0.38 2 0.06802735308496373 18.8310457
true 0.0009785170869054394 953 8 1 0.38 3 0.06802735308496373 24.9019683
true 0.0010008469811046417 3505 8 1 0.38 4 0.06802735308496373 96.0057186
true 0.00633450043115788 150 8 2 0.38 1 0.06802735308496373 1.4829626
true 0.0017398374118361426 2227 8 2 0.38 2 0.06802735308496373 31.8214087
true 0.0014302583111380218 3699 8 2 0.38 3 0.06802735308496373 76.0548061
true 0.000622990736001916 10202 8 2 0.38 4 0.06802735308496373 261.529638
true 0.00770012612508623 170 8 3 0.38 1 0.06802735308496373 1.6902085
true 0.0008563383573839863 1258 8 3 0.38 2 0.06802735308496373 19.0300052
true 0.0012770592390763946 4427 8 3 0.38 3 0.06802735308496373 89.5501595
true 0.002447589866515406 8900 8 3 0.38 4 0.06802735308496373 235.9815563
true 0.006646075313673089 294 8 4 0.38 1 0.06802735308496373 2.6572119
true 0.0010030257194542092 2157 8 4 0.38 2 0.06802735308496373 32.2428701
true 0.0018136046507239156 3904 8 4 0.38 3 0.06802735308496373 79.3114886
true 0.0021161487602213563 13471 8 4 0.38 4 0.06802735308496373 350.9731358
true 0.005746479899711232 278 8 5 0.38 1 0.06802735308496373 2.5444315
true 0.00464940313540525 1628 8 5 0.38 2 0.06802735308496373 23.9172681
true 0.20093878535639909 2989 8 5 0.38 3 0.06802735308496373 63.7660275
true 0.0004350482277033385 6916 8 5 0.38 4 0.06802735308496373 179.7721468
true 0.16990340221003364 426 8 6 0.38 1 0.06802735308496373 3.9413836
true 0.006673472324510404 1310 8 6 0.38 2 0.06802735308496373 20.1046839
true 0.001739273415852986 6636 8 6 0.38 3 0.06802735308496373 136.4020936
true 0.0031675762520592676 6161 8 6 0.38 4 0.06802735308496373 160.1773845
true 0.14735347409988345 185 8 7 0.38 1 0.06802735308496373 1.9154326
true 0.007224280997276511 731 8 7 0.38 2 0.06802735308496373 12.1452625
true 0.00033844945626927095 10049 8 7 0.38 3 0.06802735308496373 207.2326585
true 0.0011095607352350648 16488 8 7 0.38 4 0.06802735308496373 416.1885338
true 0.25378172226476786 321 8 8 0.38 1 0.06802735308496373 2.6962432
true 0.006529120896495141 1985 8 8 0.38 2 0.06802735308496373 27.4336158
true 0.1300353972754394 1272 8 8 0.38 3 0.06802735308496373 27.1446338
true 0.0010233221648426258 11048 8 8 0.38 4 0.06802735308496373 268.5530173
true 0.002779663787610076 165 8 1 0.39 1 0.06550587700762392 1.4453669
true 0.0019117685250040761 670 8 1 0.39 2 0.06550587700762392 10.3364878
true 0.0013352155342205019 2497 8 1 0.39 3 0.06550587700762392 49.2340716
true 0.0008717144037477254 4293 8 1 0.39 4 0.06550587700762392 101.2218808
true 0.006071558937347343 311 8 2 0.39 1 0.06550587700762392 2.451122
true 0.0008191505585707637 1286 8 2 0.39 2 0.06550587700762392 16.9119214
true 0.00619097025215018 1918 8 2 0.39 3 0.06550587700762392 36.7555608
true 0.0025056323253184187 9334 8 2 0.39 4 0.06550587700762392 221.5490815
true 0.007341661508406798 217 8 3 0.39 1 0.06550587700762392 1.7063124
true 0.0007483772960502252 2169 8 3 0.39 2 0.06550587700762392 27.7857241
true 0.0013593397307216832 7029 8 3 0.39 3 0.06550587700762392 126.9095057
true 0.0012391046710474862 5911 8 3 0.39 4 0.06550587700762392 138.65517
true 0.006383849081285309 257 8 4 0.39 1 0.06550587700762392 2.0315028
true 0.001913395879258012 3288 8 4 0.39 2 0.06550587700762392 40.220131
true 0.005945047879044693 3687 8 4 0.39 3 0.06550587700762392 68.8809473
true 0.003112706592977646 7250 8 4 0.39 4 0.06550587700762392 173.0866661
true 0.20467091613949712 235 8 5 0.39 1 0.06550587700762392 1.9170963
true 0.004084301219861752 2207 8 5 0.39 2 0.06550587700762392 30.09428
true 0.2015092238914707 5115 8 5 0.39 3 0.06550587700762392 96.8408145
true 0.0035334576468550984 13092 8 5 0.39 4 0.06550587700762392 306.816772
true 0.17202433462135605 217 8 6 0.39 1 0.06550587700762392 2.2247806
true 0.00406038716169856 1039 8 6 0.39 2 0.06550587700762392 13.9581736
true 0.001597043088537568 3949 8 6 0.39 3 0.06550587700762392 73.9886193
true 0.0015276682360411224 6307 8 6 0.39 4 0.06550587700762392 150.9332987
true 0.14723487827455137 235 8 7 0.39 1 0.06550587700762392 2.1977879
true 0.1469151558168449 2420 8 7 0.39 2 0.06550587700762392 32.2195715
true 0.005495857378156348 2946 8 7 0.39 3 0.06550587700762392 58.6810627
true 0.0019708714534651234 8659 8 7 0.39 4 0.06550587700762392 212.6234625
true 0.0067072501565086165 630 8 8 0.39 1 0.06550587700762392 5.0868095
true 0.001148199397019281 1843 8 8 0.39 2 0.06550587700762392 24.2074511
true 0.12861368003548923 1963 8 8 0.39 3 0.06550587700762392 40.612086
true 0.006807365658379222 7144 8 8 0.39 4 0.06550587700762392 170.283296
true 0.011149480600600614 186 8 1 0.4 1 0.19554009410104872 1.5349619
true 0.0021732888124387784 1275 8 1 0.4 2 0.19554009410104872 15.9431536
true 0.0018957125420491217 3716 8 1 0.4 3 0.19554009410104872 65.7759228
true 0.002940674993154535 4598 8 1 0.4 4 0.19554009410104872 110.3097559
true 0.024116869322908463 147 8 2 0.4 1 0.19554009410104872 1.2710504
true 0.005284745496618559 914 8 2 0.4 2 0.19554009410104872 12.808972
true 0.004930708485950508 4525 8 2 0.4 3 0.19554009410104872 80.4369061
true 0.0011245085907003183 9301 8 2 0.4 4 0.19554009410104872 233.7942899
true 0.02905327509920319 216 8 3 0.4 1 0.19554009410104872 1.9432714
true 0.006801271886324345 845 8 3 0.4 2 0.19554009410104872 13.2699648
true 0.0003264339081340088 3908 8 3 0.4 3 0.19554009410104872 76.9731323
true 0.0017815002212035285 9502 8 3 0.4 4 0.19554009410104872 251.0340999
true 0.02524734487915639 252 8 4 0.4 1 0.19554009410104872 2.2488399
true 0.0024981966681877354 920 8 4 0.4 2 0.19554009410104872 14.052916
true 0.024701406542459073 2441 8 4 0.4 3 0.19554009410104872 50.8593646
true 0.004613746040937838 17414 8 4 0.4 4 0.19554009410104872 460.3077062
true 0.21735833997284812 246 8 5 0.4 1 0.19554009410104872 2.5684252
true 0.002419374874314195 582 8 5 0.4 2 0.19554009410104872 9.6855815
true 0.005746398960956178 2786 8 5 0.4 3 0.19554009410104872 59.7833348
true 0.012245669793659254 6842 8 5 0.4 4 0.19554009410104872 181.1565752
true 0.18799032221513645 162 8 6 0.4 1 0.19554009410104872 1.7030202
true 0.17687023547620698 1439 8 6 0.4 2 0.19554009410104872 22.200825
true 0.17646308802945967 2462 8 6 0.4 3 0.19554009410104872 50.8735505
true 0.015129296156935987 8557 8 6 0.4 4 0.19554009410104872 229.7781206
true 0.2977199084777892 197 8 7 0.4 1 0.19554009410104872 2.1072072
true 0.0024511048669201285 1444 8 7 0.4 2 0.19554009410104872 22.1788037
true 0.0003211124381871021 4955 8 7 0.4 3 0.19554009410104872 106.4123436
true 0.016997552643215025 14975 8 7 0.4 4 0.19554009410104872 399.9885405
true 0.3794388039644625 339 8 8 0.4 1 0.19554009410104872 3.20617
true 0.025263064315149845 2220 8 8 0.4 2 0.19554009410104872 35.5546779
true 0.0021858680780707657 6370 8 8 0.4 3 0.19554009410104872 125.0375852
true 0.01610799829444163 5620 8 8 0.4 4 0.19554009410104872 148.9276166
true 0.011042080274658306 162 8 1 0.41 1 0.18889286645015071 1.5878496
true 0.006177087614249677 847 8 1 0.41 2 0.18889286645015071 14.074191
true 0.0038807819743319483 2353 8 1 0.41 3 0.18889286645015071 48.7428425
true 0.0025563782959420744 6727 8 1 0.41 4 0.18889286645015071 186.3464915
true 0.02305820829204222 251 8 2 0.41 1 0.18889286645015071 2.2330538
true 0.019909275414832367 479 8 2 0.41 2 0.18889286645015071 8.7727957
true 0.00025698483168909436 5351 8 2 0.41 3 0.18889286645015071 108.1348639
true 0.00473643669008858 3418 8 2 0.41 4 0.18889286645015071 96.5413186
true 0.027677763700268292 313 8 3 0.41 1 0.18889286645015071 3.0273707
true 0.0068443246204487425 2215 8 3 0.41 2 0.18889286645015071 33.713951
true 0.017073937220608664 3400 8 3 0.41 3 0.18889286645015071 70.781392
true 0.006372421529574235 2799 8 3 0.41 4 0.18889286645015071 78.8027774
true 0.024175842821532123 221 8 4 0.41 1 0.18889286645015071 2.0189914
true 0.007255632975043877 1873 8 4 0.41 2 0.18889286645015071 27.2745824
true 0.014356126703261807 2048 8 4 0.41 3 0.18889286645015071 46.2488767
true 0.006283266216074987 8607 8 4 0.41 4 0.18889286645015071 226.157075
true 0.20616117565431374 245 8 5 0.41 1 0.18889286645015071 2.4083514
true 0.02703894053320205 562 8 5 0.41 2 0.18889286645015071 9.4429812
true 0.006058798121354281 6781 8 5 0.41 3 0.18889286645015071 136.0759793
true 0.007059354982829358 7807 8 5 0.41 4 0.18889286645015071 202.4567756
true 0.1782976957742917 359 8 6 0.41 1 0.18889286645015071 3.0284852
true 0.002488816208193717 863 8 6 0.41 2 0.18889286645015071 12.8841234
true 0.022480135332968314 1341 8 6 0.41 3 0.18889286645015071 30.6619645
true 0.0028632129535756854 2912 8 6 0.41 4 0.18889286645015071 78.5115486
true 0.025764344157284774 289 8 7 0.41 1 0.18889286645015071 2.7047249
true 0.017705315811167428 3113 8 7 0.41 2 0.18889286645015071 46.635223
true 0.019509677282773943 8218 8 7 0.41 3 0.18889286645015071 168.9701641
true 0.0007383575180481272 9867 8 7 0.41 4 0.18889286645015071 275.5564422
true 0.024690836828297008 599 8 8 0.41 1 0.18889286645015071 5.8063161
true 0.020765136538770337 3041 8 8 0.41 2 0.18889286645015071 45.806954
true 0.0004307135261408454 6863 8 8 0.41 3 0.18889286645015071 143.1834519
true 0.005743769122349814 21342 8 8 0.41 4 0.18889286645015071 569.6000316
true 0.007680519159972143 186 8 1 0.42 1 0.13631122814293237 1.7285905
true 0.002985022182247221 1161 8 1 0.42 2 0.13631122814293237 16.4114766
true 0.002094573457844029 2918 8 1 0.42 3 0.13631122814293237 63.474666
true 0.00011597295106535732 11310 8 1 0.42 4 0.13631122814293237 283.5623459
true 0.015128791199110286 170 8 2 0.42 1 0.13631122814293237 1.6132903
true 0.004282879320480687 1078 8 2 0.42 2 0.13631122814293237 16.1252955
true 0.004096609446742505 3275 8 2 0.42 3 0.13631122814293237 62.1466983
true 0.004664479634365504 5292 8 2 0.42 4 0.13631122814293237 130.4556671
true 0.3354156667885404 139 8 3 0.42 1 0.13631122814293237 1.3558061
true 0.003846437877513431 1148 8 3 0.42 2 0.13631122814293237 16.6399279
true 0.0036100160776535253 4999 8 3 0.42 3 0.13631122814293237 99.1645115
true 0.005297861716311636 6890 8 3 0.42 4 0.13631122814293237 179.1646934
true 0.26193664581918086 297 8 4 0.42 1 0.13631122814293237 2.7015517
true 0.005382609470941865 1579 8 4 0.42 2 0.13631122814293237 22.4501801
true 0.005417517936114308 2906 8 4 0.42 3 0.13631122814293237 57.6892388
true 0.0026318287290519465 10996 8 4 0.42 4 0.13631122814293237 284.7841579
true 0.01392557463790045 272 8 5 0.42 1 0.13631122814293237 2.5049554
true 0.016616749297255873 1006 8 5 0.42 2 0.13631122814293237 15.1494976
true 0.004323118321262231 8169 8 5 0.42 3 0.13631122814293237 158.7979932
true 0.008740200345509607 15095 8 5 0.42 4 0.13631122814293237 391.0663405
true 0.015400630930934031 513 8 6 0.42 1 0.13631122814293237 4.6066019
true 0.0021166264110292488 3177 8 6 0.42 2 0.13631122814293237 43.9836238
true 0.008544865298136195 3119 8 6 0.42 3 0.13631122814293237 68.1360556
true 0.002232629221032345 10392 8 6 0.42 4 0.13631122814293237 273.7617482
true 0.28860098516679755 195 8 7 0.42 1 0.13631122814293237 2.05184
true 0.012000462996519754 3145 8 7 0.42 2 0.13631122814293237 49.3537932
true 0.0004627859723982465 4881 8 7 0.42 3 0.13631122814293237 104.4510919
true 0.00635293273064618 15906 8 7 0.42 4 0.13631122814293237 418.8369218
true 0.1389936665939114 361 8 8 0.42 1 0.13631122814293237 3.4389976
true 0.002436509237657959 2145 8 8 0.42 2 0.13631122814293237 31.5342441
true 0.0018299467907854153 5254 8 8 0.42 3 0.13631122814293237 110.2011977
true 0.003092308355136443 6701 8 8 0.42 4 0.13631122814293237 180.933686
true 0.02219977043517024 278 8 1 0.43 1 0.3018002607547395 2.589588
true 0.004927374087234537 638 8 1 0.43 2 0.3018002607547395 11.0330429
true 0.004667853772498509 2912 8 1 0.43 3 0.3018002607547395 62.2376822
true 0.004058862816763931 7915 8 1 0.43 4 0.3018002607547395 210.6853119
true 0.044100225722976755 164 8 2 0.43 1 0.3018002607547395 1.6667795
true 0.011059637349074475 1316 8 2 0.43 2 0.3018002607547395 20.1143572
true 0.009701543869244322 3933 8 2 0.43 3 0.3018002607547395 80.7306233
true 0.004409590983584094 7856 8 2 0.43 4 0.3018002607547395 209.7438718
true 0.05241594809154811 354 8 3 0.43 1 0.3018002607547395 3.1824149
true 0.004330739032309979 1046 8 3 0.43 2 0.3018002607547395 15.5225857
true 0.0074027066671921715 2655 8 3 0.43 3 0.3018002607547395 53.9141072
true 0.00979396561748854 16327 8 3 0.43 4 0.3018002607547395 425.3757057
true 0.04627721632508684 219 8 4 0.43 1 0.3018002607547395 2.1728505
true 0.014177630074990386 2496 8 4 0.43 2 0.3018002607547395 35.5290958
true 0.025054358422401404 2991 8 4 0.43 3 0.3018002607547395 68.5633786
true 0.010061027679622234 8455 8 4 0.43 4 0.3018002607547395 225.0866665
true 0.040629313088626995 259 8 5 0.43 1 0.3018002607547395 2.5005093
true 0.004441248460547354 1521 8 5 0.43 2 0.3018002607547395 24.017804
true 0.0005218470383424823 2884 8 5 0.43 3 0.3018002607547395 67.1990623
true 0.0006505811903374625 11197 8 5 0.43 4 0.3018002607547395 305.5963632
true 0.04434364289023603 231 8 6 0.43 1 0.3018002607547395 2.1798541
true 0.16574778684827515 909 8 6 0.43 2 0.3018002607547395 14.9579298
true 0.022518403260385345 7765 8 6 0.43 3 0.3018002607547395 157.9178493
true 0.005402270740910671 9020 8 6 0.43 4 0.3018002607547395 232.9171898
true 0.29546216805108233 244 8 7 0.43 1 0.3018002607547395 2.3178979
true 0.03394900597638014 1760 8 7 0.43 2 0.3018002607547395 25.5606157
true 0.03076552979654263 3213 8 7 0.43 3 0.3018002607547395 69.7899313
true 8.412819439891837e-5 6267 8 7 0.43 4 0.3018002607547395 165.7253247
true 0.16605459000788314 331 8 8 0.43 1 0.3018002607547395 3.3655065
true 0.28805089106664833 2455 8 8 0.43 2 0.3018002607547395 38.646792
true 0.023107395088293653 11033 8 8 0.43 3 0.3018002607547395 228.331963
true 0.004721384701664708 7640 8 8 0.43 4 0.3018002607547395 196.8916832
true 0.029383780096442436 184 8 1 0.44 1 0.3591551388267881 1.7720607
true 0.009262603619607623 1432 8 1 0.44 2 0.3591551388267881 21.0798984
true 0.010760601210343168 1132 8 1 0.44 3 0.3591551388267881 31.2774066
true 9.399552431021974e-5 6406 8 1 0.44 4 0.3591551388267881 164.7742805
true 0.0570820412513324 146 8 2 0.44 1 0.3591551388267881 1.4527479
true 0.005540723584473162 1765 8 2 0.44 2 0.3591551388267881 25.9291905
true 0.010033185022646995 4733 8 2 0.44 3 0.3591551388267881 93.6959137
true 0.0075481938342052135 6152 8 2 0.44 4 0.3591551388267881 167.1801916
true 0.34103474962937036 169 8 3 0.44 1 0.3591551388267881 1.6763967
true 0.0181304377656686 1132 8 3 0.44 2 0.3591551388267881 16.7997937
true 0.013994211665797803 2015 8 3 0.44 3 0.3591551388267881 41.9340502
true 0.0008992869322978677 8576 8 3 0.44 4 0.3591551388267881 217.0069531
true 0.2659461211261342 173 8 4 0.44 1 0.3591551388267881 1.7662407
true 0.05597175081611411 1302 8 4 0.44 2 0.3591551388267881 19.3687087
true 0.00879943107219007 2307 8 4 0.44 3 0.3591551388267881 50.1950718
true 0.010302452000891582 10874 8 4 0.44 4 0.3591551388267881 281.6779697
true 0.21728164044691614 166 8 5 0.44 1 0.3591551388267881 1.735341
true 0.03690208463157048 1131 8 5 0.44 2 0.3591551388267881 16.791059
true 0.00051057870230381 2291 8 5 0.44 3 0.3591551388267881 48.8353189
true 0.005917501748575571 12868 8 5 0.44 4 0.3591551388267881 326.1291981
true 0.057324813423464745 433 8 6 0.44 1 0.3591551388267881 3.9053824
true 0.005319586945466877 521 8 6 0.44 2 0.3591551388267881 8.9603864
true 0.04228905442358008 1459 8 6 0.44 3 0.3591551388267881 34.7733954
true 0.005348346605419681 9802 8 6 0.44 4 0.3591551388267881 259.4327058
true 0.06286384342307558 293 8 7 0.44 1 0.3591551388267881 2.8258617
true 0.005391031428590091 688 8 7 0.44 2 0.3591551388267881 11.535603
true 0.008675294604363852 5746 8 7 0.44 3 0.3591551388267881 118.4110166
true 0.016545654451359044 12955 8 7 0.44 4 0.3591551388267881 341.9948526
true 0.1615402431641066 265 8 8 0.44 1 0.3591551388267881 2.5781711
true 0.05159228035047836 2289 8 8 0.44 2 0.3591551388267881 35.6201812
true 0.12812712488669892 2270 8 8 0.44 3 0.3591551388267881 50.6630189
true 0.005512580393928254 3390 8 8 0.44 4 0.3591551388267881 93.7415918
true 0.052044646333641364 176 8 1 0.45 1 0.5160396457256929 1.8208999
true 0.009201347855216147 1267 8 1 0.45 2 0.5160396457256929 19.5570373
true 0.009338171029782905 2289 8 1 0.45 3 0.5160396457256929 49.6202614
true 0.004064611481819247 7110 8 1 0.45 4 0.5160396457256929 185.6465413
true 0.10370691732769508 163 8 2 0.45 1 0.5160396457256929 1.5561264
true 0.009051048928170491 1058 8 2 0.45 2 0.5160396457256929 15.8259693
true 0.02232142830652048 1244 8 2 0.45 3 0.5160396457256929 28.0605064
true 0.013702318877132663 4589 8 2 0.45 4 0.5160396457256929 118.5361893
true 0.12177796879642995 316 8 3 0.45 1 0.5160396457256929 2.7938395
true 0.009168294741110897 1672 8 3 0.45 2 0.5160396457256929 25.8102062
true 0.06954392886241244 1421 8 3 0.45 3 0.5160396457256929 30.4723051
true 0.008580364120319428 2503 8 3 0.45 4 0.5160396457256929 69.912953
true 0.2780221362541346 176 8 4 0.45 1 0.5160396457256929 1.8004555
true 0.027697687515400415 1640 8 4 0.45 2 0.5160396457256929 23.7981359
true 0.06299069816836358 5295 8 4 0.45 3 0.5160396457256929 107.6504736
true 0.02366212799106744 5417 8 4 0.45 4 0.5160396457256929 145.5029289
true 0.09621799273265362 208 8 5 0.45 1 0.5160396457256929 1.9297691
true 0.008867022937175107 637 8 5 0.45 2 0.5160396457256929 10.5371657
true 0.022957871934989237 7272 8 5 0.45 3 0.5160396457256929 147.6630083
true 0.0001996274987848934 7577 8 5 0.45 4 0.5160396457256929 203.049458
true 0.10395051620823892 326 8 6 0.45 1 0.5160396457256929 3.0813093
true 0.007885589854835071 1429 8 6 0.45 2 0.5160396457256929 21.1141245
true 0.08146644676130907 4331 8 6 0.45 3 0.5160396457256929 93.0856869
true 0.007046296805926823 14019 8 6 0.45 4 0.5160396457256929 356.9937746
true 0.2069761977829835 603 8 7 0.45 1 0.5160396457256929 5.7700156
true 0.007894733050260085 852 8 7 0.45 2 0.5160396457256929 13.5362255
true 0.06580257144496256 5966 8 7 0.45 3 0.5160396457256929 119.0104602
true 0.003115249380455931 28377 8 7 0.45 4 0.5160396457256929 743.1455519
true 0.19156880895766012 318 8 8 0.45 1 0.5160396457256929 2.9646454
true 0.09327624633971898 1403 8 8 0.45 2 0.5160396457256929 20.7447878
true 0.00043486981324738355 15645 8 8 0.45 3 0.5160396457256929 314.2571209
true 0.007742883537693333 9105 8 8 0.45 4 0.5160396457256929 233.2754893
true 0.083803004835726 146 8 1 0.46 1 0.6720631097508816 1.5354149
true 0.024932321877298713 581 8 1 0.46 2 0.6720631097508816 9.1485125
true 0.012860953342219095 3100 8 1 0.46 3 0.6720631097508816 62.373239
true 0.007274288623780378 13776 8 1 0.46 4 0.6720631097508816 353.2668226
true 0.1945370711891924 246 8 2 0.46 1 0.6720631097508816 2.0427925
true 0.03807336275247558 1610 8 2 0.46 2 0.6720631097508816 22.8309923
true 0.02735832168323188 6793 8 2 0.46 3 0.6720631097508816 146.2852407
true 0.01811489851618106 5341 8 2 0.46 4 0.6720631097508816 137.7678287
true 0.3308119482095984 199 8 3 0.46 1 0.6720631097508816 1.9897493
true 0.048606187641771194 1046 8 3 0.46 2 0.6720631097508816 15.6450392
true 0.004403861774944506 3922 8 3 0.46 3 0.6720631097508816 82.0240508
true 0.0003719847673399612 17819 8 3 0.46 4 0.6720631097508816 474.6382802
true 0.2055100263701749 311 8 4 0.46 1 0.6720631097508816 2.8013675
true 0.04988505093429611 1175 8 4 0.46 2 0.6720631097508816 17.4663918
true 0.02805850396621347 2826 8 4 0.46 3 0.6720631097508816 59.611819
true 0.009193476874149495 11651 8 4 0.46 4 0.6720631097508816 295.2186196
true 0.1815644183660113 228 8 5 0.46 1 0.6720631097508816 2.1714045
true 0.11831236484112957 1273 8 5 0.46 2 0.6720631097508816 19.5350781
true 0.03434337931211936 5089 8 5 0.46 3 0.6720631097508816 99.3256196
true 0.006593322715985261 6674 8 5 0.46 4 0.6720631097508816 174.1764621
true 0.3198152845756677 232 8 6 0.46 1 0.6720631097508816 2.1551568
true 0.010481712365734697 572 8 6 0.46 2 0.6720631097508816 9.4529185
true 0.09085824411486125 5249 8 6 0.46 3 0.6720631097508816 111.5223803
true 0.008198396025621732 3859 8 6 0.46 4 0.6720631097508816 105.4732055
true 0.3215085247280576 218 8 7 0.46 1 0.6720631097508816 2.1425157
true 0.14518366730024526 1338 8 7 0.46 2 0.6720631097508816 19.9345468
true 0.20480760122042888 4791 8 7 0.46 3 0.6720631097508816 97.3616205
true 0.008871087176386865 25191 8 7 0.46 4 0.6720631097508816 667.9097802
true 0.29553827136837735 398 8 8 0.46 1 0.6720631097508816 3.8260196
true 0.17286447944854605 1113 8 8 0.46 2 0.6720631097508816 17.0413064
true 0.19009178948470457 3566 8 8 0.46 3 0.6720631097508816 73.0939998
true 0.0029768968634304657 18928 8 8 0.46 4 0.6720631097508816 480.5832825
true 0.0784035534345145 250 8 1 0.47 1 0.6339212805324497 2.1441343
true 0.02378932655285587 758 8 1 0.47 2 0.6339212805324497 11.7814072
true 0.012665053667076376 2265 8 1 0.47 3 0.6339212805324497 47.4911784
true 0.007107802728624879 9908 8 1 0.47 4 0.6339212805324497 262.0950732
true 0.1617960977087641 156 8 2 0.47 1 0.6339212805324497 1.5699372
true 0.0128144146779188 645 8 2 0.47 2 0.6339212805324497 10.19318
true 0.023624474344911772 5413 8 2 0.47 3 0.6339212805324497 106.1562091
true 0.02068781530710792 8330 8 2 0.47 4 0.6339212805324497 212.7525706
true 0.1878579177042822 302 8 3 0.47 1 0.6339212805324497 2.7473482
true 0.03859877482847285 801 8 3 0.47 2 0.6339212805324497 11.9812968
true 0.01894687813130465 5400 8 3 0.47 3 0.6339212805324497 112.7176516
true 0.011633089664197719 8061 8 3 0.47 4 0.6339212805324497 208.1744946
true 0.28957585864133234 161 8 4 0.47 1 0.6339212805324497 1.5875911
true 0.01210776571959346 1732 8 4 0.47 2 0.6339212805324497 24.3903679
true 0.036585513084573945 2208 8 4 0.47 3 0.6339212805324497 49.1027825
true 0.0793536171946733 6460 8 4 0.47 4 0.6339212805324497 170.0610566
true 0.2448709355024145 336 8 5 0.47 1 0.6339212805324497 3.0024996
true 0.10985851793943491 1096 8 5 0.47 2 0.6339212805324497 15.9675251
true 0.0004704543877703915 2688 8 5 0.47 3 0.6339212805324497 56.5444669
true 0.0429461762712214 9539 8 5 0.47 4 0.6339212805324497 260.4160828
true 0.31199630742558554 173 8 6 0.47 1 0.6339212805324497 1.770984
true 0.010342438569085843 1296 8 6 0.47 2 0.6339212805324497 19.9332869
true 0.03358105745274468 12151 8 6 0.47 3 0.6339212805324497 259.9162144
true 0.018453129834731307 9392 8 6 0.47 4 0.6339212805324497 242.2084433
true 0.17644860264875242 272 8 7 0.47 1 0.6339212805324497 2.7522651
true 0.12344859155217185 1030 8 7 0.47 2 0.6339212805324497 15.8642395
true 0.05684406520158763 3346 8 7 0.47 3 0.6339212805324497 73.1458807
true 0.009105220843371667 5877 8 7 0.47 4 0.6339212805324497 160.5165216
true 0.32540371831360226 250 8 8 0.47 1 0.6339212805324497 2.629307
true 0.009194509553694379 1933 8 8 0.47 2 0.6339212805324497 30.3377602
true 0.00038283129783817094 6482 8 8 0.47 3 0.6339212805324497 128.0132929
true 0.010498447304909335 20169 8 8 0.47 4 0.6339212805324497 538.949999
true 0.08982485989938255 243 8 1 0.48 1 0.6665514341886835 2.1052166
true 0.02720905115455713 930 8 1 0.48 2 0.6665514341886835 13.4191985
true 0.009584450714554715 4581 8 1 0.48 3 0.6665514341886835 94.3098769
true 0.003375147302968784 3915 8 1 0.48 4 0.6665514341886835 105.2212607
true 0.18982628619894917 214 8 2 0.48 1 0.6665514341886835 1.9026497
true 0.01425711143347183 572 8 2 0.48 2 0.6665514341886835 9.0152271
true 0.02176147307815468 2180 8 2 0.48 3 0.6665514341886835 44.6926938
true 0.00346556692653871 8068 8 2 0.48 4 0.6665514341886835 198.8403537
true 0.21887612098694068 424 8 3 0.48 1 0.6665514341886835 3.7923667
true 0.05315778454020866 881 8 3 0.48 2 0.6665514341886835 13.2622953
true 0.021846122572267996 2007 8 3 0.48 3 0.6665514341886835 41.8490773
true 0.022739274193438852 4380 8 3 0.48 4 0.6665514341886835 115.8376104
true 0.20033442557070302 223 8 4 0.48 1 0.6665514341886835 2.3008182
true 0.05441396159798266 1068 8 4 0.48 2 0.6665514341886835 16.1212311
true 0.00029311598790926485 6212 8 4 0.48 3 0.6665514341886835 116.4625024
true 0.03887618770541172 8271 8 4 0.48 4 0.6665514341886835 227.1847207
true 0.24968625808905057 238 8 5 0.48 1 0.6665514341886835 2.3756681
true 0.11965585290553549 1884 8 5 0.48 2 0.6665514341886835 30.5648932
true 0.00039883430512162034 8948 8 5 0.48 3 0.6665514341886835 165.4227905
true 0.010838316284721728 2126 8 5 0.48 4 0.6665514341886835 58.2626277
true 0.29334743279327874 244 8 6 0.48 1 0.6665514341886835 2.3284568
true 0.01131177645014055 1069 8 6 0.48 2 0.6665514341886835 15.3280691
true 0.00044647398804041155 10193 8 6 0.48 3 0.6665514341886835 192.7630097
true 0.0002176904991330423 15232 8 6 0.48 4 0.6665514341886835 359.4475975
true 0.20663134301634548 340 8 7 0.48 1 0.6665514341886835 3.0803731
true 0.011107334216323594 1406 8 7 0.48 2 0.6665514341886835 19.0752288
true 0.0004197760287494856 8127 8 7 0.48 3 0.6665514341886835 156.0176905
true 0.06354660707593258 11405 8 7 0.48 4 0.6665514341886835 287.3302847
true 0.20169764401656715 320 8 8 0.48 1 0.6665514341886835 2.9137299
true 0.2016653026501638 1846 8 8 0.48 2 0.6665514341886835 25.6041034
true 0.00032204106459721854 9897 8 8 0.48 3 0.6665514341886835 191.0588379
true 0.014010336300840275 10697 8 8 0.48 4 0.6665514341886835 278.1489426
true 0.09994854739870762 144 8 1 0.49 1 0.6893045031005157 1.4166173
true 0.030476252770206158 996 8 1 0.49 2 0.6893045031005157 14.7074394
true 0.017069936608370972 3659 8 1 0.49 3 0.6893045031005157 72.0875155
true 0.007995768557783 7131 8 1 0.49 4 0.6893045031005157 171.5284835
true 0.23646353133386006 230 8 2 0.49 1 0.6893045031005157 2.0191426
true 0.04819338642986984 1040 8 2 0.49 2 0.6893045031005157 14.1954842
true 0.013073779851922651 3016 8 2 0.49 3 0.6893045031005157 59.7668209
true 0.00424309082986582 7201 8 2 0.49 4 0.6893045031005157 177.3033792
true 0.27138898179823573 136 8 3 0.49 1 0.6893045031005157 1.4062828
true 0.015688611985195 467 8 3 0.49 2 0.6893045031005157 7.4694317
true 0.035911218395188606 3132 8 3 0.49 3 0.6893045031005157 62.8404151
true 0.013799929321925142 4149 8 3 0.49 4 0.6893045031005157 106.6495769
true 0.25944658151784084 141 8 4 0.49 1 0.6893045031005157 1.406396
true 0.060678528901267154 1503 8 4 0.49 2 0.6893045031005157 20.8426006
true 0.0357146481336279 6513 8 4 0.49 3 0.6893045031005157 123.592821
true 0.013649500348971694 10270 8 4 0.49 4 0.6893045031005157 260.233378
true 0.25581234019333865 307 8 5 0.49 1 0.6893045031005157 2.6855724
true 0.01441267304736964 1298 8 5 0.49 2 0.6893045031005157 17.8945978
true 0.000407432304726274 6014 8 5 0.49 3 0.6893045031005157 174.2144681
true 0.011502698307909221 6713 8 5 0.49 4 0.6893045031005157 195.6679912
true 0.2464549172133043 199 8 6 0.49 1 0.6893045031005157 2.1215433
true 0.13809620177479043 2058 8 6 0.49 2 0.6893045031005157 33.2838392
true 0.11686801365049256 9336 8 6 0.49 3 0.6893045031005157 210.1860342
true 0.013637204296825384 22422 8 6 0.49 4 0.6893045031005157 645.9607931
true 0.4040800428823634 287 8 7 0.49 1 0.6893045031005157 3.1412597
true 0.01179498002583663 1096 8 7 0.49 2 0.6893045031005157 18.0510662
true 0.00026888719831622395 1711 8 7 0.49 3 0.6893045031005157 41.1347618
true 0.10225382992708269 2325 8 7 0.49 4 0.6893045031005157 80.9384833
true 0.3864763516259475 329 8 8 0.49 1 0.6893045031005157 3.4280788
true 0.01035747420026676 1277 8 8 0.49 2 0.6893045031005157 21.035679
true 0.14358238936759943 5534 8 8 0.49 3 0.6893045031005157 121.9141698
true 0.04211891303441502 13704 8 8 0.49 4 0.6893045031005157 373.120933
true 0.10397565573768286 212 8 1 0.5 1 0.6885114446946737 1.8306699
true 0.03191255614138222 1086 8 1 0.5 2 0.6885114446946737 17.1027443
true 0.01719057185959938 3964 8 1 0.5 3 0.6885114446946737 79.2753557
true 0.0060176750688607505 8109 8 1 0.5 4 0.6885114446946737 214.8759541
true 0.23756312139007837 158 8 2 0.5 1 0.6885114446946737 1.5544677
true 0.016089756279815265 538 8 2 0.5 2 0.6885114446946737 8.6300636
true 0.0372115617798095 3048 8 2 0.5 3 0.6885114446946737 63.6846166
true 0.02250585414194864 4117 8 2 0.5 4 0.6885114446946737 115.938554
true 0.2710228868328096 227 8 3 0.5 1 0.6885114446946737 2.1161586
true 0.016294919552314546 581 8 3 0.5 2 0.6885114446946737 9.7323728
true 0.00926348698403969 4695 8 3 0.5 3 0.6885114446946737 97.5725129
true 0.03711286066371002 5090 8 3 0.5 4 0.6885114446946737 139.7696673
true 0.30351948935376705 220 8 4 0.5 1 0.6885114446946737 2.0530718
true 0.06379826036891172 600 8 4 0.5 2 0.6885114446946737 9.5948799
true 0.02411752649873508 2133 8 4 0.5 3 0.6885114446946737 43.9369564
true 0.10694883680430813 6167 8 4 0.5 4 0.6885114446946737 153.1758863
true 0.25793232258266563 179 8 5 0.5 1 0.6885114446946737 1.9088413
true 0.014933033863189404 1473 8 5 0.5 2 0.6885114446946737 22.3939696
true 0.12369492535053687 3572 8 5 0.5 3 0.6885114446946737 72.393137
true 0.0006873212539935447 19408 8 5 0.5 4 0.6885114446946737 509.8050998
true 0.24569780405085892 197 8 6 0.5 1 0.6885114446946737 1.9965053
true 0.012501473835540159 2494 8 6 0.5 2 0.6885114446946737 39.5954846
true 0.043626584174377175 13270 8 6 0.5 3 0.6885114446946737 278.3097239
true 0.009782269677071872 7168 8 6 0.5 4 0.6885114446946737 193.7648319
true 0.26483231956619824 386 8 7 0.5 1 0.6885114446946737 3.8612073
true 0.18088180687861996 2436 8 7 0.5 2 0.6885114446946737 36.2619565
true 0.00044527258075234755 8918 8 7 0.5 3 0.6885114446946737 173.7608603
true 0.16729173515176754 8916 8 7 0.5 4 0.6885114446946737 231.4798543
true 0.2533505405823677 313 8 8 0.5 1 0.6885114446946737 3.001497
true 0.010720395840072158 941 8 8 0.5 2 0.6885114446946737 14.3770785
true 0.08552011622594978 5641 8 8 0.5 3 0.6885114446946737 111.3232775
true 0.014146087409990252 7841 8 8 0.5 4 0.6885114446946737 202.4419949
true 0.1079925270656299 276 8 1 0.51 1 0.6867094058674592 2.572301
true 0.033480107310858875 1085 8 1 0.51 2 0.6867094058674592 15.8602653
true 0.018108448782613473 1650 8 1 0.51 3 0.6867094058674592 36.2642018
true 0.011549472273389427 5737 8 1 0.51 4 0.6867094058674592 150.2151407
true 0.2311660390557226 274 8 2 0.51 1 0.6867094058674592 2.4512433
true 0.0500261588169138 1089 8 2 0.51 2 0.6867094058674592 16.0670795
true 0.22193913567260531 2945 8 2 0.51 3 0.6867094058674592 62.5550639
true 0.013520873469525602 4093 8 2 0.51 4 0.6867094058674592 106.1486521
true 0.2619311145345628 160 8 3 0.51 1 0.6867094058674592 1.5583007
true 0.06503637461859268 593 8 3 0.51 2 0.6867094058674592 9.6286084
true 0.036347663908369 5859 8 3 0.51 3 0.6867094058674592 131.1692609
true 0.02619213687044203 5455 8 3 0.51 4 0.6867094058674592 192.6507473
true 0.30544486391139714 192 8 4 0.51 1 0.6867094058674592 1.7620507
true 0.06694575255622527 1720 8 4 0.51 2 0.6867094058674592 25.8783335
true 0.04949680416239621 2588 8 4 0.51 3 0.6867094058674592 52.2243427
true 0.00029130869449822683 3366 8 4 0.51 4 0.6867094058674592 103.2905406
true 0.23865983866500207 192 8 5 0.51 1 0.6867094058674592 7.4734876
true 0.015425201254054189 930 8 5 0.51 2 0.6867094058674592 50.0391038
true 0.045628652575257736 4239 8 5 0.51 3 0.6867094058674592 315.2121277
true 0.012332714034192893 5358 8 5 0.51 4 0.6867094058674592 498.4279758
true 0.23259411663863563 231 8 6 0.51 1 0.6867094058674592 8.2251785
true 0.2533286975402407 1153 8 6 0.51 2 0.6867094058674592 63.2494792
true 0.17728348582053913 2680 8 6 0.51 3 0.6867094058674592 199.214738
true 0.009988464223878946 11550 8 6 0.51 4 0.6867094058674592 1028.83678
true 0.410493385416243 265 8 7 0.51 1 0.6867094058674592 9.7164985
true 0.01260375778730726 1087 8 7 0.51 2 0.6867094058674592 60.0142426
true 0.0004413154234147375 2163 8 7 0.51 3 0.6867094058674592 169.0982066
true 0.00019128487257202048 17550 8 7 0.51 4 0.6867094058674592 1687.5655515
true 0.26719859869974094 314 8 8 0.51 1 0.6867094058674592 11.3240407
true 0.12146072996697574 1861 8 8 0.51 2 0.6867094058674592 103.6147977
true 0.14090010687393478 10216 8 8 0.51 3 0.6867094058674592 746.707542
true 0.01315048368109728 11353 8 8 0.51 4 0.6867094058674592 529.894103
true 0.1125053621899531 212 8 1 0.52 1 0.686465557464803 1.8610383
true 0.03982548048796902 658 8 1 0.52 2 0.686465557464803 10.6093912
true 0.020486608654593674 2459 8 1 0.52 3 0.686465557464803 48.517999
true 0.019876375539455537 6329 8 1 0.52 4 0.686465557464803 160.9200805
true 0.24060437732601406 297 8 2 0.52 1 0.686465557464803 2.4977155
true 0.05261109957089519 1355 8 2 0.52 2 0.686465557464803 19.1466329
true 0.03570892417253346 1032 8 2 0.52 3 0.686465557464803 23.4251155
true 0.01315617220894405 9877 8 2 0.52 4 0.686465557464803 240.0369715
true 0.27247977216307256 164 8 3 0.52 1 0.686465557464803 1.6554731
true 0.017496894836676307 1234 8 3 0.52 2 0.686465557464803 17.3243005
true 0.041860092899871325 3748 8 3 0.52 3 0.686465557464803 73.223949
true 0.015192616331541009 1908 8 3 0.52 4 0.686465557464803 52.1446645
true 0.25604415451253404 187 8 4 0.52 1 0.686465557464803 1.7886668
true 0.07048576618074177 1612 8 4 0.52 2 0.686465557464803 23.0169241
true 0.04150306787659386 2351 8 4 0.52 3 0.686465557464803 50.0411031
true 0.06633905712043266 7998 8 4 0.52 4 0.686465557464803 199.5908826
true 0.3710368865794254 230 8 5 0.52 1 0.686465557464803 2.0440001
true 0.01594253864483549 571 8 5 0.52 2 0.686465557464803 9.0037765
true 0.0004189671856181798 2855 8 5 0.52 3 0.686465557464803 56.7989908
true 0.0004520995884170209 21651 8 5 0.52 4 0.686465557464803 539.4652972
true 0.243424535594451 205 8 6 0.52 1 0.686465557464803 1.9399414
true 0.013364447425887124 2008 8 6 0.52 2 0.686465557464803 28.8329356
true 0.16818549705314503 2366 8 6 0.52 3 0.686465557464803 48.0705081
true 0.002166573827156052 15995 8 6 0.52 4 0.686465557464803 393.3929375
true 0.30871534575553106 267 8 7 0.52 1 0.686465557464803 2.4723856
true 0.01301097920175134 2060 8 7 0.52 2 0.686465557464803 28.4433587
true 0.06931469721682243 3806 8 7 0.52 3 0.686465557464803 80.1794706
true 0.012887467621592834 3183 8 7 0.52 4 0.686465557464803 86.4620757
true 0.29192089550481837 199 8 8 0.52 1 0.686465557464803 1.9300964
true 0.20782556399182767 1609 8 8 0.52 2 0.686465557464803 22.9813204
true 0.1473050550429683 4676 8 8 0.52 3 0.686465557464803 90.6536237
true 0.14137057371969017 8430 8 8 0.52 4 0.686465557464803 215.8532022
true 0.11682779177848912 157 8 1 0.53 1 0.6851586752346672 1.3890055
true 0.036860905931871135 1201 8 1 0.53 2 0.6851586752346672 17.7187672
true 0.01371941945608024 5202 8 1 0.53 3 0.6851586752346672 103.5092776
true 0.01679249498954749 8370 8 1 0.53 4 0.6851586752346672 222.7701281
true 0.24118071022054938 149 8 2 0.53 1 0.6851586752346672 1.4617111
true 0.05509586236571054 836 8 2 0.53 2 0.6851586752346672 12.8078548
true 0.003491248229013949 984 8 2 0.53 3 0.6851586752346672 22.7466534