g_converged min_loss iter nsites nqubits0 h nlayers SvN m time
true 0.034000968732236125 151 6 1 1.51 1 0.14860607298695988 0.0 0.903786
true 0.0010541524507342026 375 6 1 1.51 2 0.14860607298695988 0.0 4.0715267
true 0.00011549704808866412 1672 6 1 1.51 3 0.14860607298695988 0.0 21.2550865
true 0.0007213204491994807 1471 6 1 1.51 4 0.14860607298695988 0.0 25.9025669
true 0.0336435350644505 159 6 2 1.51 1 0.14860607298695988 0.0 0.9796354
true 0.0009710895973925882 366 6 2 1.51 2 0.14860607298695988 0.0 3.8337032
true 0.031187873654654974 1464 6 2 1.51 3 0.14860607298695988 0.0 20.8917686
true 0.000637878777497547 2195 6 2 1.51 4 0.14860607298695988 0.0 36.7827654
true 0.03352431403153211 120 6 3 1.51 1 0.14860607298695988 0.0 0.8462276
true 0.0009800736968802275 836 6 3 1.51 2 0.14860607298695988 0.0 8.1190059
true 0.03206328057295967 724 6 3 1.51 3 0.14860607298695988 0.0 10.74065
true 0.0007587037196819894 4415 6 3 1.51 4 0.14860607298695988 0.0 70.6621474
true 0.03243073121019854 132 6 4 1.51 1 0.14860607298695988 0.0 0.897358
true 0.0007944471179708451 1485 6 4 1.51 2 0.14860607298695988 0.0 13.4542198
true 0.0004700283034660413 2205 6 4 1.51 3 0.14860607298695988 0.0 28.7324298
true 0.0005730442676574465 6176 6 4 1.51 4 0.14860607298695988 0.0 101.6661761
true 0.031774427563075226 218 6 5 1.51 1 0.14860607298695988 0.0 1.4049369
true 0.0007945618236072538 1253 6 5 1.51 2 0.14860607298695988 0.0 12.0071951
true 0.0008712679538914081 4416 6 5 1.51 3 0.14860607298695988 0.0 57.3857323
true 0.00038392575493224613 5141 6 5 1.51 4 0.14860607298695988 0.0 82.3381814
true 0.1834292724703822 174 6 6 1.51 1 0.14860607298695988 0.0 1.1915441
true 0.0006984219446036407 1699 6 6 1.51 2 0.14860607298695988 0.0 16.0444816
true 0.00013657968927329364 3830 6 6 1.51 3 0.14860607298695988 0.0 49.1792467
true 0.0007238027039976521 5677 6 6 1.51 4 0.14860607298695988 0.0 94.1638122
true 0.03345546883244138 122 6 1 1.52 1 0.14676781227962965 0.0 0.7453981
true 0.032644304702235005 268 6 1 1.52 2 0.14676781227962965 0.0 3.0670758
true 0.0010059454256492462 909 6 1 1.52 3 0.14676781227962965 0.0 12.7402357
true 0.0003401406884325775 3509 6 1 1.52 4 0.14676781227962965 0.0 56.6654844
true 0.03311074180626308 131 6 2 1.52 1 0.14676781227962965 0.0 0.8798284
true 0.0009381560945303791 1860 6 2 1.52 2 0.14676781227962965 0.0 16.9414465
true 0.0013118205361586643 3856 6 2 1.52 3 0.14676781227962965 0.0 50.8163651
true 0.0005750229587575539 4350 6 2 1.52 4 0.14676781227962965 0.0 69.6545057
true 0.03299575608780512 81 6 3 1.52 1 0.14676781227962965 0.0 0.5973486
true 0.0009524886804173257 849 6 3 1.52 2 0.14676781227962965 0.0 8.5402127
true 0.00017068400374801543 1350 6 3 1.52 3 0.14676781227962965 0.0 17.8662604
true 0.00015555842386122398 4680 6 3 1.52 4 0.14676781227962965 0.0 74.7677852
true 0.03193243608338364 130 6 4 1.52 1 0.14676781227962965 0.0 0.8778449
true 0.0008155821991403384 381 6 4 1.52 2 0.14676781227962965 0.0 4.2005501
true 0.00014220983772510187 3025 6 4 1.52 3 0.14676781227962965 0.0 39.0135947
true 0.00010638578666422038 8214 6 4 1.52 4 0.14676781227962965 0.0 129.2275481
true 0.03129452047435392 286 6 5 1.52 1 0.14676781227962965 0.0 1.8804457
true 0.20046702918008172 1591 6 5 1.52 2 0.14676781227962965 0.0 15.1371765
true 9.49248397788649e-5 7136 6 5 1.52 3 0.14676781227962965 0.0 91.4164811
true 0.000614544931154748 8515 6 5 1.52 4 0.14676781227962965 0.0 134.2466219
true 0.0260788435346551 264 6 6 1.52 1 0.14676781227962965 0.0 1.7368094
true 0.037554345315190356 676 6 6 1.52 2 0.14676781227962965 0.0 7.1026977
true 0.00028499658007179646 5206 6 6 1.52 3 0.14676781227962965 0.0 67.3228638
true 0.0005630138892867934 5138 6 6 1.52 4 0.14676781227962965 0.0 83.8994592
true 0.032923984996679145 110 6 1 1.53 1 0.14496629210198328 0.0 0.6994021
true 0.0009938303411498595 728 6 1 1.53 2 0.14496629210198328 0.0 6.9863367
true 0.0015787641971704014 1654 6 1 1.53 3 0.14496629210198328 0.0 22.4803994
true 0.0011328022374257896 1659 6 1 1.53 4 0.14496629210198328 0.0 28.5608854
true 0.03259110431428017 109 6 2 1.53 1 0.14496629210198328 0.0 0.6811465
true 0.0009115223331775391 862 6 2 1.53 2 0.14496629210198328 0.0 8.1022972
true 0.00013505606388061753 2854 6 2 1.53 3 0.14496629210198328 0.0 37.3606145
true 0.0023113967542064684 10486 6 2 1.53 4 0.14496629210198328 0.0 165.9585812
true 0.032480995095925926 127 6 3 1.53 1 0.14496629210198328 0.0 0.8339073
true 0.0009253468151655212 645 6 3 1.53 2 0.14496629210198328 0.0 6.1637115
true 0.00012697955710757233 2344 6 3 1.53 3 0.14496629210198328 0.0 30.5334985
true 0.0007620543327370721 5054 6 3 1.53 4 0.14496629210198328 0.0 80.7288208
true 0.26498464385780496 136 6 4 1.53 1 0.14496629210198328 0.0 0.943011
true 0.0007476020240910763 1625 6 4 1.53 2 0.14496629210198328 0.0 15.4793701
true 0.00020720207948664304 3756 6 4 1.53 3 0.14496629210198328 0.0 49.4732385
true 0.0006504446138393266 6128 6 4 1.53 4 0.14496629210198328 0.0 100.5850823
true 0.21792207785717502 169 6 5 1.53 1 0.14496629210198328 0.0 1.1571003
true 0.0007555893583272133 1314 6 5 1.53 2 0.14496629210198328 0.0 12.2454822
true 0.0003372013344599689 6230 6 5 1.53 3 0.14496629210198328 0.0 79.8165782
true 0.0014995090338074668 2346 6 5 1.53 4 0.14496629210198328 0.0 40.515407
true 0.1829069569495371 218 6 6 1.53 1 0.14496629210198328 0.0 1.3823824
true 0.0006896815238839707 717 6 6 1.53 2 0.14496629210198328 0.0 7.2942405
true 0.001328979941002247 11088 6 6 1.53 3 0.14496629210198328 0.0 143.1614127
true 0.0014847886122225744 3656 6 6 1.53 4 0.14496629210198328 0.0 61.1426232
true 0.03240426943402869 103 6 1 1.54 1 0.14320052060549301 0.0 0.6626941
true 0.03190300072774571 243 6 1 1.54 2 0.14320052060549301 0.0 2.9326512
true 0.00012004492103317999 2035 6 1 1.54 3 0.14320052060549301 0.0 25.6766238
true 0.017807919433908193 3986 6 1 1.54 4 0.14320052060549301 0.0 65.1058132
true 0.032084117257959954 155 6 2 1.54 1 0.14320052060549301 0.0 0.9188781
true 0.0008860890394750687 951 6 2 1.54 2 0.14320052060549301 0.0 9.2462973
true 0.0001290657169258358 2514 6 2 1.54 3 0.14320052060549301 0.0 32.4505893
true 0.00021755420565805483 6788 6 2 1.54 4 0.14320052060549301 0.0 106.7646384
true 0.03197699981433616 102 6 3 1.54 1 0.14320052060549301 0.0 0.6937945
true 0.0009005016750647613 905 6 3 1.54 2 0.14320052060549301 0.0 8.3509804
true 0.020409403647903817 2508 6 3 1.54 3 0.14320052060549301 0.0 32.0251287
true 0.0007226728711774247 4933 6 3 1.54 4 0.14320052060549301 0.0 78.306677
true 0.030970893731031193 148 6 4 1.54 1 0.14320052060549301 0.0 0.9381327
true 0.0007297095715799728 1585 6 4 1.54 2 0.14320052060549301 0.0 15.1595437
true 0.0009650951521919665 2035 6 4 1.54 3 0.14320052060549301 0.0 27.7865707
true 0.0006378458374304702 4419 6 4 1.54 4 0.14320052060549301 0.0 72.7978175
true 0.030366988008056362 200 6 5 1.54 1 0.14320052060549301 0.0 1.3230611
true 0.0007280947738811605 1385 6 5 1.54 2 0.14320052060549301 0.0 13.2075123
true 0.00017998576008630972 3647 6 5 1.54 3 0.14320052060549301 0.0 46.7278646
true 0.0007314359747665145 4148 6 5 1.54 4 0.14320052060549301 0.0 68.1754681
true 0.02530669509785215 190 6 6 1.54 1 0.14320052060549301 0.0 1.2366259
true 0.0006419582878788022 1804 6 6 1.54 2 0.14320052060549301 0.0 16.9184734
true 0.01572532511997528 4282 6 6 1.54 3 0.14320052060549301 0.0 56.8811168
true 0.00045955171174736725 4969 6 6 1.54 4 0.14320052060549301 0.0 80.9863656
true 0.03189801304917422 125 6 1 1.55 1 0.14146953786835154 0.0 0.7502223
true 0.0009378102227493024 597 6 1 1.55 2 0.14146953786835154 0.0 5.6059011
true 6.951831479407033e-5 2871 6 1 1.55 3 0.14146953786835154 0.0 34.8700051
true 0.00026372404224117574 5936 6 1 1.55 4 0.14146953786835154 0.0 96.3989035
true 0.03158984233228762 111 6 2 1.55 1 0.14146953786835154 0.0 0.7057136
true 0.0008613202124744257 1670 6 2 1.55 2 0.14146953786835154 0.0 16.0309974
true 0.0011536517770447674 1025 6 2 1.55 3 0.14146953786835154 0.0 14.2251956
true 0.0005805491514830896 5565 6 2 1.55 4 0.14146953786835154 0.0 89.0224468
true 0.03148584520256098 114 6 3 1.55 1 0.14146953786835154 0.0 0.8161319
true 0.0008739006409672808 686 6 3 1.55 2 0.14146953786835154 0.0 6.6704072
true 0.030197315351132275 859 6 3 1.55 3 0.14146953786835154 0.0 13.1812401
true 0.0005395095579936449 5774 6 3 1.55 4 0.14146953786835154 0.0 91.0926386
true 0.030506758169382878 135 6 4 1.55 1 0.14146953786835154 0.0 0.8621927
true 0.0007064770971334372 1026 6 4 1.55 2 0.14146953786835154 0.0 9.9359716
true 0.0005692144385894549 2203 6 4 1.55 3 0.14146953786835154 0.0 29.3517024
true 0.0009926474047405875 1454 6 4 1.55 4 0.14146953786835154 0.0 25.968393
true 0.2171604250983604 96 6 5 1.55 1 0.14146953786835154 0.0 0.7092938
true 0.0007125109075606262 1349 6 5 1.55 2 0.14146953786835154 0.0 12.9196155
true 0.0007471013180475716 3467 6 5 1.55 3 0.14146953786835154 0.0 43.4231066
true 0.000702768109094587 6760 6 5 1.55 4 0.14146953786835154 0.0 108.6027315
true 0.18117295144937884 224 6 6 1.55 1 0.14146953786835154 0.0 1.4783901
true 0.1670571700830887 1460 6 6 1.55 2 0.14146953786835154 0.0 13.7580242
true 0.00014155319616679374 3065 6 6 1.55 3 0.14146953786835154 0.0 40.5409737
true 0.00045537007758321885 4306 6 6 1.55 4 0.14146953786835154 0.0 73.1844863
true 0.03140367359626911 103 6 1 1.56 1 0.13977241481340572 0.0 0.6963089
true 0.0009116305654885415 1258 6 1 1.56 2 0.13977241481340572 0.0 11.5702527
true 0.0002697985436949657 2817 6 1 1.56 3 0.13977241481340572 0.0 36.587099
true 0.0007154968055349542 1366 6 1 1.56 4 0.13977241481340572 0.0 25.221751
true 0.031105549118170844 138 6 2 1.56 1 0.13977241481340572 0.0 0.848822
true 0.0008383953098720365 681 6 2 1.56 2 0.13977241481340572 0.0 6.5280805
true 0.0001375109459086088 1501 6 2 1.56 3 0.13977241481340572 0.0 19.1827229
true 0.001568923800888522 2843 6 2 1.56 4 0.13977241481340572 0.0 48.3184323
true 0.0310068745482035 115 6 3 1.56 1 0.13977241481340572 0.0 0.7885895
true 0.0008495389001660544 1302 6 3 1.56 2 0.13977241481340572 0.0 12.9562538
true 0.00024618857854371196 1080 6 3 1.56 3 0.13977241481340572 0.0 15.2473927
true 0.0008618829101775249 4459 6 3 1.56 4 0.13977241481340572 0.0 70.7668156
true 0.0300534648904119 193 6 4 1.56 1 0.13977241481340572 0.0 1.2280253
true 0.04722831877418486 912 6 4 1.56 2 0.13977241481340572 0.0 9.0481869
true 0.0005629661347527487 2678 6 4 1.56 3 0.13977241481340572 0.0 35.1849197
true 0.0008883319466869849 4522 6 4 1.56 4 0.13977241481340572 0.0 74.3947452
true 0.029481790908454708 122 6 5 1.56 1 0.13977241481340572 0.0 0.8112793
true 0.2003819400620413 411 6 5 1.56 2 0.13977241481340572 0.0 4.738345
true 0.0001087083058351257 3570 6 5 1.56 3 0.13977241481340572 0.0 46.6848403
true 0.00011806901818206539 3692 6 5 1.56 4 0.13977241481340572 0.0 63.5500195
true 0.18096632286919848 203 6 6 1.56 1 0.13977241481340572 0.0 1.3203728
true 0.0006064587371808298 1756 6 6 1.56 2 0.13977241481340572 0.0 16.7356338
true 0.015060587970612835 3475 6 6 1.56 3 0.13977241481340572 0.0 45.7482227
true 0.0011625480834272783 2892 6 6 1.56 4 0.13977241481340572 0.0 49.0283158
true 0.0309213407467383 108 6 1 1.57 1 0.1381082521562763 0.0 0.710539
true 0.0008861971880948505 668 6 1 1.57 2 0.1381082521562763 0.0 6.4039163
true 0.0008607133456937088 1316 6 1 1.57 3 0.1381082521562763 0.0 17.2172827
true 0.0007212530672775497 2536 6 1 1.57 4 0.1381082521562763 0.0 41.7120804
true 0.030633663890712676 130 6 2 1.57 1 0.1381082521562763 0.0 0.856954
true 0.02880115312446918 527 6 2 1.57 2 0.1381082521562763 0.0 5.2769906
true 0.0001188833077459539 1374 6 2 1.57 3 0.1381082521562763 0.0 17.9631884
true 0.0005434817465414521 10848 6 2 1.57 4 0.1381082521562763 0.0 175.4178021
true 0.343641046277976 130 6 3 1.57 1 0.1381082521562763 0.0 0.8275974
true 0.0008461673518314802 362 6 3 1.57 2 0.1381082521562763 0.0 3.9656014
true 0.0010335624901305536 3021 6 3 1.57 3 0.1381082521562763 0.0 37.4914354
true 0.0005933929314969796 5341 6 3 1.57 4 0.1381082521562763 0.0 83.369298
true 0.2641497588510045 135 6 4 1.57 1 0.1381082521562763 0.0 0.8602921
true 0.0006705111183691048 1473 6 4 1.57 2 0.1381082521562763 0.0 13.4419162
true 0.021670064921103682 1832 6 4 1.57 3 0.1381082521562763 0.0 26.0858392
true 0.0001407483020007677 6728 6 4 1.57 4 0.1381082521562763 0.0 106.9943866
true 0.029054091576738383 274 6 5 1.57 1 0.1381082521562763 0.0 1.663761
true 0.0006726070264173045 1961 6 5 1.57 2 0.1381082521562763 0.0 18.5023009
true 0.00015814098511484075 7704 6 5 1.57 3 0.1381082521562763 0.0 98.1327247
true 0.00040523256806731525 7971 6 5 1.57 4 0.1381082521562763 0.0 125.4941235
true 0.18193572096511834 162 6 6 1.57 1 0.1381082521562763 0.0 1.0929935
true 0.0005920596586665716 1645 6 6 1.57 2 0.1381082521562763 0.0 15.723371
true 0.0002006193629519685 4493 6 6 1.57 3 0.1381082521562763 0.0 59.6200336
true 0.0008442763429324096 4407 6 6 1.57 4 0.1381082521562763 0.0 71.5522003
true 0.030450755305400312 94 6 1 1.58 1 0.13647617938387846 0.0 0.6210679
true 0.0298055820983405 438 6 1 1.58 2 0.13647617938387846 0.0 4.7687122
true 0.0007863450101214808 1333 6 1 1.58 3 0.13647617938387846 0.0 18.0345811
true 0.00027638764622317513 2080 6 1 1.58 4 0.13647617938387846 0.0 34.6496882
true 0.03017304121620898 206 6 2 1.58 1 0.13647617938387846 0.0 1.2789315
true 0.028440883517011212 371 6 2 1.58 2 0.13647617938387846 0.0 4.042971
true 0.0004496526188294825 2570 6 2 1.58 3 0.13647617938387846 0.0 32.8578681
true 9.782762882981633e-5 6021 6 2 1.58 4 0.13647617938387846 0.0 96.2708979
true 0.030080235705307934 133 6 3 1.58 1 0.13647617938387846 0.0 0.8285919
true 0.0008032576784308502 1060 6 3 1.58 2 0.13647617938387846 0.0 10.3660285
true 0.00040219873261387873 3598 6 3 1.58 3 0.13647617938387846 0.0 44.9592084
true 0.000568639449038566 4702 6 3 1.58 4 0.13647617938387846 0.0 75.4831419
true 0.029177749126546818 166 6 4 1.58 1 0.13647617938387846 0.0 1.019181
true 0.0006506181921268478 1635 6 4 1.58 2 0.13647617938387846 0.0 15.2322134
true 0.00018514993932013113 3707 6 4 1.58 3 0.13647617938387846 0.0 46.7427123
true 0.0004583327230052725 4703 6 4 1.58 4 0.13647617938387846 0.0 73.6876237
true 0.21645558858403388 163 6 5 1.58 1 0.13647617938387846 0.0 1.0661622
true 0.0006634272273358888 1296 6 5 1.58 2 0.13647617938387846 0.0 12.1858038
true 9.310451037723988e-5 2386 6 5 1.58 3 0.13647617938387846 0.0 30.5281082
true 0.00012034104069307272 5406 6 5 1.58 4 0.13647617938387846 0.0 85.2364724
true 0.023863528512477816 267 6 6 1.58 1 0.13647617938387846 0.0 1.7379606
true 0.0005811203944480018 2706 6 6 1.58 2 0.13647617938387846 0.0 26.1722959
true 0.014823633170982323 2273 6 6 1.58 3 0.13647617938387846 0.0 29.9694905
true 0.0002438129410137213 3514 6 6 1.58 4 0.13647617938387846 0.0 57.4593554
true 0.02999121979303554 100 6 1 1.59 1 0.13487535376348045 0.0 0.6344017
true 0.029381227579914015 290 6 1 1.59 2 0.13487535376348045 0.0 3.2460285
true 0.0014926295203088746 637 6 1 1.59 3 0.13487535376348045 0.0 9.6273587
true 0.00186231217739663 3514 6 1 1.59 4 0.13487535376348045 0.0 56.8854106
true 0.029723126165025482 140 6 2 1.59 1 0.13487535376348045 0.0 0.8662962
true 0.0007705941284034401 1024 6 2 1.59 2 0.13487535376348045 0.0 9.6977118
true 0.027822393004059143 912 6 2 1.59 3 0.13487535376348045 0.0 12.6733452
true 0.0006347072220871108 2596 6 2 1.59 4 0.13487535376348045 0.0 42.0199389
true 0.029633372168716476 128 6 3 1.59 1 0.13487535376348045 0.0 0.7867416
true 0.00078144951138485 1169 6 3 1.59 2 0.13487535376348045 0.0 10.9450328
true 0.00011221562342816904 4096 6 3 1.59 3 0.13487535376348045 0.0 52.5440862
true 0.025087795452817436 4728 6 3 1.59 4 0.13487535376348045 0.0 79.8775866
true 0.02875452020199365 194 6 4 1.59 1 0.13487535376348045 0.0 1.1942019
true 0.000629523541014379 2180 6 4 1.59 2 0.13487535376348045 0.0 20.8866081
true 0.00041872724085130486 3446 6 4 1.59 3 0.13487535376348045 0.0 44.9701352
true 0.0006073581709989812 6720 6 4 1.59 4 0.13487535376348045 0.0 107.4301549
true 0.02822696045008598 155 6 5 1.59 1 0.13487535376348045 0.0 0.9945852
true 0.0006343459212988511 2071 6 5 1.59 2 0.13487535376348045 0.0 19.6473551
true 0.00012145640554194204 4526 6 5 1.59 3 0.13487535376348045 0.0 58.0080288
true 0.0007669681994446842 3290 6 5 1.59 4 0.13487535376348045 0.0 58.6820668
true 0.023522495443577984 173 6 6 1.59 1 0.13487535376348045 0.0 1.1630317
true 0.0005578715401967823 2025 6 6 1.59 2 0.13487535376348045 0.0 18.9827097
true 0.0003674025819105087 5038 6 6 1.59 3 0.13487535376348045 0.0 65.2937592
true 0.000599495378961525 7922 6 6 1.59 4 0.13487535376348045 0.0 127.5148654
true 0.029541562648613906 160 6 1 1.6 1 0.1333049593821452 0.0 1.0152956
true 0.0008137305141859841 616 6 1 1.6 2 0.1333049593821452 0.0 5.8893475
true 0.0007117205502819579 1358 6 1 1.6 3 0.1333049593821452 0.0 18.0191965
true 0.0007217480928766729 1815 6 1 1.6 4 0.1333049593821452 0.0 31.3757799
true 0.029282793543824265 142 6 2 1.6 1 0.1333049593821452 0.0 0.9054926
true 0.0007498926824596186 1036 6 2 1.6 2 0.1333049593821452 0.0 9.4149178
true 0.0008567670986257547 4840 6 2 1.6 3 0.1333049593821452 0.0 61.2510831
true 0.0002718280815921237 5844 6 2 1.6 4 0.1333049593821452 0.0 93.6748053
true 0.029196988511917415 189 6 3 1.6 1 0.1333049593821452 0.0 1.1900229
true 0.0007602290734408287 1175 6 3 1.6 2 0.1333049593821452 0.0 11.2472507
true 0.018759665049427887 3086 6 3 1.6 3 0.1333049593821452 0.0 40.3079831
true 0.00043418270281384935 7278 6 3 1.6 4 0.1333049593821452 0.0 114.8292417
true 0.028340976863852202 215 6 4 1.6 1 0.1333049593821452 0.0 1.3880601
true 0.0006398638113099819 1365 6 4 1.6 2 0.1333049593821452 0.0 12.8253074
true 0.00012228425346662297 2984 6 4 1.6 3 0.1333049593821452 0.0 37.3221619
true 0.0006991600976582468 4408 6 4 1.6 4 0.1333049593821452 0.0 71.4258985
true 0.027826823727296623 168 6 5 1.6 1 0.1333049593821452 0.0 1.0964422
true 0.0006210514668819278 857 6 5 1.6 2 0.1333049593821452 0.0 8.3247671
true 0.0001221862652482364 7422 6 5 1.6 3 0.1333049593821452 0.0 95.6690941
true 0.0002703259554665105 7116 6 5 1.6 4 0.1333049593821452 0.0 117.0240471
true 0.023189438513696748 251 6 6 1.6 1 0.1333049593821452 0.0 1.6389529
true 0.0005460772446452452 1865 6 6 1.6 2 0.1333049593821452 0.0 17.3678598
true 0.1756390628408873 702 6 6 1.6 3 0.1333049593821452 0.0 10.778123
true 0.0005244936531605219 4143 6 6 1.6 4 0.1333049593821452 0.0 69.9162216
true 0.029102869208138704 106 6 1 1.61 1 0.13176420621645163 0.0 0.670123
true 0.0007936494609179778 1017 6 1 1.61 2 0.13176420621645163 0.0 9.7748293
true 0.0012128172594339515 3413 6 1 1.61 3 0.13176420621645163 0.0 44.913013
true 0.0006096492109363139 3061 6 1 1.61 4 0.13176420621645163 0.0 50.0352413
true 0.028853373669282145 145 6 2 1.61 1 0.13176420621645163 0.0 0.8576429
true 0.0008376231636622877 270 6 2 1.61 2 0.13176420621645163 0.0 3.1527363
true 0.0001352319013937231 1228 6 2 1.61 3 0.13176420621645163 0.0 16.3416625
true 4.2278490486519216e-5 5563 6 2 1.61 4 0.13176420621645163 0.0 91.6723573
true 0.3430344507683934 102 6 3 1.61 1 0.13176420621645163 0.0 0.7419227
true 0.0007396929324568294 913 6 3 1.61 2 0.13176420621645163 0.0 8.9129238
true 0.000758466391966602 1868 6 3 1.61 3 0.13176420621645163 0.0 24.0875673
true 0.00021674351022758312 2134 6 3 1.61 4 0.13176420621645163 0.0 36.2986965
true 0.027936938519923182 139 6 4 1.61 1 0.13176420621645163 0.0 0.9000118
true 0.0005983972088332429 1741 6 4 1.61 2 0.13176420621645163 0.0 16.1926035
true 0.020926275420226376 1438 6 4 1.61 3 0.13176420621645163 0.0 19.1201955
true 0.000935646290990938 4591 6 4 1.61 4 0.13176420621645163 0.0 72.9444793
true 0.027436103254545485 174 6 5 1.61 1 0.13176420621645163 0.0 1.0905782
true 0.0006094668845414541 1672 6 5 1.61 2 0.13176420621645163 0.0 16.1464195
true 0.0008659183086352385 2234 6 5 1.61 3 0.13176420621645163 0.0 28.9665562
true 0.0005694131956403114 5243 6 5 1.61 4 0.13176420621645163 0.0 86.0052933
true 0.02286579597947432 141 6 6 1.61 1 0.13176420621645163 0.0 0.9723653
true 0.0005284336838228451 1690 6 6 1.61 2 0.13176420621645163 0.0 15.7993731
true 0.00014623080214770656 3339 6 6 1.61 3 0.13176420621645163 0.0 43.482424
true 0.0005595415059804579 3391 6 6 1.61 4 0.13176420621645163 0.0 56.6757317
true 0.028674415672005293 173 6 1 1.62 1 0.1302523292320997 0.0 1.00597
true 0.0007699707278543966 594 6 1 1.62 2 0.1302523292320997 0.0 5.9122069
true 0.00011819728424433684 1050 6 1 1.62 3 0.1302523292320997 0.0 14.6201544
true 0.00043949985973501526 2313 6 1 1.62 4 0.1302523292320997 0.0 37.7859015
true 0.0284332185683821 147 6 2 1.62 1 0.1302523292320997 0.0 0.8619267
true 0.026887393375382457 597 6 2 1.62 2 0.1302523292320997 0.0 6.236162
true 0.0001946842578433028 2381 6 2 1.62 3 0.1302523292320997 0.0 29.7978822
true 0.000401338534832707 7092 6 2 1.62 4 0.1302523292320997 0.0 114.2471702
true 0.028352553144389652 152 6 3 1.62 1 0.1302523292320997 0.0 0.9713202
true 0.0007200626911974539 1221 6 3 1.62 2 0.1302523292320997 0.0 11.7861918
true 0.0007072717211525544 2564 6 3 1.62 3 0.1302523292320997 0.0 31.9955019
true 0.009615181564048206 3526 6 3 1.62 4 0.1302523292320997 0.0 57.5623237
true 0.02754044935499457 176 6 4 1.62 1 0.1302523292320997 0.0 1.0934356
true 0.0005925007981324032 1385 6 4 1.62 2 0.1302523292320997 0.0 12.6690834
true 0.0006375592228592408 5622 6 4 1.62 3 0.1302523292320997 0.0 71.7480468
true 0.0005612315468172396 8989 6 4 1.62 4 0.1302523292320997 0.0 144.667418
true 0.0270529515259756 218 6 5 1.62 1 0.1302523292320997 0.0 1.4234793
true 0.0005867158371814174 1861 6 5 1.62 2 0.1302523292320997 0.0 18.0951561
true 0.0001001169161567339 3210 6 5 1.62 3 0.1302523292320997 0.0 40.6473604
true 0.0006497544576100856 3971 6 5 1.62 4 0.1302523292320997 0.0 66.1980826
true 0.022544369723466823 209 6 6 1.62 1 0.1302523292320997 0.0 1.440667
true 0.00050839552065333 491 6 6 1.62 2 0.1302523292320997 0.0 5.169488
true 0.00030591640661257563 3181 6 6 1.62 3 0.1302523292320997 0.0 41.0465639
true 0.0006725964325813202 5290 6 6 1.62 4 0.1302523292320997 0.0 88.5093031
true 0.02825544143483849 122 6 1 1.63 1 0.1287685875130133 0.0 0.7168755
true 0.027722323970134577 248 6 1 1.63 2 0.1287685875130133 0.0 3.1074378
true 0.0010002518410759942 1908 6 1 1.63 3 0.1287685875130133 0.0 24.6293028
true 0.0005961176198786 2702 6 1 1.63 4 0.1287685875130133 0.0 46.5547718
true 0.028022806865294042 109 6 2 1.63 1 0.1287685875130133 0.0 0.7539023
true 0.026340777129228582 991 6 2 1.63 2 0.1287685875130133 0.0 9.7397822
true 0.0005271549965374656 5328 6 2 1.63 3 0.1287685875130133 0.0 65.8121185
true 0.0035877323072206757 4043 6 2 1.63 4 0.1287685875130133 0.0 66.6239854
true 0.02794490753681241 113 6 3 1.63 1 0.1287685875130133 0.0 0.7458147
true 0.0007007108061738432 1328 6 3 1.63 2 0.1287685875130133 0.0 12.7188891
true 0.00012731118222393997 1584 6 3 1.63 3 0.1287685875130133 0.0 20.0794999
true 0.00047667886462750736 3390 6 3 1.63 4 0.1287685875130133 0.0 53.9825169
true 0.027153646832047504 125 6 4 1.63 1 0.1287685875130133 0.0 0.8046708
true 0.000575813597079422 1686 6 4 1.63 2 0.1287685875130133 0.0 15.9754109
true 0.00012026906813436544 2330 6 4 1.63 3 0.1287685875130133 0.0 30.3863133
true 0.00035281983626354874 5731 6 4 1.63 4 0.1287685875130133 0.0 94.036774
true 0.026678447179966935 206 6 5 1.63 1 0.1287685875130133 0.0 1.3016763
true 0.0005727659589333855 1062 6 5 1.63 2 0.1287685875130133 0.0 10.3060292
true 6.768949153533877e-5 3305 6 5 1.63 3 0.1287685875130133 0.0 42.4912813
true 0.000675980264983167 4534 6 5 1.63 4 0.1287685875130133 0.0 75.0844468
true 0.17963565110914845 225 6 6 1.63 1 0.1287685875130133 0.0 1.414351
true 0.0005041457855299766 1096 6 6 1.63 2 0.1287685875130133 0.0 10.6596703
true 0.013796558255629254 2551 6 6 1.63 3 0.1287685875130133 0.0 33.8672172
true 0.0003267707945359873 9738 6 6 1.63 4 0.1287685875130133 0.0 160.9488215
true 0.02784595194030559 141 6 1 1.64 1 0.12731226341949994 0.0 0.9117879
true 0.0007290978440158136 1091 6 1 1.64 2 0.12731226341949994 0.0 9.9147835
true 0.0012514208247559888 980 6 1 1.64 3 0.12731226341949994 0.0 13.4578956
true 8.362623143415293e-5 2047 6 1 1.64 4 0.12731226341949994 0.0 34.3936635
true 0.027620984094035322 111 6 2 1.64 1 0.12731226341949994 0.0 0.7588647
true 0.0006742119332866503 547 6 2 1.64 2 0.12731226341949994 0.0 5.5677666
true 0.00017760942178451922 3393 6 2 1.64 3 0.12731226341949994 0.0 42.6829607
true 0.000674164024558277 2874 6 2 1.64 4 0.12731226341949994 0.0 47.0747738
true 0.027545989908759283 183 6 3 1.64 1 0.12731226341949994 0.0 1.126488
true 0.0006828004284720746 1023 6 3 1.64 2 0.12731226341949994 0.0 9.5939487
true 0.00032028536267973234 2905 6 3 1.64 3 0.12731226341949994 0.0 38.3645414
true 0.0007196594108000812 5420 6 3 1.64 4 0.12731226341949994 0.0 84.8741869
true 0.02677458473498895 138 6 4 1.64 1 0.12731226341949994 0.0 0.885806
true 0.0005531634431755889 945 6 4 1.64 2 0.12731226341949994 0.0 8.8005795
true 0.00042324843192868833 4618 6 4 1.64 3 0.12731226341949994 0.0 57.6693191
true 7.890467544424684e-5 4908 6 4 1.64 4 0.12731226341949994 0.0 84.2601516
true 0.026311799020837134 154 6 5 1.64 1 0.12731226341949994 0.0 1.032292
true 0.03868314418047355 470 6 5 1.64 2 0.12731226341949994 0.0 5.1222225
true 0.00013053462575092213 3340 6 5 1.64 3 0.12731226341949994 0.0 42.7887882
true 0.00029535592806380074 4444 6 5 1.64 4 0.12731226341949994 0.0 71.0702591
true 0.1794614300541557 174 6 6 1.64 1 0.12731226341949994 0.0 1.1887619
true 0.0004907268346490875 2409 6 6 1.64 2 0.12731226341949994 0.0 23.2551799
true 0.009177111113275164 4936 6 6 1.64 3 0.12731226341949994 0.0 65.5281017
true 0.0011993614369245158 13176 6 6 1.64 4 0.12731226341949994 0.0 216.3960643
true 0.027445909954880776 105 6 1 1.65 1 0.125882661774852 0.0 0.6709611
true 0.000709721482209158 448 6 1 1.65 2 0.125882661774852 0.0 4.7263228
true 2.5451871901227552e-5 2868 6 1 1.65 3 0.125882661774852 0.0 36.0192054
true 0.000622098524610093 3925 6 1 1.65 4 0.125882661774852 0.0 62.8091391
true 0.027228164699113155 150 6 2 1.65 1 0.125882661774852 0.0 0.9063458
true 0.025731891988980654 572 6 2 1.65 2 0.125882661774852 0.0 5.7483198
true 0.02563278539434291 813 6 2 1.65 3 0.125882661774852 0.0 12.2543927
true 0.0015659184926312408 3496 6 2 1.65 4 0.125882661774852 0.0 59.2966192
true 0.3424824016114713 116 6 3 1.65 1 0.125882661774852 0.0 0.7742075
true 0.0006747609384744243 784 6 3 1.65 2 0.125882661774852 0.0 7.7471296
true 0.0002513078893423189 3334 6 3 1.65 3 0.125882661774852 0.0 42.9870589
true 0.00036384570261529153 3955 6 3 1.65 4 0.125882661774852 0.0 64.8388237
true 0.026403897761422115 150 6 4 1.65 1 0.125882661774852 0.0 1.0011163
true 0.2502359002557434 725 6 4 1.65 2 0.125882661774852 0.0 7.3853728
true 0.0002692238124533397 3063 6 4 1.65 3 0.125882661774852 0.0 39.9872447
true 0.0005270791238495137 4162 6 4 1.65 4 0.125882661774852 0.0 67.6440212
true 0.02595307215735152 109 6 5 1.65 1 0.125882661774852 0.0 0.7521781
true 0.0005455767917943221 1682 6 5 1.65 2 0.125882661774852 0.0 16.0729744
true 0.020855666096378102 978 6 5 1.65 3 0.125882661774852 0.0 13.9876124
true 0.00040951041106355166 1122 6 5 1.65 4 0.125882661774852 0.0 21.3660674
true 0.021627288099778597 209 6 6 1.65 1 0.125882661774852 0.0 1.3714748
true 0.0004824810328198925 1591 6 6 1.65 2 0.125882661774852 0.0 14.7076266
true 0.0001085823253706153 3484 6 6 1.65 3 0.125882661774852 0.0 45.5049735
true 0.0004917606972368501 9676 6 6 1.65 4 0.125882661774852 0.0 156.3758284
true 0.02705438879563027 122 6 1 1.66 1 0.12447910907986316 0.0 0.7375952
true 0.026280794327759205 723 6 1 1.66 2 0.12447910907986316 0.0 7.2789584
true 2.488596065763904e-5 3070 6 1 1.66 3 0.12447910907986316 0.0 39.8433373
true 0.0001457547476017007 2257 6 1 1.66 4 0.12447910907986316 0.0 40.4474859
true 0.0268442943619768 141 6 2 1.66 1 0.12447910907986316 0.0 0.8636778
true 0.0006391041111550311 579 6 2 1.66 2 0.12447910907986316 0.0 5.5153188
true 7.028588033933247e-5 2683 6 2 1.66 3 0.12447910907986316 0.0 34.5951717
true 0.00014562336559229005 9172 6 2 1.66 4 0.12447910907986316 0.0 147.1892513
true 0.02677468673496497 118 6 3 1.66 1 0.12447910907986316 0.0 0.7898927
true 0.0006470534344833282 744 6 3 1.66 2 0.12447910907986316 0.0 6.9973503
true 0.0008197964518652882 2653 6 3 1.66 3 0.12447910907986316 0.0 33.7989106
true 0.0005180805578098117 3733 6 3 1.66 4 0.12447910907986316 0.0 59.9679818
true 0.26272257437771374 107 6 4 1.66 1 0.12447910907986316 0.0 0.7266829
true 0.0005245661869795332 1608 6 4 1.66 2 0.12447910907986316 0.0 14.9630198
true 0.019572986529966682 548 6 4 1.66 3 0.12447910907986316 0.0 9.3371028
true 0.0006162458243360591 6375 6 4 1.66 4 0.12447910907986316 0.0 101.9712355
true 0.025601421545809577 178 6 5 1.66 1 0.12447910907986316 0.0 1.1675321
true 0.03803547976698583 436 6 5 1.66 2 0.12447910907986316 0.0 4.6586634
true 9.191795264409385e-5 8202 6 5 1.66 3 0.12447910907986316 0.0 105.0591325
true 0.0006942508150036164 1874 6 5 1.66 4 0.12447910907986316 0.0 32.2577351
true 0.021335605955969932 245 6 6 1.66 1 0.12447910907986316 0.0 1.5885697
true 0.022696155300192283 955 6 6 1.66 2 0.12447910907986316 0.0 9.5400571
true 8.41017270899284e-5 4125 6 6 1.66 3 0.12447910907986316 0.0 52.5143767
true 0.0008700407961153752 4614 6 6 1.66 4 0.12447910907986316 0.0 76.5927408
true 0.026671813704916003 121 6 1 1.67 1 0.12310095275454412 0.0 0.7955743
true 0.0006723681691358507 1588 6 1 1.67 2 0.12310095275454412 0.0 14.9942786
true 0.0002028439832403861 1590 6 1 1.67 3 0.12310095275454412 0.0 20.824104
true 0.00025461768619994274 2223 6 1 1.67 4 0.12310095275454412 0.0 37.4095759
true 0.02646857708342873 110 6 2 1.67 1 0.12310095275454412 0.0 0.7353757
true 0.0006225404015856861 674 6 2 1.67 2 0.12310095275454412 0.0 6.9425273
true 0.00012103798024726276 5357 6 2 1.67 3 0.12310095275454412 0.0 68.2058894
true 0.000327213121188219 4759 6 2 1.67 4 0.12310095275454412 0.0 77.1181447
true 0.026400785326945102 148 6 3 1.67 1 0.12310095275454412 0.0 0.9430356
true 0.041476968834440776 316 6 3 1.67 2 0.12310095275454412 0.0 3.4798131
true 0.00061873576627867 4064 6 3 1.67 3 0.12310095275454412 0.0 50.9153405
true 0.0064939879499579245 2762 6 3 1.67 4 0.12310095275454412 0.0 45.2213594
true 0.02568619924740405 144 6 4 1.67 1 0.12310095275454412 0.0 0.8950917
true 0.0005174358787307931 1670 6 4 1.67 2 0.12310095275454412 0.0 15.6829915
true 0.0001327299831301032 3906 6 4 1.67 3 0.12310095275454412 0.0 51.7391909
true 0.0002891228645451466 4671 6 4 1.67 4 0.12310095275454412 0.0 76.4957844
true 0.025258702896593245 171 6 5 1.67 1 0.12310095275454412 0.0 1.0794051
true 0.000533957218404002 711 6 5 1.67 2 0.12310095275454412 0.0 7.3057206
true 0.005116879471992375 5762 6 5 1.67 3 0.12310095275454412 0.0 75.2578095
true 0.0007312585034018881 6485 6 5 1.67 4 0.12310095275454412 0.0 105.8396761
true 0.33777299799540067 115 6 6 1.67 1 0.12310095275454412 0.0 0.855195
true 0.00046374002210061716 1917 6 6 1.67 2 0.12310095275454412 0.0 17.9980869
true 0.0005317512707837998 3239 6 6 1.67 3 0.12310095275454412 0.0 43.5913668
true 0.000495212661302045 4069 6 6 1.67 4 0.12310095275454412 0.0 66.0400912
true 0.026297696733722287 167 6 1 1.68 1 0.12174756040643517 0.0 0.9444443
true 0.0006546808567516882 524 6 1 1.68 2 0.12174756040643517 0.0 5.0395569
true 0.001030320908580462 982 6 1 1.68 3 0.12174756040643517 0.0 13.291406
true 0.0005834281169371236 6125 6 1 1.68 4 0.12174756040643517 0.0 101.107725
true 0.02610113642433315 146 6 2 1.68 1 0.12174756040643517 0.0 0.8887619
true 0.024702084571220334 516 6 2 1.68 2 0.12174756040643517 0.0 5.2923565
true 0.0005012173861590474 3450 6 2 1.68 3 0.12174756040643517 0.0 45.1617102
true 0.0003298526793689971 4317 6 2 1.68 4 0.12174756040643517 0.0 72.1069247
true 0.026035524616340528 103 6 3 1.68 1 0.12174756040643517 0.0 0.6921907
true 0.0006143114100218098 793 6 3 1.68 2 0.12174756040643517 0.0 7.5102018
true 0.00013308378706381832 3690 6 3 1.68 3 0.12174756040643517 0.0 46.8012646
true 0.0005882826576327771 2227 6 3 1.68 4 0.12174756040643517 0.0 36.593621
true 0.025338773367259634 153 6 4 1.68 1 0.12174756040643517 0.0 0.9566969
true 0.0004974081379901241 1503 6 4 1.68 2 0.12174756040643517 0.0 13.5903316
true 5.893583416716197e-5 6354 6 4 1.68 3 0.12174756040643517 0.0 79.8481135
true 0.00038720761799998504 8577 6 4 1.68 4 0.12174756040643517 0.0 139.1567321
true 0.02492057099224474 192 6 5 1.68 1 0.12174756040643517 0.0 1.2405848
true 0.0005046718595909993 1248 6 5 1.68 2 0.12174756040643517 0.0 11.7547465
true 0.015390317160769783 2453 6 5 1.68 3 0.12174756040643517 0.0 33.1276134
true 0.0005060508380680285 4963 6 5 1.68 4 0.12174756040643517 0.0 79.304769
true 0.02076773996448596 168 6 6 1.68 1 0.12174756040643517 0.0 1.0183412
true 0.0004462751002200042 1793 6 6 1.68 2 0.12174756040643517 0.0 17.1652442
true 0.012736092576873062 2484 6 6 1.68 3 0.12174756040643517 0.0 32.7846742
true 0.00013308375543216733 5577 6 6 1.68 4 0.12174756040643517 0.0 88.8917251
true 0.025931203199068664 98 6 1 1.69 1 0.12041831912479119 0.0 0.6404764
true 0.000638167760188546 960 6 1 1.69 2 0.12041831912479119 0.0 8.8001057
true 0.0008737386856794149 1363 6 1 1.69 3 0.12041831912479119 0.0 17.2961005
true 0.0004625899581087167 3366 6 1 1.69 4 0.12041831912479119 0.0 53.6841997
true 0.025741216960087965 106 6 2 1.69 1 0.12041831912479119 0.0 0.6926987
true 0.0005918640617380011 846 6 2 1.69 2 0.12041831912479119 0.0 7.9596692
true 0.0004961956194261263 2665 6 2 1.69 3 0.12041831912479119 0.0 33.8000997
true 0.0002657665096131856 4800 6 2 1.69 4 0.12041831912479119 0.0 74.6341028
true 0.02567821569419293 162 6 3 1.69 1 0.12041831912479119 0.0 0.9849775
true 0.0005987226882643489 1012 6 3 1.69 2 0.12041831912479119 0.0 9.4968233
true 0.02487364121311238 850 6 3 1.69 3 0.12041831912479119 0.0 12.4681994
true 6.580986044278185e-5 1522 6 3 1.69 4 0.12041831912479119 0.0 28.4150572
true 0.02499876362918256 172 6 4 1.69 1 0.12041831912479119 0.0 1.1804195
true 0.0004898295334131442 1499 6 4 1.69 2 0.12041831912479119 0.0 14.1923799
true 0.0004553634100862569 4970 6 4 1.69 3 0.12041831912479119 0.0 63.0281062
true 0.00019889115527453594 7082 6 4 1.69 4 0.12041831912479119 0.0 112.656442
true 0.024590745786595813 152 6 5 1.69 1 0.12041831912479119 0.0 1.0362125
true 0.0005033730024909033 1522 6 5 1.69 2 0.12041831912479119 0.0 14.6419698
true 0.0006473267640593305 3182 6 5 1.69 3 0.12041831912479119 0.0 39.6051179
true 0.0005952172876159234 3758 6 5 1.69 4 0.12041831912479119 0.0 60.450347
true 0.17864202663659415 345 6 6 1.69 1 0.12041831912479119 0.0 2.1403914
true 0.16689280125179176 1143 6 6 1.69 2 0.12041831912479119 0.0 10.7608415
true 0.0006936102838877023 6825 6 6 1.69 3 0.12041831912479119 0.0 88.7645581
true 0.0004832181198798728 5299 6 6 1.69 4 0.12041831912479119 0.0 84.1172006
true 0.025572848713922514 105 6 1 1.7 1 0.11911263479990587 0.0 0.6964607
true 0.0006254079103121257 890 6 1 1.7 2 0.11911263479990587 0.0 8.2459022
true 0.00016611246852676897 2558 6 1 1.7 3 0.11911263479990587 0.0 32.2430868
true 0.0004835412106197201 3389 6 1 1.7 4 0.11911263479990587 0.0 56.7843039
true 0.025389157223141584 119 6 2 1.7 1 0.11911263479990587 0.0 0.7409387
true 0.0005772804278692256 585 6 2 1.7 2 0.11911263479990587 0.0 5.6271795
true 0.024455818657429768 663 6 2 1.7 3 0.11911263479990587 0.0 10.0144694
true 3.73239109769663e-5 10425 6 2 1.7 4 0.11911263479990587 0.0 164.9428947
true 0.02532797077321623 114 6 3 1.7 1 0.11911263479990587 0.0 0.7658405
true 0.0005832154363028345 456 6 3 1.7 2 0.11911263479990587 0.0 4.6475727
true 0.0006922356981688601 3999 6 3 1.7 3 0.11911263479990587 0.0 50.8785592
true 0.0004325215432775716 2949 6 3 1.7 4 0.11911263479990587 0.0 47.4874358
true 0.024665412148285437 120 6 4 1.7 1 0.11911263479990587 0.0 0.7989777
true 0.00047895359332811305 2154 6 4 1.7 2 0.11911263479990587 0.0 19.9924298
true 0.00028298821283417874 1567 6 4 1.7 3 0.11911263479990587 0.0 20.5566259
true 0.0009098813131781791 4346 6 4 1.7 4 0.11911263479990587 0.0 69.3531014
true 0.024267448320529638 134 6 5 1.7 1 0.11911263479990587 0.0 0.8793172
true 0.0004891151332565124 1790 6 5 1.7 2 0.11911263479990587 0.0 17.3924309
true 8.861294639044282e-5 2789 6 5 1.7 3 0.11911263479990587 0.0 35.8589926
true 0.0005048506710251255 4909 6 5 1.7 4 0.11911263479990587 0.0 78.4562723
true 0.020222960191589506 208 6 6 1.7 1 0.11911263479990587 0.0 1.3773074
true 0.0006679497011820671 497 6 6 1.7 2 0.11911263479990587 0.0 5.5707875
true 0.01704054099141587 3578 6 6 1.7 3 0.11911263479990587 0.0 48.6424373
true 0.0004259508761531398 6163 6 6 1.7 4 0.11911263479990587 0.0 96.8462372
true 0.025222214625032158 100 6 1 1.71 1 0.11782993146688864 0.0 0.6863301
true 0.0006057586960693806 1156 6 1 1.71 2 0.11782993146688864 0.0 11.1061538
true 0.00048100561448649604 1449 6 1 1.71 3 0.11782993146688864 0.0 19.1781603
true 2.903466907239194e-5 2669 6 1 1.71 4 0.11782993146688864 0.0 44.8372999
true 0.025044699085184197 188 6 2 1.71 1 0.11782993146688864 0.0 1.1113849
true 0.023774733372722123 514 6 2 1.71 2 0.11782993146688864 0.0 5.2760735
true 0.0015844746163490853 4866 6 2 1.71 3 0.11782993146688864 0.0 61.6153974
true 0.0007837507064306637 2793 6 2 1.71 4 0.11782993146688864 0.0 44.3528598
true 0.02498532807856646 125 6 3 1.71 1 0.11782993146688864 0.0 0.8243624
true 0.00056862834725524 1393 6 3 1.71 2 0.11782993146688864 0.0 13.1885592
true 0.00010861873657428782 5497 6 3 1.71 3 0.11782993146688864 0.0 68.5000729
true 0.0005282263685481939 6710 6 3 1.71 4 0.11782993146688864 0.0 104.660084
true 0.024338994026146435 114 6 4 1.71 1 0.11782993146688864 0.0 0.7491922
true 0.0004622024725070839 1870 6 4 1.71 2 0.11782993146688864 0.0 17.0671124
true 0.01813709472563582 2332 6 4 1.71 3 0.11782993146688864 0.0 30.2545756
true 0.0004673136871177902 4841 6 4 1.71 4 0.11782993146688864 0.0 79.0708765
true 0.21499127594218925 136 6 5 1.71 1 0.11782993146688864 0.0 0.8845536
true 0.035646814061817175 416 6 5 1.71 2 0.11782993146688864 0.0 4.5015583
true 0.0004626886326449586 2215 6 5 1.71 3 0.11782993146688864 0.0 29.3579742
true 0.00038706366366298984 4993 6 5 1.71 4 0.11782993146688864 0.0 80.4330428
true 0.019959258151830566 178 6 6 1.71 1 0.11782993146688864 0.0 1.1631097
true 0.0004153659218091854 1541 6 6 1.71 2 0.11782993146688864 0.0 14.2681104
true 0.016958780569613974 1650 6 6 1.71 3 0.11782993146688864 0.0 22.4638916
true 0.0004113160602647696 7428 6 6 1.71 4 0.11782993146688864 0.0 120.1310718
true 0.024879002254234783 86 6 1 1.72 1 0.11656965067313527 0.0 0.5523534
true 0.0005899609321078914 869 6 1 1.72 2 0.11656965067313527 0.0 7.9815551
true 0.00013365881566834714 3239 6 1 1.72 3 0.11656965067313527 0.0 39.7468599
true 0.0002494425125368349 1740 6 1 1.72 4 0.11656965067313527 0.0 29.8269117
true 0.024707094254172973 174 6 2 1.72 1 0.11656965067313527 0.0 1.0460326
true 0.0005480257676462319 1041 6 2 1.72 2 0.11656965067313527 0.0 9.715542
true 8.783901427822371e-5 2555 6 2 1.72 3 0.11656965067313527 0.0 32.1696942
true 0.0002981241055784456 7193 6 2 1.72 4 0.11656965067313527 0.0 114.5241819
true 0.024649981459454 127 6 3 1.72 1 0.11656965067313527 0.0 0.8222788
true 0.0005543181438762423 922 6 3 1.72 2 0.11656965067313527 0.0 8.5830148
true 0.0006785900751597832 1672 6 3 1.72 3 0.11656965067313527 0.0 22.4914083
true 0.0003758938967150516 6317 6 3 1.72 4 0.11656965067313527 0.0 101.1424077
true 0.261752170706242 116 6 4 1.72 1 0.11656965067313527 0.0 0.7861214
true 0.00045236818539325097 1214 6 4 1.72 2 0.11656965067313527 0.0 10.9799911
true 0.01806180482219079 2035 6 4 1.72 3 0.11656965067313527 0.0 25.763757
true 0.0031748839383712035 5898 6 4 1.72 4 0.11656965067313527 0.0 96.617057
true 0.023640560743110516 165 6 5 1.72 1 0.11656965067313527 0.0 1.0430461
true 0.000456548299718007 1724 6 5 1.72 2 0.11656965067313527 0.0 16.2989124
true 0.012513598062130083 4428 6 5 1.72 3 0.11656965067313527 0.0 57.6068939
true 0.0005042643752517839 6096 6 5 1.72 4 0.11656965067313527 0.0 100.8373258
true 0.019700539820401448 208 6 6 1.72 1 0.11656965067313527 0.0 1.3625482
true 0.0004064297407711341 1621 6 6 1.72 2 0.11656965067313527 0.0 15.2414344
true 0.003938350150732878 4896 6 6 1.72 3 0.11656965067313527 0.0 64.0877917
true 0.0001452548807155766 7141 6 6 1.72 4 0.11656965067313527 0.0 117.6185013
true 0.024543188288366213 227 6 1 1.73 1 0.11533125086878497 0.0 1.4049578
true 0.0005747566175499097 819 6 1 1.73 2 0.11533125086878497 0.0 7.5399567
true 0.0005567153714277073 1323 6 1 1.73 3 0.11533125086878497 0.0 18.0874858
true 0.0007771169595026661 4748 6 1 1.73 4 0.11533125086878497 0.0 77.0723203
true 0.024376831662493076 109 6 2 1.73 1 0.11533125086878497 0.0 0.7478895
true 0.02286659241162281 368 6 2 1.73 2 0.11533125086878497 0.0 4.2087919
true 0.00013796401681412385 2483 6 2 1.73 3 0.11533125086878497 0.0 31.3065731
true 0.00016336222335222583 6833 6 2 1.73 4 0.11533125086878497 0.0 107.3841892
true 0.024321161169567358 109 6 3 1.73 1 0.11533125086878497 0.0 0.7107873
true 0.0005402366208962875 1594 6 3 1.73 2 0.11533125086878497 0.0 14.7909872
true 0.0002983182481029652 3169 6 3 1.73 3 0.11533125086878497 0.0 41.1234751
true 0.0003570507109855366 4829 6 3 1.73 4 0.11533125086878497 0.0 75.3296197
true 0.023705818617968985 139 6 4 1.73 1 0.11533125086878497 0.0 0.8947419
true 0.0004473998901431131 939 6 4 1.73 2 0.11533125086878497 0.0 8.8819567
true 0.00018936943175267007 2337 6 4 1.73 3 0.11533125086878497 0.0 30.0973595
true 0.0004580466194976651 5698 6 4 1.73 4 0.11533125086878497 0.0 92.6928
true 0.023336007059565345 326 6 5 1.73 1 0.11533125086878497 0.0 2.0539456
true 0.00044987944885973576 1575 6 5 1.73 2 0.11533125086878497 0.0 14.8172598
true 6.937724853282035e-5 3220 6 5 1.73 3 0.11533125086878497 0.0 42.3123663
true 0.00079799829403856 3766 6 5 1.73 4 0.11533125086878497 0.0 61.0331687
true 0.3365300587416838 128 6 6 1.73 1 0.11533125086878497 0.0 0.8398659
true 0.0003898836122747662 1317 6 6 1.73 2 0.11533125086878497 0.0 12.3178876
true 0.004212138868560311 8342 6 6 1.73 3 0.11533125086878497 0.0 106.6981576
true 0.00033292875589275667 9192 6 6 1.73 4 0.11533125086878497 0.0 147.6781926
true 0.024214123060321113 105 6 1 1.74 1 0.11411420681941019 0.0 0.6822093
true 0.000560506926651716 934 6 1 1.74 2 0.11411420681941019 0.0 8.7353392
true 0.0005610324129644018 2777 6 1 1.74 3 0.11411420681941019 0.0 35.8663238
true 0.00018002584788262554 3032 6 1 1.74 4 0.11411420681941019 0.0 48.6176263
true 0.02405325299780886 106 6 2 1.74 1 0.11411420681941019 0.0 0.6807953
true 0.0005216856990444274 661 6 2 1.74 2 0.11411420681941019 0.0 6.2333788
true 0.0001913385861994632 4054 6 2 1.74 3 0.11411420681941019 0.0 50.7146347
true 0.00036978700767037465 3183 6 2 1.74 4 0.11411420681941019 0.0 53.1013918
true 0.023999790330810178 113 6 3 1.74 1 0.11411420681941019 0.0 0.7451993
true 0.0005269374431744652 1169 6 3 1.74 2 0.11411420681941019 0.0 11.375654
true 0.0233869787942238 1398 6 3 1.74 3 0.11411420681941019 0.0 18.9651635
true 0.00032478039149586024 2045 6 3 1.74 4 0.11411420681941019 0.0 35.1287894
true 0.02339934027075427 149 6 4 1.74 1 0.11411420681941019 0.0 0.9496932
true 0.001064639494688449 694 6 4 1.74 2 0.11411420681941019 0.0 6.850644
true 0.0002842402229800006 1586 6 4 1.74 3 0.11411420681941019 0.0 21.4274663
true 0.0002998593371511954 4650 6 4 1.74 4 0.11411420681941019 0.0 73.4237045
true 0.40471413844755233 109 6 5 1.74 1 0.11411420681941019 0.0 0.8300462
true 0.0004341201401230177 1073 6 5 1.74 2 0.11411420681941019 0.0 10.1501399
true 0.010366920543730906 1972 6 5 1.74 3 0.11411420681941019 0.0 27.0579682
true 0.0006142891389983807 5018 6 5 1.74 4 0.11411420681941019 0.0 82.4818545
true 0.019198490245883087 247 6 6 1.74 1 0.11411420681941019 0.0 1.6590711
true 0.00038661972382095233 2175 6 6 1.74 2 0.11411420681941019 0.0 21.1057342
true 0.0001312525137128854 3199 6 6 1.74 3 0.11411420681941019 0.0 40.3793444
true 0.0006822994579105771 4754 6 6 1.74 4 0.11411420681941019 0.0 75.4605859
true 0.02389205199415284 99 6 1 1.75 1 0.11291800904022412 0.0 0.6110462
true 0.0005462769131271972 643 6 1 1.75 2 0.11291800904022412 0.0 6.2348455
true 0.00022117209044048014 2809 6 1 1.75 3 0.11291800904022412 0.0 35.4271712
true 0.00044189842566150217 5228 6 1 1.75 4 0.11291800904022412 0.0 82.9156899
true 0.023736670992765385 124 6 2 1.75 1 0.11291800904022412 0.0 0.7513237
true 0.0005082046737752977 1730 6 2 1.75 2 0.11291800904022412 0.0 15.7951497
true 0.02244545603629916 872 6 2 1.75 3 0.11291800904022412 0.0 12.4419218
true 0.00030732038992908883 3330 6 2 1.75 4 0.11291800904022412 0.0 53.0653073
true 0.34129739748850335 91 6 3 1.75 1 0.11291800904022412 0.0 0.6180975
true 0.0005143472219750941 1549 6 3 1.75 2 0.11291800904022412 0.0 14.8206242
true 0.00019569747027411064 1559 6 3 1.75 3 0.11291800904022412 0.0 20.7724275
true 0.0005363550320011309 3441 6 3 1.75 4 0.11291800904022412 0.0 56.0549536
true 0.26115192542585824 154 6 4 1.75 1 0.11291800904022412 0.0 0.9903722
true 0.0004278619023586616 1179 6 4 1.75 2 0.11291800904022412 0.0 10.9618258
true 0.017275171132313166 1013 6 4 1.75 3 0.11291800904022412 0.0 13.881823
true 0.00033603733103962363 4401 6 4 1.75 4 0.11291800904022412 0.0 69.3866967
true 0.02274560638687746 138 6 5 1.75 1 0.11291800904022412 0.0 0.9487464
true 0.000434577505637046 1497 6 5 1.75 2 0.11291800904022412 0.0 13.7383759
true 0.00021015679072378113 1692 6 5 1.75 3 0.11291800904022412 0.0 21.8918537
true 0.00015552677258376946 5346 6 5 1.75 4 0.11291800904022412 0.0 84.7632191
true 0.1777623937365573 196 6 6 1.75 1 0.11291800904022412 0.0 1.2459787
true 0.00037118156908455546 2148 6 6 1.75 2 0.11291800904022412 0.0 19.6850172
true 0.015371737778099923 2144 6 6 1.75 3 0.11291800904022412 0.0 28.7872829
true 0.0005138839997714898 13986 6 6 1.75 4 0.11291800904022412 0.0 222.0382898
true 0.023576500612716822 105 6 1 1.76 1 0.1117421632510926 0.0 0.7012962
true 0.0005328142838433303 1049 6 1 1.76 2 0.1117421632510926 0.0 9.5669169
true 2.8093517223271025e-5 2103 6 1 1.76 3 0.1117421632510926 0.0 26.2608586
true 0.00043687498261479885 3572 6 1 1.76 4 0.1117421632510926 0.0 60.307004
true 0.02342574835867997 106 6 2 1.76 1 0.1117421632510926 0.0 0.6681961
true 0.022155743088653257 658 6 2 1.76 2 0.1117421632510926 0.0 6.2667853
true 0.0002742184832548178 2768 6 2 1.76 3 0.1117421632510926 0.0 33.6030327
true 0.0002896474437378005 3810 6 2 1.76 4 0.1117421632510926 0.0 60.0706872
true 0.023375241813938703 122 6 3 1.76 1 0.1117421632510926 0.0 0.7907051
true 0.0005123381418070857 529 6 3 1.76 2 0.1117421632510926 0.0 5.3528155
true 0.022606643063665444 592 6 3 1.76 3 0.1117421632510926 0.0 9.2005904
true 0.0007539845241053925 2005 6 3 1.76 4 0.1117421632510926 0.0 34.4061531
true 0.022802355481609707 160 6 4 1.76 1 0.1117421632510926 0.0 0.9647304
true 0.0004116737017752087 1362 6 4 1.76 2 0.1117421632510926 0.0 12.6631755
true 8.467855676491665e-5 3762 6 4 1.76 3 0.1117421632510926 0.0 47.3682505
true 0.0032858275686753757 4977 6 4 1.76 4 0.1117421632510926 0.0 81.8837115
true 0.21402597723561084 119 6 5 1.76 1 0.1117421632510926 0.0 0.8398067
true 0.0007167036078966627 1319 6 5 1.76 2 0.1117421632510926 0.0 12.6848069
true 0.0007358967806159966 7441 6 5 1.76 3 0.1117421632510926 0.0 95.846471
true 0.0002715120618336897 4451 6 5 1.76 4 0.1117421632510926 0.0 71.8620719
true 0.17835515438537977 153 6 6 1.76 1 0.1117421632510926 0.0 0.9854274
true 0.0003643633586025985 2228 6 6 1.76 2 0.1117421632510926 0.0 20.7165347
true 0.00012154740825118249 3396 6 6 1.76 3 0.1117421632510926 0.0 43.5175175
true 0.0005096884093791776 4529 6 6 1.76 4 0.1117421632510926 0.0 73.909786
true 0.023267222213903427 111 6 1 1.77 1 0.11058618985163844 0.0 0.7679902
true 0.0005200206156692477 1007 6 1 1.77 2 0.11058618985163844 0.0 9.332025
true 0.0008753254768495422 2500 6 1 1.77 3 0.11058618985163844 0.0 31.7658322
true 0.00015142548421159807 3454 6 1 1.77 4 0.11058618985163844 0.0 55.3844173
true 0.023121218976172003 131 6 2 1.77 1 0.11058618985163844 0.0 0.8227582
true 0.0004841272991031875 1135 6 2 1.77 2 0.11058618985163844 0.0 10.8308224
true 0.0005700997002777985 2327 6 2 1.77 3 0.11058618985163844 0.0 30.092626
true 0.00012337471561207902 2115 6 2 1.77 4 0.11058618985163844 0.0 35.9068067
true 0.02307324037547163 91 6 3 1.77 1 0.11058618985163844 0.0 0.6198356
true 0.0004902165446954432 957 6 3 1.77 2 0.11058618985163844 0.0 8.9072706
true 9.196416799791181e-5 1188 6 3 1.77 3 0.11058618985163844 0.0 15.9942029
true 0.0005112770786111128 3167 6 3 1.77 4 0.11058618985163844 0.0 50.7344219
true 0.26102605703947046 183 6 4 1.77 1 0.11058618985163844 0.0 1.2576234
true 0.0004058524283527265 1709 6 4 1.77 2 0.11058618985163844 0.0 15.4911857
true 3.748294985245204e-5 6729 6 4 1.77 3 0.11058618985163844 0.0 84.7751315
true 5.672367150315327e-5 4120 6 4 1.77 4 0.11058618985163844 0.0 66.2306937
true 0.21384375755264823 165 6 5 1.77 1 0.11058618985163844 0.0 1.0446265
true 0.00040639322631097485 2129 6 5 1.77 2 0.11058618985163844 0.0 19.9405065
true 0.00034807259856012296 2087 6 5 1.77 3 0.11058618985163844 0.0 27.1775919
true 0.0004013728264493976 4094 6 5 1.77 4 0.11058618985163844 0.0 66.5077395
true 0.01848137340111967 124 6 6 1.77 1 0.11058618985163844 0.0 0.8684018
true 0.000387819150306834 1217 6 6 1.77 2 0.11058618985163844 0.0 12.1280179
true 0.00766691871370026 5427 6 6 1.77 3 0.11058618985163844 0.0 70.0629503
true 0.000539878508682821 5024 6 6 1.77 4 0.11058618985163844 0.0 79.3298975
true 0.0229645864455309 103 6 1 1.78 1 0.10944962341575272 0.0 0.6571958
true 0.02133785780534847 686 6 1 1.78 2 0.10944962341575272 0.0 6.6022559
true 0.00012629592707991133 1180 6 1 1.78 3 0.10944962341575272 0.0 15.2557165
true 0.00039773538439336065 4758 6 1 1.78 4 0.10944962341575272 0.0 75.1288705
true 0.022823529417845212 122 6 2 1.78 1 0.10944962341575272 0.0 0.7638661
true 0.00047442864605254376 1492 6 2 1.78 2 0.10944962341575272 0.0 13.873031
true 5.802738402235774e-5 2494 6 2 1.78 3 0.10944962341575272 0.0 32.922524
true 0.00015910999358551003 7805 6 2 1.78 4 0.10944962341575272 0.0 122.0162564
true 0.022776430804821612 126 6 3 1.78 1 0.10944962341575272 0.0 0.7732738
true 0.00047827871068641575 826 6 3 1.78 2 0.10944962341575272 0.0 7.7537757
true 0.00011180913998332098 4234 6 3 1.78 3 0.10944962341575272 0.0 52.4623253
true 0.0003523713115605361 6819 6 3 1.78 4 0.10944962341575272 0.0 107.3692764
true 0.02223001389823334 151 6 4 1.78 1 0.10944962341575272 0.0 0.9453498
true 0.00039036478416278053 1305 6 4 1.78 2 0.10944962341575272 0.0 11.6704855
true 0.016708531515341976 1861 6 4 1.78 3 0.10944962341575272 0.0 25.4965728
true 0.0003401787498158171 1909 6 4 1.78 4 0.10944962341575272 0.0 35.1863401
true 0.21283000517606707 122 6 5 1.78 1 0.10944962341575272 0.0 0.7716319
true 0.20024209055765357 1364 6 5 1.78 2 0.10944962341575272 0.0 13.0477299
true 6.087219308412717e-5 3577 6 5 1.78 3 0.10944962341575272 0.0 46.9071835
true 0.0004364301182030572 8261 6 5 1.78 4 0.10944962341575272 0.0 134.2165044
true 0.17735787640740844 157 6 6 1.78 1 0.10944962341575272 0.0 1.0328988
true 0.00035253374899268014 547 6 6 1.78 2 0.10944962341575272 0.0 5.664022
true 0.014753237003906359 1977 6 6 1.78 3 0.10944962341575272 0.0 25.7611622
true 0.0006082801490700044 5845 6 6 1.78 4 0.10944962341575272 0.0 96.3766978
true 0.02266769033611271 130 6 1 1.79 1 0.10833201220480698 0.0 0.8064275
true 0.02236117705744267 439 6 1 1.79 2 0.10833201220480698 0.0 4.5105675
true 0.0004915117830502913 1035 6 1 1.79 3 0.10833201220480698 0.0 14.4362205
true 0.00019351583897320168 4086 6 1 1.79 4 0.10833201220480698 0.0 64.2867473
true 0.022531320495277563 176 6 2 1.79 1 0.10833201220480698 0.0 1.081274
true 0.0004611145177119136 933 6 2 1.79 2 0.10833201220480698 0.0 8.6132639
true 0.02129508092656715 1939 6 2 1.79 3 0.10833201220480698 0.0 25.01076
true 0.0002169589418957174 5658 6 2 1.79 4 0.10833201220480698 0.0 87.9779143
true 0.022485334025871734 120 6 3 1.79 1 0.10833201220480698 0.0 0.8000915
true 0.0005752854093765691 318 6 3 1.79 2 0.10833201220480698 0.0 3.5840517
true 0.021713927505503088 619 6 3 1.79 3 0.10833201220480698 0.0 9.6489185
true 0.00043039355410974994 4251 6 3 1.79 4 0.10833201220480698 0.0 65.9882937
true 0.02195170311931477 163 6 4 1.79 1 0.10833201220480698 0.0 1.0160394
true 0.0003895186453306415 2066 6 4 1.79 2 0.10833201220480698 0.0 19.045483
true 4.053868478275102e-5 4342 6 4 1.79 3 0.10833201220480698 0.0 55.3419914
true 0.0003904703135181875 5516 6 4 1.79 4 0.10833201220480698 0.0 88.2715681
true 0.2125645688667972 119 6 5 1.79 1 0.10833201220480698 0.0 0.7789257
true 0.00040155279763290916 1452 6 5 1.79 2 0.10833201220480698 0.0 13.5654773
true 0.0002767981365774941 3724 6 5 1.79 3 0.10833201220480698 0.0 48.7590421
true 0.0004935109914804614 4423 6 5 1.79 4 0.10833201220480698 0.0 71.1800051
true 0.17713708075375725 132 6 6 1.79 1 0.10833201220480698 0.0 0.8702794
true 0.0003493597787077955 1840 6 6 1.79 2 0.10833201220480698 0.0 17.1931028
true 0.00036668324603437535 5757 6 6 1.79 3 0.10833201220480698 0.0 75.3122309
true 0.00027673655450347057 6257 6 6 1.79 4 0.10833201220480698 0.0 101.8421837
true 0.0223769913401603 118 6 1 1.8 1 0.10723291769893503 0.0 0.7527327
true 0.00048303256064752276 616 6 1 1.8 2 0.10723291769893503 0.0 5.8906446
true 2.1884384088344255e-5 1711 6 1 1.8 3 0.10723291769893503 0.0 22.5251919
true 0.00027375014072550385 2899 6 1 1.8 4 0.10723291769893503 0.0 46.4781293
true 0.022244273885866833 114 6 2 1.8 1 0.10723291769893503 0.0 0.677462
true 0.00045126138482726175 745 6 2 1.8 2 0.10723291769893503 0.0 6.8704643
true 0.0001568594548903568 4471 6 2 1.8 3 0.10723291769893503 0.0 55.4763787
true 0.0007600208677284448 4093 6 2 1.8 4 0.10723291769893503 0.0 65.043926
true 0.022200232942014786 176 6 3 1.8 1 0.10723291769893503 0.0 1.0963638
true 0.00045725869098983685 754 6 3 1.8 2 0.10723291769893503 0.0 7.2524247
true 0.00011943061028999817 3591 6 3 1.8 3 0.10723291769893503 0.0 45.0204983
true 0.0005241961707539988 3283 6 3 1.8 4 0.10723291769893503 0.0 52.0478451
true 0.02167965376998951 150 6 4 1.8 1 0.10723291769893503 0.0 0.899079
true 0.035067270639793105 449 6 4 1.8 2 0.10723291769893503 0.0 4.6527354
true 0.00014346676409593417 2106 6 4 1.8 3 0.10723291769893503 0.0 26.2149147
true 0.0003518288660102342 3622 6 4 1.8 4 0.10723291769893503 0.0 58.3049837
true 0.021366208868963243 215 6 5 1.8 1 0.10723291769893503 0.0 1.3563688
true 0.00037972066998166466 1279 6 5 1.8 2 0.10723291769893503 0.0 11.9203226
true 0.01301854725851519 4968 6 5 1.8 3 0.10723291769893503 0.0 64.4528616
true 0.00035053823056826474 5959 6 5 1.8 4 0.10723291769893503 0.0 93.9541161
true 0.01780577370167306 222 6 6 1.8 1 0.10723291769893503 0.0 1.4566669
true 0.0003413101188420771 1701 6 6 1.8 2 0.10723291769893503 0.0 15.4628343
true 0.014455718907995288 1000 6 6 1.8 3 0.10723291769893503 0.0 14.0787163
true 0.0003907985217738534 6451 6 6 1.8 4 0.10723291769893503 0.0 105.4348832
true 0.022092419024261234 94 6 1 1.81 1 0.10615191414570589 0.0 0.5943138
true 0.00047053864143259405 1035 6 1 1.81 2 0.10615191414570589 0.0 9.7301755
true 0.00016392576341572873 2385 6 1 1.81 3 0.10615191414570589 0.0 29.8824614
true 0.00014555084604650492 2457 6 1 1.81 4 0.10615191414570589 0.0 41.9131612
true 0.021963519149038352 118 6 2 1.81 1 0.10615191414570589 0.0 0.7295983
true 0.020981189042703463 799 6 2 1.81 2 0.10615191414570589 0.0 7.7017776
true 0.00014654084405743562 4898 6 2 1.81 3 0.10615191414570589 0.0 62.5497175
true 0.0002475170988247011 3776 6 2 1.81 4 0.10615191414570589 0.0 58.6819411
true 0.021921122018414157 109 6 3 1.81 1 0.10615191414570589 0.0 0.7376245
true 0.00044401925908865714 997 6 3 1.81 2 0.10615191414570589 0.0 9.1596209
true 0.00014175719745325907 2385 6 3 1.81 3 0.10615191414570589 0.0 30.1355496
true 0.0001326764425799154 4242 6 3 1.81 4 0.10615191414570589 0.0 67.7226314
true 0.021411347136622003 121 6 4 1.81 1 0.10615191414570589 0.0 0.7895813
true 0.0003628158560357031 1541 6 4 1.81 2 0.10615191414570589 0.0 13.7349876
true 8.817197479790706e-5 4465 6 4 1.81 3 0.10615191414570589 0.0 55.8338979
true 0.00037109916193303616 6326 6 4 1.81 4 0.10615191414570589 0.0 99.4526893
true 0.021106085271150155 146 6 5 1.81 1 0.10615191414570589 0.0 0.9382983
true 0.0003758223607232547 2507 6 5 1.81 2 0.10615191414570589 0.0 23.4682916
true 0.00015254708385241677 3860 6 5 1.81 3 0.10615191414570589 0.0 48.2009503
true 0.00885880468292286 2412 6 5 1.81 4 0.10615191414570589 0.0 39.8348009
true 0.017588546000956228 215 6 6 1.81 1 0.10615191414570589 0.0 1.3547794
true 0.00035598562533672995 501 6 6 1.81 2 0.10615191414570589 0.0 5.2664664
true 0.010763891036925646 1607 6 6 1.81 3 0.10615191414570589 0.0 21.147481
true 0.0005395969695760524 3251 6 6 1.81 4 0.10615191414570589 0.0 53.907259
true 0.021812582682322057 119 6 1 1.82 1 0.10508858812552895 0.0 0.7137051
true 0.0004595146588360355 439 6 1 1.82 2 0.10508858812552895 0.0 4.2452676
true 0.00011596358400944862 1599 6 1 1.82 3 0.10508858812552895 0.0 19.9952294
true 3.569228729766172e-5 3272 6 1 1.82 4 0.10508858812552895 0.0 53.1882966
true 0.021687952095830493 127 6 2 1.82 1 0.10508858812552895 0.0 0.8381682
true 0.0004924169355490504 541 6 2 1.82 2 0.10508858812552895 0.0 5.4501028
true 0.0006538268627821475 3319 6 2 1.82 3 0.10508858812552895 0.0 41.9649665
true 0.0002498129013858985 3928 6 2 1.82 4 0.10508858812552895 0.0 61.8579219
true 0.021646720817781646 141 6 3 1.82 1 0.10508858812552895 0.0 0.8713666
true 0.00043351374080632016 1616 6 3 1.82 2 0.10508858812552895 0.0 15.0729981
true 3.8328418734153345e-5 2360 6 3 1.82 3 0.10508858812552895 0.0 29.7052856
true 0.0003109673707350861 1660 6 3 1.82 4 0.10508858812552895 0.0 29.0145741
true 0.021148888551446463 171 6 4 1.82 1 0.10508858812552895 0.0 1.0337929
true 0.00036887463530323183 2099 6 4 1.82 2 0.10508858812552895 0.0 19.4721121
true 0.00024367874625853825 2609 6 4 1.82 3 0.10508858812552895 0.0 32.2441593
true 0.00018371818872173207 6595 6 4 1.82 4 0.10508858812552895 0.0 103.7743988
true 0.020850533371263347 153 6 5 1.82 1 0.10508858812552895 0.0 1.0389079
true 0.00037466619237820354 1558 6 5 1.82 2 0.10508858812552895 0.0 14.5499316
true 0.00015345333919978277 6027 6 5 1.82 3 0.10508858812552895 0.0 76.1122032
true 0.0003121209066343833 5384 6 5 1.82 4 0.10508858812552895 0.0 85.5512383
true 0.017375492409787557 190 6 6 1.82 1 0.10508858812552895 0.0 1.1941176
true 0.0003303215498934031 1562 6 6 1.82 2 0.10508858812552895 0.0 14.6332759
true 3.750188727110378e-5 3163 6 6 1.82 3 0.10508858812552895 0.0 40.9659073
true 0.00021553783689298722 1461 6 6 1.82 4 0.10508858812552895 0.0 26.6647431
true 0.02153854967454666 139 6 1 1.83 1 0.1040425381333935 0.0 0.82731
true 0.00044833118775355896 1484 6 1 1.83 2 0.1040425381333935 0.0 14.4579165
true 0.00011374634803884565 2080 6 1 1.83 3 0.1040425381333935 0.0 26.9924249
true 0.00039633818727319303 4777 6 1 1.83 4 0.1040425381333935 0.0 78.24317
true 0.021418145938620597 106 6 2 1.83 1 0.1040425381333935 0.0 0.6681598
true 0.00041965243002470287 1504 6 2 1.83 2 0.1040425381333935 0.0 13.9956026
true 0.00030068060587157275 5937 6 2 1.83 3 0.1040425381333935 0.0 74.1723411
true 0.010494463837538798 1268 6 2 1.83 4 0.1040425381333935 0.0 24.6818082
true 0.021377766253159902 96 6 3 1.83 1 0.1040425381333935 0.0 0.6243212
true 0.00042412551026068296 1370 6 3 1.83 2 0.1040425381333935 0.0 13.0999428
true 0.020553493470108375 637 6 3 1.83 3 0.1040425381333935 0.0 9.7383699
true 5.415978077712621e-5 4258 6 3 1.83 4 0.1040425381333935 0.0 66.2040631
true 0.020891604996847224 127 6 4 1.83 1 0.1040425381333935 0.0 0.8737186
true 0.00044051212572925047 551 6 4 1.83 2 0.1040425381333935 0.0 5.4130941
true 0.01581978060695155 2094 6 4 1.83 3 0.1040425381333935 0.0 27.2139522
true 0.010686581830872635 3178 6 4 1.83 4 0.1040425381333935 0.0 51.5483089
true 0.21282691626814207 154 6 5 1.83 1 0.1040425381333935 0.0 1.00053
true 0.00036978859863836535 1441 6 5 1.83 2 0.1040425381333935 0.0 13.4980568
true 7.880579831601731e-5 3440 6 5 1.83 3 0.1040425381333935 0.0 43.7312758
true 0.00021725370498625328 4595 6 5 1.83 4 0.1040425381333935 0.0 73.6724149
true 0.017166687769993656 172 6 6 1.83 1 0.1040425381333935 0.0 1.1261438
true 0.00031685659420642903 1460 6 6 1.83 2 0.1040425381333935 0.0 13.5376208
true 0.0006155542733334943 3378 6 6 1.83 3 0.1040425381333935 0.0 44.3484752
true 0.0002875475899906943 4693 6 6 1.83 4 0.1040425381333935 0.0 73.8203251
true 0.021270008477827396 103 6 1 1.84 1 0.10301337417579307 0.0 0.6746892
true 0.0004377461228913804 362 6 1 1.84 2 0.10301337417579307 0.0 3.7097546
true 0.0005178214152216087 1323 6 1 1.84 3 0.10301337417579307 0.0 17.3680905
true 0.00032741176519562876 5806 6 1 1.84 4 0.10301337417579307 0.0 92.4756643
true 0.021153212545355127 123 6 2 1.84 1 0.10301337417579307 0.0 0.7518783
true 0.00040971014427615415 1346 6 2 1.84 2 0.10301337417579307 0.0 12.7082032
true 9.485962180844076e-5 4758 6 2 1.84 3 0.10301337417579307 0.0 61.2050991
true 0.00029986750174260113 2929 6 2 1.84 4 0.10301337417579307 0.0 45.6179151
true 0.021113934173072575 162 6 3 1.84 1 0.10301337417579307 0.0 1.0025046
true 0.0004140182001969861 676 6 3 1.84 2 0.10301337417579307 0.0 6.4762545
true 0.000584581638800837 2615 6 3 1.84 3 0.10301337417579307 0.0 32.6335571
true 0.0003091954473319336 6734 6 3 1.84 4 0.10301337417579307 0.0 104.4899172
true 0.020638695420339914 167 6 4 1.84 1 0.10301337417579307 0.0 1.0382116
true 0.00295554240203888 934 6 4 1.84 2 0.10301337417579307 0.0 9.0759022
true 0.009456663929857445 6366 6 4 1.84 3 0.10301337417579307 0.0 80.3397427
true 0.023999435112783046 3182 6 4 1.84 4 0.10301337417579307 0.0 53.3288447
true 0.020353759308166165 105 6 5 1.84 1 0.10301337417579307 0.0 0.7592983
true 0.00036139528855312354 949 6 5 1.84 2 0.10301337417579307 0.0 9.1815549
true 0.0270510661543246 743 6 5 1.84 3 0.10301337417579307 0.0 11.5529573
true 0.0003999395040819698 3987 6 5 1.84 4 0.10301337417579307 0.0 63.7830974
true 0.17722401790742062 168 6 6 1.84 1 0.10301337417579307 0.0 1.10251
true 0.00030258947656583435 1967 6 6 1.84 2 0.10301337417579307 0.0 18.2348317
true 0.01379092588642609 1559 6 6 1.84 3 0.10301337417579307 0.0 21.2613271
true 0.0004060896628754566 5100 6 6 1.84 4 0.10301337417579307 0.0 82.8060807
true 0.02100682597967546 117 6 1 1.85 1 0.10200071738298862 0.0 0.7615984
true 0.00042774580248450267 719 6 1 1.85 2 0.10200071738298862 0.0 6.6326997
true 0.0007556869892310081 2070 6 1 1.85 3 0.10200071738298862 0.0 25.9254785
true 0.00016399648587728244 3517 6 1 1.85 4 0.10200071738298862 0.0 59.1831599
true 0.020893127363905112 169 6 2 1.85 1 0.10200071738298862 0.0 1.0322006
true 0.01999304395870033 561 6 2 1.85 2 0.10200071738298862 0.0 5.9210962
true 8.304976225331773e-5 1659 6 2 1.85 3 0.10200071738298862 0.0 21.0426141
true 0.00045983821925754675 6464 6 2 1.85 4 0.10200071738298862 0.0 100.0294984
true 0.0208553374875521 101 6 3 1.85 1 0.10200071738298862 0.0 0.7210585
true 0.0004048214756921705 552 6 3 1.85 2 0.10200071738298862 0.0 5.4350818
true 0.02026530103132405 724 6 3 1.85 3 0.10200071738298862 0.0 11.0416551
true 0.0002926522215085751 3969 6 3 1.85 4 0.10200071738298862 0.0 65.2117708
true 0.02039083867103761 191 6 4 1.85 1 0.10200071738298862 0.0 1.152014
true 0.00035878344041094523 2068 6 4 1.85 2 0.10200071738298862 0.0 18.6703269
true 0.015221555191188632 607 6 4 1.85 3 0.10200071738298862 0.0 9.1393295
true 0.00023015938831480454 3851 6 4 1.85 4 0.10200071738298862 0.0 60.8598764
true 0.02011223442060587 131 6 5 1.85 1 0.10200071738298862 0.0 0.8199943
true 0.0003401773402404107 634 6 5 1.85 2 0.10200071738298862 0.0 6.4843137
true 0.016239212561488303 854 6 5 1.85 3 0.10200071738298862 0.0 12.2490818
true 0.0003359242451714373 3954 6 5 1.85 4 0.10200071738298862 0.0 62.9714483
true 0.17709525601374146 171 6 6 1.85 1 0.10200071738298862 0.0 1.1332883
true 0.00030304513885479983 1838 6 6 1.85 2 0.10200071738298862 0.0 16.9240388
true 0.00018971714681402055 1968 6 6 1.85 3 0.10200071738298862 0.0 25.4971087
true 4.453875445927421e-5 11867 6 6 1.85 4 0.10200071738298862 0.0 191.4948788
true 0.020748347956224877 122 6 1 1.86 1 0.101004199635488 0.0 0.7198584
true 0.0004175113442190237 916 6 1 1.86 2 0.101004199635488 0.0 8.4931953
true 0.00041410758416110527 1272 6 1 1.86 3 0.101004199635488 0.0 18.9085763
true 0.00047520462422140364 1925 6 1 1.86 4 0.101004199635488 0.0 31.7642086
true 0.02063821717247985 128 6 2 1.86 1 0.101004199635488 0.0 0.7952686
true 0.00039108077851593426 1140 6 2 1.86 2 0.101004199635488 0.0 10.6734851
true 4.855867060515884e-5 3677 6 2 1.86 3 0.101004199635488 0.0 45.9816595
true 0.00014835602641610768 5864 6 2 1.86 4 0.101004199635488 0.0 90.3121345
true 0.02060181050549083 168 6 3 1.86 1 0.101004199635488 0.0 1.0169558
true 0.00039518241887781524 770 6 3 1.86 2 0.101004199635488 0.0 7.0898083
true 0.0005707603794803395 4526 6 3 1.86 3 0.101004199635488 0.0 56.6261542
true 0.00011113348565931307 2109 6 3 1.86 4 0.101004199635488 0.0 34.7932625
true 0.020147466367511663 159 6 4 1.86 1 0.101004199635488 0.0 0.9633622
true 0.00032514388752664936 1836 6 4 1.86 2 0.101004199635488 0.0 16.9988024
true 0.015056849612931425 2318 6 4 1.86 3 0.101004199635488 0.0 29.6371524
true 0.0007610495462006123 9340 6 4 1.86 4 0.101004199635488 0.0 148.62504
true 0.019874861098038266 180 6 5 1.86 1 0.101004199635488 0.0 1.1591202
true 0.20017457769524255 1358 6 5 1.86 2 0.101004199635488 0.0 12.7421774
true 0.0001757276044601297 4173 6 5 1.86 3 0.101004199635488 0.0 54.5142773
true 0.00015177802351699077 4672 6 5 1.86 4 0.101004199635488 0.0 74.7383242
true 0.17631464665405772 168 6 6 1.86 1 0.101004199635488 0.0 1.1042182
true 0.0002783892467132602 521 6 6 1.86 2 0.101004199635488 0.0 5.4434783
true 2.5105714222956044e-5 4615 6 6 1.86 3 0.101004199635488 0.0 58.6027869
true 0.0003975278882947612 7713 6 6 1.86 4 0.101004199635488 0.0 122.2212479
true 0.020494542115042647 149 6 1 1.87 1 0.10002346320442916 0.0 0.9228447
true 0.0004075487134100886 378 6 1 1.87 2 0.10002346320442916 0.0 3.9458698
true 0.0004896317771276859 1167 6 1 1.87 3 0.10002346320442916 0.0 14.9062478
true 0.0003159515584199579 4336 6 1 1.87 4 0.10002346320442916 0.0 69.2384298
true 0.02038847988104453 115 6 2 1.87 1 0.10002346320442916 0.0 0.7763005
true 0.019535323842458596 546 6 2 1.87 2 0.10002346320442916 0.0 5.4961695
true 0.019430585751502583 897 6 2 1.87 3 0.10002346320442916 0.0 12.2878326
true 0.0002612086834998528 7000 6 2 1.87 4 0.10002346320442916 0.0 111.8614818
true 0.020352343953555545 173 6 3 1.87 1 0.10002346320442916 0.0 1.0380901
true 0.00038641926355141115 1354 6 3 1.87 2 0.10002346320442916 0.0 12.6340349
true 0.006130652759476311 2093 6 3 1.87 3 0.10002346320442916 0.0 26.7264856
true 0.0005102254181556151 3497 6 3 1.87 4 0.10002346320442916 0.0 56.1799512
true 0.01990871705279232 127 6 4 1.87 1 0.10002346320442916 0.0 0.8621123
true 0.03245128708732559 655 6 4 1.87 2 0.10002346320442916 0.0 6.4919972
true 0.01487857949137597 2212 6 4 1.87 3 0.10002346320442916 0.0 28.4259944
true 0.00012999392997410653 5112 6 4 1.87 4 0.10002346320442916 0.0 81.7420733
true 0.0196422310891746 168 6 5 1.87 1 0.10002346320442916 0.0 1.0515598
true 0.0003410896011496023 894 6 5 1.87 2 0.10002346320442916 0.0 8.5113165
true 0.011945494633669562 1540 6 5 1.87 3 0.10002346320442916 0.0 21.4021169
true 0.00021360891217333532 5116 6 5 1.87 4 0.10002346320442916 0.0 81.420788
true 0.023094426992960188 206 6 6 1.87 1 0.10002346320442916 0.0 1.4901021
true 0.02496220639779731 644 6 6 1.87 2 0.10002346320442916 0.0 6.7626751
true 0.0342199481752263 1451 6 6 1.87 3 0.10002346320442916 0.0 19.5388909
true 0.0004530384342427603 3086 6 6 1.87 4 0.10002346320442916 0.0 51.1099284
true 0.02024586206981338 125 6 1 1.88 1 0.0990581604052917 0.0 0.7495393
true 0.00039809886905822767 830 6 1 1.88 2 0.0990581604052917 0.0 7.8439552
true 0.0004124441681597202 1016 6 1 1.88 3 0.0990581604052917 0.0 14.4437228
true 0.0004453217302339829 3101 6 1 1.88 4 0.0990581604052917 0.0 52.7604811
true 0.02014269110073197 142 6 2 1.88 1 0.0990581604052917 0.0 0.8554414
true 0.0003745219697922353 1108 6 2 1.88 2 0.0990581604052917 0.0 10.3243854
true 0.0002094880526930798 4839 6 2 1.88 3 0.0990581604052917 0.0 60.4625833
true 7.937252508272152e-5 1884 6 2 1.88 4 0.0990581604052917 0.0 32.5357867
true 0.3400820405495564 103 6 3 1.88 1 0.0990581604052917 0.0 0.7275325
true 0.00037662284756774983 676 6 3 1.88 2 0.0990581604052917 0.0 6.483748
true 0.019158938573590228 821 6 3 1.88 3 0.0990581604052917 0.0 11.5935517
true 0.0001819170755663809 1619 6 3 1.88 4 0.0990581604052917 0.0 28.1935221
true 0.019674125997133196 197 6 4 1.88 1 0.0990581604052917 0.0 1.1812956
true 0.0003175881702155853 2621 6 4 1.88 2 0.0990581604052917 0.0 24.1544844
true 0.00032133407317490315 2208 6 4 1.88 3 0.0990581604052917 0.0 27.4823545
true 0.000518745458528827 2477 6 4 1.88 4 0.0990581604052917 0.0 41.5481977
true 0.2113977486963154 130 6 5 1.88 1 0.0990581604052917 0.0 0.8594657
true 0.0003242129671314098 1865 6 5 1.88 2 0.0990581604052917 0.0 17.4032503
true 4.89931639017116e-5 4223 6 5 1.88 3 0.0990581604052917 0.0 52.4058299
true 0.0003430870728863389 3543 6 5 1.88 4 0.0990581604052917 0.0 56.7669466
true 0.01617778329591532 201 6 6 1.88 1 0.0990581604052917 0.0 1.3108472
true 0.0002861241405793709 2302 6 6 1.88 2 0.0990581604052917 0.0 21.7117604
true 0.17326725244614719 1033 6 6 1.88 3 0.0990581604052917 0.0 14.387682
true 0.00014576540399528307 6153 6 6 1.88 4 0.0990581604052917 0.0 98.504183
true 0.020001969424997934 91 6 1 1.89 1 0.09810795326443694 0.0 0.5647321
true 0.00039176777208549396 701 6 1 1.89 2 0.09810795326443694 0.0 7.2619062
true 0.00037881068681788754 1879 6 1 1.89 3 0.09810795326443694 0.0 24.9758526
true 0.00017069285637644205 4557 6 1 1.89 4 0.09810795326443694 0.0 70.7559634
true 0.019901407636688517 144 6 2 1.89 1 0.09810795326443694 0.0 0.8845268
true 0.00036580498531901817 1764 6 2 1.89 2 0.09810795326443694 0.0 16.5743215
true 0.019867941600014455 708 6 2 1.89 3 0.09810795326443694 0.0 10.8795777
true 0.00040134609289665946 4928 6 2 1.89 4 0.09810795326443694 0.0 76.4907158
true 0.340000670601362 183 6 3 1.89 1 0.09810795326443694 0.0 1.1249632
true 0.00037396269089368106 297 6 3 1.89 2 0.09810795326443694 0.0 3.3270055
true 0.019205146991883488 837 6 3 1.89 3 0.09810795326443694 0.0 12.2018541
true 0.0003775086446248799 3326 6 3 1.89 4 0.09810795326443694 0.0 54.5789866
true 0.01944344763718739 162 6 4 1.89 1 0.09810795326443694 0.0 0.9748224
true 0.00032392127354333167 2576 6 4 1.89 2 0.09810795326443694 0.0 23.9533706
true 0.014532018080495271 1908 6 4 1.89 3 0.09810795326443694 0.0 24.8366551
true 0.00023754151649178767 9121 6 4 1.89 4 0.09810795326443694 0.0 145.9262046
true 0.019188357965815507 208 6 5 1.89 1 0.09810795326443694 0.0 1.3002211
true 0.00032179957760052335 1567 6 5 1.89 2 0.09810795326443694 0.0 14.5857768
true 0.0001787200433328806 2222 6 5 1.89 3 0.09810795326443694 0.0 28.3314564
true 0.0004121548745501413 6571 6 5 1.89 4 0.09810795326443694 0.0 108.3895324
true 0.015990507318646385 175 6 6 1.89 1 0.09810795326443694 0.0 1.1199076
true 0.0002837263188339249 2317 6 6 1.89 2 0.09810795326443694 0.0 21.9663312
true 9.075755232756944e-5 5295 6 6 1.89 3 0.09810795326443694 0.0 68.5505803
true 0.0006455303883967459 7419 6 6 1.89 4 0.09810795326443694 0.0 117.81692
true 0.019762261801788306 182 6 1 1.9 1 0.09717251319796773 0.0 1.057626
true 0.00039840230594734294 732 6 1 1.9 2 0.09717251319796773 0.0 7.1075674
true 0.00036029103099849413 2802 6 1 1.9 3 0.09717251319796773 0.0 35.540451
true 0.0003656489853793299 1475 6 1 1.9 4 0.09717251319796773 0.0 26.1919575
true 0.019665426710298167 167 6 2 1.9 1 0.09717251319796773 0.0 0.9740387
true 0.0003567634935226771 2933 6 2 1.9 2 0.09717251319796773 0.0 26.5007914
true 0.00030869843968600597 4152 6 2 1.9 3 0.09717251319796773 0.0 51.5036196
true 0.0006909095008101884 2937 6 2 1.9 4 0.09717251319796773 0.0 46.0384812
true 0.019632754251458773 128 6 3 1.9 1 0.09717251319796773 0.0 0.7448708
true 0.00036106200079039086 1586 6 3 1.9 2 0.09717251319796773 0.0 14.7570602
true 0.0004372440225552758 1158 6 3 1.9 3 0.09717251319796773 0.0 16.2643988
true 0.00043794906620830965 635 6 3 1.9 4 0.09717251319796773 0.0 13.6624117
true 0.019217369652417604 105 6 4 1.9 1 0.09717251319796773 0.0 0.7118325
true 0.0003016528103997468 1024 6 4 1.9 2 0.09717251319796773 0.0 9.5291457
true 0.014332674540793053 1976 6 4 1.9 3 0.09717251319796773 0.0 25.7463341
true 0.00012298388086483258 16563 6 4 1.9 4 0.09717251319796773 0.0 260.3847767
true 0.018967859623789385 165 6 5 1.9 1 0.09717251319796773 0.0 1.0409033
true 0.00045334253961399896 366 6 5 1.9 2 0.09717251319796773 0.0 4.0122876
true 8.028148574915628e-5 5193 6 5 1.9 3 0.09717251319796773 0.0 65.6840597
true 0.00027550132803080276 8237 6 5 1.9 4 0.09717251319796773 0.0 134.857737
true 0.17588665704882808 256 6 6 1.9 1 0.09717251319796773 0.0 1.5902078
true 0.0002915764217671553 696 6 6 1.9 2 0.09717251319796773 0.0 6.9544109
true 0.0001045682591714614 2972 6 6 1.9 3 0.09717251319796773 0.0 37.2648272
true 0.00028603114806149965 8774 6 6 1.9 4 0.09717251319796773 0.0 139.3493773
true 0.01952730533741115 141 6 1 1.91 1 0.09625152070246154 0.0 0.8236432
true 0.0003731030398553825 428 6 1 1.91 2 0.09625152070246154 0.0 4.2730644
true 0.0002384393192195744 980 6 1 1.91 3 0.09625152070246154 0.0 13.4377073
true 0.00014831808390725065 2851 6 1 1.91 4 0.09625152070246154 0.0 45.975493
true 0.01943274214883245 105 6 2 1.91 1 0.09625152070246154 0.0 0.6850354
true 0.0003489989307971231 1027 6 2 1.91 2 0.09625152070246154 0.0 9.4401693
true 0.01862520747839233 515 6 2 1.91 3 0.09625152070246154 0.0 8.1288928
true 0.0005162777258737594 5244 6 2 1.91 4 0.09625152070246154 0.0 85.221622
true 0.019401385523950154 156 6 3 1.91 1 0.09625152070246154 0.0 0.9652331
true 0.00035303628427626094 2203 6 3 1.91 2 0.09625152070246154 0.0 20.5520766
true 0.01864947899838243 1966 6 3 1.91 3 0.09625152070246154 0.0 25.9015243
true 0.00027385503294413693 5009 6 3 1.91 4 0.09625152070246154 0.0 79.1980752
true 0.25932604954802263 129 6 4 1.91 1 0.09625152070246154 0.0 0.8606789
true 0.00030401910131368226 872 6 4 1.91 2 0.09625152070246154 0.0 8.6702332
true 0.01413413961900957 1163 6 4 1.91 3 0.09625152070246154 0.0 16.3786862
true 0.0002803439823644005 8848 6 4 1.91 4 0.09625152070246154 0.0 139.5345834
true 0.0187509539731761 147 6 5 1.91 1 0.09625152070246154 0.0 0.971179
true 0.00030526485078364863 1658 6 5 1.91 2 0.09625152070246154 0.0 15.8474405
true 0.00013678674152348692 5825 6 5 1.91 3 0.09625152070246154 0.0 73.8621575
true 0.0002556961758047427 3861 6 5 1.91 4 0.09625152070246154 0.0 62.1763975
true 0.01562605074620525 204 6 6 1.91 1 0.09625152070246154 0.0 1.2611493
true 0.02374511509180882 549 6 6 1.91 2 0.09625152070246154 0.0 5.7979282
true 5.452847151284542e-5 3392 6 6 1.91 3 0.09625152070246154 0.0 42.2063679
true 0.00032699538490795393 3274 6 6 1.91 4 0.09625152070246154 0.0 55.2755724
true 0.019296501549600442 109 6 1 1.92 1 0.09534466505708565 0.0 0.7586447
true 0.00036510685347723726 518 6 1 1.92 2 0.09534466505708565 0.0 4.9295697
true 3.604880894325646e-5 2517 6 1 1.92 3 0.09534466505708565 0.0 31.0021427
true 0.00031403206436103615 1318 6 1 1.92 4 0.09534466505708565 0.0 23.3384807
true 0.01920503226704126 140 6 2 1.92 1 0.09534466505708565 0.0 0.8389797
true 0.00034270352026744 880 6 2 1.92 2 0.09534466505708565 0.0 8.1103512
true 0.0003239726365735218 2605 6 2 1.92 3 0.09534466505708565 0.0 33.8156023
true 0.00038103242739731535 3077 6 2 1.92 4 0.09534466505708565 0.0 49.9462289
true 0.019174391135534357 248 6 3 1.92 1 0.09534466505708565 0.0 1.5818038
true 0.0003450837971188947 1134 6 3 1.92 2 0.09534466505708565 0.0 11.2399454
true 0.0004886726864214985 3794 6 3 1.92 3 0.09534466505708565 0.0 47.3383048
true 0.0002748224517048481 3866 6 3 1.92 4 0.09534466505708565 0.0 60.0893287
true 0.018777087886934565 140 6 4 1.92 1 0.09534466505708565 0.0 0.9252803
true 0.0002960478388105703 1389 6 4 1.92 2 0.09534466505708565 0.0 12.4224738
true 0.013999167659658418 1121 6 4 1.92 3 0.09534466505708565 0.0 16.1545181
true 0.00044649619895836823 2638 6 4 1.92 4 0.09534466505708565 0.0 43.189022
true 0.21089289196761513 138 6 5 1.92 1 0.09534466505708565 0.0 0.9095556
true 0.20018487346866096 879 6 5 1.92 2 0.09534466505708565 0.0 8.3575593
true 0.011328489015696797 1108 6 5 1.92 3 0.09534466505708565 0.0 16.307139
true 0.00016443059378897784 6962 6 5 1.92 4 0.09534466505708565 0.0 109.40295
true 0.1756834407207667 242 6 6 1.92 1 0.09534466505708565 0.0 1.4635931
true 0.023388067793612983 777 6 6 1.92 2 0.09534466505708565 0.0 8.0280106
true 0.00020235018180207268 5607 6 6 1.92 3 0.09534466505708565 0.0 72.3277455
true 0.0002027642543121951 6794 6 6 1.92 4 0.09534466505708565 0.0 109.1659856
true 0.019070312963330893 108 6 1 1.93 1 0.09445164403667455 0.0 0.6985601
true 0.0348115532738808 338 6 1 1.93 2 0.09445164403667455 0.0 3.5014784
true 0.0003308476018677453 1057 6 1 1.93 3 0.09445164403667455 0.0 14.0433206
true 0.017340870181892953 2794 6 1 1.93 4 0.09445164403667455 0.0 47.6007186
true 0.01898113079501948 126 6 2 1.93 1 0.09445164403667455 0.0 0.7628185
true 0.0003337869212068356 2170 6 2 1.93 2 0.09445164403667455 0.0 19.4071428
true 0.0002124250449522247 730 6 2 1.93 3 0.09445164403667455 0.0 10.5054779
true 0.0004011612039273027 2525 6 2 1.93 4 0.09445164403667455 0.0 41.0922369
true 0.01895188494460524 169 6 3 1.93 1 0.09445164403667455 0.0 1.0338629
true 0.00033720706303443554 738 6 3 1.93 2 0.09445164403667455 0.0 7.2580333
true 0.00035977956531170935 4078 6 3 1.93 3 0.09445164403667455 0.0 50.8470579
true 0.0004061207838443881 6420 6 3 1.93 4 0.09445164403667455 0.0 101.3303255
true 0.25902769830895844 118 6 4 1.93 1 0.09445164403667455 0.0 0.8272643
true 0.000301847263017449 1196 6 4 1.93 2 0.09445164403667455 0.0 10.9037622
true 0.01394844072049066 1471 6 4 1.93 3 0.09445164403667455 0.0 19.6365257
true 0.00027683297494043857 3402 6 4 1.93 4 0.09445164403667455 0.0 55.9258544
true 0.018329318545584793 145 6 5 1.93 1 0.09445164403667455 0.0 0.967771
true 0.00029553844750174196 1215 6 5 1.93 2 0.09445164403667455 0.0 11.1721816
true 0.000107877935991052 3148 6 5 1.93 3 0.09445164403667455 0.0 39.9549622
true 0.00011894452699773295 6957 6 5 1.93 4 0.09445164403667455 0.0 109.4855593
true 0.33651212395803 148 6 6 1.93 1 0.09445164403667455 0.0 1.0399986
true 0.0003722143012020729 2047 6 6 1.93 2 0.09445164403667455 0.0 20.1142751
true 9.574803796019715e-5 3564 6 6 1.93 3 0.09445164403667455 0.0 45.9958327
true 0.00018923472697450946 1462 6 6 1.93 4 0.09445164403667455 0.0 25.8786956
true 0.018847575747079737 97 6 1 1.94 1 0.09357216363534221 0.0 0.639694
true 0.0003472472815808647 526 6 1 1.94 2 0.09357216363534221 0.0 5.1855022
true 7.978893695775868e-5 2692 6 1 1.94 3 0.09357216363534221 0.0 33.1188399
true 0.00025274086691279285 2548 6 1 1.94 4 0.09357216363534221 0.0 40.0668601
true 0.018761678363103412 150 6 2 1.94 1 0.09357216363534221 0.0 0.8920084
true 0.000326766348181573 486 6 2 1.94 2 0.09357216363534221 0.0 4.8270429
true 0.00024040116784262988 1878 6 2 1.94 3 0.09357216363534221 0.0 23.6018527
true 0.00023350530986168683 7127 6 2 1.94 4 0.09357216363534221 0.0 112.914031
true 0.01873238831218525 123 6 3 1.94 1 0.09357216363534221 0.0 0.7957031
true 0.0005636166361802641 517 6 3 1.94 2 0.09357216363534221 0.0 5.1543138
true 0.00012287460671809672 3573 6 3 1.94 3 0.09357216363534221 0.0 45.0734723
true 0.0017968430978126948 3803 6 3 1.94 4 0.09357216363534221 0.0 61.7637455
true 0.018351939265071268 169 6 4 1.94 1 0.09357216363534221 0.0 1.0356898
true 0.0002867769380164725 780 6 4 1.94 2 0.09357216363534221 0.0 7.1482079
true 3.6887851425179696e-5 3197 6 4 1.94 3 0.09357216363534221 0.0 40.5597422
true 0.00033832111837645007 3757 6 4 1.94 4 0.09357216363534221 0.0 59.5533882
true 0.018123107465565513 167 6 5 1.94 1 0.09357216363534221 0.0 1.0978373
true 0.00028237143671435707 1126 6 5 1.94 2 0.09357216363534221 0.0 10.3559966
true 0.01468583673356636 755 6 5 1.94 3 0.09357216363534221 0.0 11.2022317
true 0.0004580300409470217 6689 6 5 1.94 4 0.09357216363534221 0.0 106.9303088
true 0.015102853813281117 133 6 6 1.94 1 0.09357216363534221 0.0 0.892848
true 0.0002476728444198069 785 6 6 1.94 2 0.09357216363534221 0.0 8.1439355
true 4.3076056208337286e-5 7801 6 6 1.94 3 0.09357216363534221 0.0 98.4387894
true 0.0002997104892210149 4986 6 6 1.94 4 0.09357216363534221 0.0 80.1252187
true 0.01862893770265245 93 6 1 1.95 1 0.09270593780019673 0.0 0.5989537
true 0.00034065887956763463 737 6 1 1.95 2 0.09270593780019673 0.0 6.7861785
true 1.8581937100747847e-5 2416 6 1 1.95 3 0.09270593780019673 0.0 29.6809162
true 0.0004737950587274109 3382 6 1 1.95 4 0.09270593780019673 0.0 54.5636092
true 0.018545486402073402 208 6 2 1.95 1 0.09270593780019673 0.0 1.2676114
true 0.017610078674826474 497 6 2 1.95 2 0.09270593780019673 0.0 4.8706292
true 0.017744525246197074 1172 6 2 1.95 3 0.09270593780019673 0.0 16.6638015
true 4.3222548223587065e-5 4413 6 2 1.95 4 0.09270593780019673 0.0 67.9459631
true 0.01851727341724063 141 6 3 1.95 1 0.09270593780019673 0.0 0.9162756
true 0.00032285649777831954 1245 6 3 1.95 2 0.09270593780019673 0.0 11.1729521
true 0.0004874658159359502 1845 6 3 1.95 3 0.09270593780019673 0.0 23.8437723
true 0.0005415512340019394 1370 6 3 1.95 4 0.09270593780019673 0.0 24.198013
true 0.018144604464986322 148 6 4 1.95 1 0.09270593780019673 0.0 0.9724801
true 0.0002794529586699207 1233 6 4 1.95 2 0.09270593780019673 0.0 11.1588229
true 0.0002770200373641146 1233 6 4 1.95 3 0.09270593780019673 0.0 17.1850578
true 0.00020180202151960647 4176 6 4 1.95 4 0.09270593780019673 0.0 65.686788
true 0.0179211238287147 189 6 5 1.95 1 0.09270593780019673 0.0 1.1993033
true 0.00027042148786456945 616 6 5 1.95 2 0.09270593780019673 0.0 6.2106801
true 0.014390786350382856 655 6 5 1.95 3 0.09270593780019673 0.0 10.5382212
true 0.00013129327961642901 5176 6 5 1.95 4 0.09270593780019673 0.0 82.3162016
true 0.17539161436554584 145 6 6 1.95 1 0.09270593780019673 0.0 0.9530929
true 0.1668249485959362 1327 6 6 1.95 2 0.09270593780019673 0.0 12.1698123
true 0.00010588229605578332 5688 6 6 1.95 3 0.09270593780019673 0.0 74.3730482
true 0.00044335059643237545 1826 6 6 1.95 4 0.09270593780019673 0.0 33.1689828
true 0.01841451938700056 125 6 1 1.96 1 0.09185268817481701 0.0 0.7295932
true 0.00033162860374447156 476 6 1 1.96 2 0.09185268817481701 0.0 4.6814559
true 5.01218071561893e-5 3790 6 1 1.96 3 0.09185268817481701 0.0 47.529132
true 0.00017711435569073286 7883 6 1 1.96 4 0.09185268817481701 0.0 123.9311337
true 0.018333088317237428 120 6 2 1.96 1 0.09185268817481701 0.0 0.7478778
true 0.017568996272042642 690 6 2 1.96 2 0.09185268817481701 0.0 6.4901038
true 0.0004155648819672564 1611 6 2 1.96 3 0.09185268817481701 0.0 21.2162593
true 0.0001650123878919607 1001 6 2 1.96 4 0.09185268817481701 0.0 21.2246547
true 0.018306108141173522 179 6 3 1.96 1 0.09185268817481701 0.0 1.1157284
true 0.0003159436048510063 1495 6 3 1.96 2 0.09185268817481701 0.0 14.1075722
true 4.507624373221534e-5 891 6 3 1.96 3 0.09185268817481701 0.0 12.348081
true 0.0004458100008574902 1555 6 3 1.96 4 0.09185268817481701 0.0 27.2572845
true 0.017941304524416335 137 6 4 1.96 1 0.09185268817481701 0.0 0.8804954
true 0.004152988453241302 293 6 4 1.96 2 0.09185268817481701 0.0 3.4370238
true 0.013564931567344785 2016 6 4 1.96 3 0.09185268817481701 0.0 26.2712518
true 0.001050357571544966 4326 6 4 1.96 4 0.09185268817481701 0.0 69.5218826
true 0.01772262608723102 145 6 5 1.96 1 0.09185268817481701 0.0 0.9331654
true 0.00028499343705800094 1804 6 5 1.96 2 0.09185268817481701 0.0 17.0199259
true 0.00043008250719936967 1451 6 5 1.96 3 0.09185268817481701 0.0 19.4666695
true 0.0001979043072315001 3788 6 5 1.96 4 0.09185268817481701 0.0 60.682747
true 0.17535183492968162 126 6 6 1.96 1 0.09185268817481701 0.0 0.8844593
true 0.00023797453359575282 2080 6 6 1.96 2 0.09185268817481701 0.0 19.7932679
true 7.581769907303675e-5 4278 6 6 1.96 3 0.09185268817481701 0.0 53.5683701
true 0.00024542549241354794 5427 6 6 1.96 4 0.09185268817481701 0.0 87.0719696
true 0.01820400035081554 135 6 1 1.97 1 0.09101214385204551 0.0 0.7921939
true 0.018032555020282504 366 6 1 1.97 2 0.09101214385204551 0.0 3.869524
true 0.00034093867110596143 1219 6 1 1.97 3 0.09101214385204551 0.0 16.8728018
true 0.00017948725782074293 3115 6 1 1.97 4 0.09101214385204551 0.0 50.6888094
true 0.018124885648639233 111 6 2 1.97 1 0.09101214385204551 0.0 0.7387306
true 0.01743352652023525 465 6 2 1.97 2 0.09101214385204551 0.0 5.0798083
true 0.016242966861912705 2159 6 2 1.97 3 0.09101214385204551 0.0 28.858395
true 9.904743939212479e-5 4292 6 2 1.97 4 0.09101214385204551 0.0 68.6783327
true 0.018098572102018023 123 6 3 1.97 1 0.09101214385204551 0.0 0.7691891
true 0.0003090124985883162 564 6 3 1.97 2 0.09101214385204551 0.0 5.5584759
true 0.00019260212190423212 3610 6 3 1.97 3 0.09101214385204551 0.0 45.1946226
true 0.0002930696372004012 2170 6 3 1.97 4 0.09101214385204551 0.0 36.411787
true 0.017741390482794966 169 6 4 1.97 1 0.09101214385204551 0.0 1.0422382
true 0.0002472680862274784 378 6 4 1.97 2 0.09101214385204551 0.0 3.9705216
true 0.013280263945405227 2513 6 4 1.97 3 0.09101214385204551 0.0 35.277464
true 0.0002617165706059743 8232 6 4 1.97 4 0.09101214385204551 0.0 130.6461467
true 0.01752693198072105 142 6 5 1.97 1 0.09101214385204551 0.0 0.9087586
true 0.0002716434163414938 1387 6 5 1.97 2 0.09101214385204551 0.0 13.0542578
true 0.20687500240820414 1548 6 5 1.97 3 0.09101214385204551 0.0 20.2514385
true 0.000206064005104023 7294 6 5 1.97 4 0.09101214385204551 0.0 115.1323668
true 0.1752576337906432 182 6 6 1.97 1 0.09101214385204551 0.0 1.1651031
true 0.00024709614970647165 1589 6 6 1.97 2 0.09101214385204551 0.0 15.219491
true 0.1700749373116808 2736 6 6 1.97 3 0.09101214385204551 0.0 35.6954757
true 0.0004681419834687839 5657 6 6 1.97 4 0.09101214385204551 0.0 91.7019391
true 0.017996816490874312 110 6 1 1.98 1 0.09018404113577616 0.0 0.6664054
true 0.03335545865521278 294 6 1 1.98 2 0.09018404113577616 0.0 3.4260333
true 7.811866884233076e-5 3025 6 1 1.98 3 0.09018404113577616 0.0 38.1719185
true 0.0002853838435544209 3331 6 1 1.98 4 0.09018404113577616 0.0 52.1231145
true 0.01792032762859405 161 6 2 1.98 1 0.09018404113577616 0.0 0.9796523
true 0.01723650048649386 717 6 2 1.98 2 0.09018404113577616 0.0 7.1445428
true 0.0002902005964250387 3399 6 2 1.98 3 0.09018404113577616 0.0 42.0127806
true 0.00020292683802131117 3677 6 2 1.98 4 0.09018404113577616 0.0 56.875623
true 0.017894550207843512 215 6 3 1.98 1 0.09018404113577616 0.0 1.2599077
true 0.027435864231149576 606 6 3 1.98 2 0.09018404113577616 0.0 5.9722229
true 3.2990228188201076e-5 1174 6 3 1.98 3 0.09018404113577616 0.0 16.1234591
true 0.0005009093359696163 4300 6 3 1.98 4 0.09018404113577616 0.0 66.3477391
true 0.2586235428329602 110 6 4 1.98 1 0.09018404113577616 0.0 0.7401507
true 0.00026912954170836556 2371 6 4 1.98 2 0.09018404113577616 0.0 22.1553042
true 0.004335494776257706 5323 6 4 1.98 3 0.09018404113577616 0.0 67.2336167
true 0.0008108095807223964 4614 6 4 1.98 4 0.09018404113577616 0.0 75.5025434
true 0.40359966966217736 129 6 5 1.98 1 0.09018404113577616 0.0 0.8631996
true 0.00027422365493893206 1392 6 5 1.98 2 0.09018404113577616 0.0 12.7147185
true 0.00041629109144279973 3174 6 5 1.98 3 0.09018404113577616 0.0 39.6828246
true 0.0003427929561658161 7291 6 5 1.98 4 0.09018404113577616 0.0 115.9294047
true 0.17561413869587073 249 6 6 1.98 1 0.09018404113577616 0.0 1.6110915
true 0.0002688606230428492 786 6 6 1.98 2 0.09018404113577616 0.0 7.8405222
true 0.0031565995392062542 2450 6 6 1.98 3 0.09018404113577616 0.0 34.0998039
true 0.0002075026619623166 5458 6 6 1.98 4 0.09018404113577616 0.0 88.2615968
true 0.017793339968868727 100 6 1 1.99 1 0.08936812331138665 0.0 0.6321108
true 0.017624344482756682 780 6 1 1.99 2 0.08936812331138665 0.0 7.7534417
true 0.0002973343627437064 1715 6 1 1.99 3 0.08936812331138665 0.0 21.445901
true 0.0002883471442776675 2872 6 1 1.99 4 0.08936812331138665 0.0 47.2931141
true 0.017719408521784302 100 6 2 1.99 1 0.08936812331138665 0.0 0.6318677
true 0.0002928237771776532 1187 6 2 1.99 2 0.08936812331138665 0.0 11.0117039
true 0.0004260738490602378 3598 6 2 1.99 3 0.08936812331138665 0.0 44.0723461
true 0.008868185695124375 3662 6 2 1.99 4 0.08936812331138665 0.0 58.2579169
true 0.01769489312793343 115 6 3 1.99 1 0.08936812331138665 0.0 0.7524607
true 0.00029544563152202513 1578 6 3 1.99 2 0.08936812331138665 0.0 14.9674375
true 3.1300015668496904e-5 2160 6 3 1.99 3 0.08936812331138665 0.0 28.183655
true 0.00031362124799425944 1171 6 3 1.99 4 0.08936812331138665 0.0 21.7221759
true 0.017351571188931256 220 6 4 1.99 1 0.08936812331138665 0.0 1.3167392
true 0.0002679005469477108 1722 6 4 1.99 2 0.08936812331138665 0.0 15.9266857
true 0.012981690995011258 903 6 4 1.99 3 0.08936812331138665 0.0 12.9061839
true 0.0002845414793822415 6278 6 4 1.99 4 0.08936812331138665 0.0 98.2023629
true 0.017146205705978346 117 6 5 1.99 1 0.08936812331138665 0.0 0.7967651
true 0.0002673413345836262 419 6 5 1.99 2 0.08936812331138665 0.0 4.5440454
true 0.013679083313675622 1697 6 5 1.99 3 0.08936812331138665 0.0 22.7832281
true 0.00029865288782804367 6527 6 5 1.99 4 0.08936812331138665 0.0 104.711088
true 0.1750740684687372 192 6 6 1.99 1 0.08936812331138665 0.0 1.2777105
true 0.0002354225153987736 3008 6 6 1.99 2 0.08936812331138665 0.0 28.8885314
true 0.00011614984301375197 6999 6 6 1.99 3 0.08936812331138665 0.0 89.4768108
true 0.0003571689219725542 4361 6 6 1.99 4 0.08936812331138665 0.0 71.2155185
true 0.017593772560224652 118 6 1 2.0 1 0.0885641404244465 0.0 0.7240384
true 0.0003039953182263355 1157 6 1 2.0 2 0.0885641404244465 0.0 10.731274
true 6.328190799081979e-5 2917 6 1 2.0 3 0.0885641404244465 0.0 36.5510986
true 0.00012344185172341593 3531 6 1 2.0 4 0.0885641404244465 0.0 56.3969151
true 0.01752134754325585 107 6 2 2.0 1 0.0885641404244465 0.0 0.6617315
true 0.00028716964169669956 928 6 2 2.0 2 0.0885641404244465 0.0 8.7024915
true 0.01683945337888837 1288 6 2 2.0 3 0.0885641404244465 0.0 17.8131754
true 0.00019639178594973994 6107 6 2 2.0 4 0.0885641404244465 0.0 95.0241493
true 0.017497033847501304 157 6 3 2.0 1 0.0885641404244465 0.0 0.9370571
true 0.00028957626880887766 992 6 3 2.0 2 0.0885641404244465 0.0 9.1959712
true 5.498839290811001e-5 2935 6 3 2.0 3 0.0885641404244465 0.0 39.5276479
true 2.3122124248912506e-5 1982 6 3 2.0 4 0.0885641404244465 0.0 34.7662376
true 0.25843764946456216 132 6 4 2.0 1 0.0885641404244465 0.0 0.8598861
true 0.00024276239514854636 2393 6 4 2.0 2 0.0885641404244465 0.0 21.8575983
true 0.0003860815628281139 2523 6 4 2.0 3 0.0885641404244465 0.0 31.1931262
true 0.0002072913801053622 4454 6 4 2.0 4 0.0885641404244465 0.0 70.5270509
true 0.01696082115518722 155 6 5 2.0 1 0.0885641404244465 0.0 0.9724179
true 0.0003054423728985789 913 6 5 2.0 2 0.0885641404244465 0.0 8.5824469
true 0.00011351021419351293 3599 6 5 2.0 3 0.0885641404244465 0.0 45.3725207
true 0.00025163824377505417 4195 6 5 2.0 4 0.0885641404244465 0.0 67.0375954
true 0.014133910121542831 159 6 6 2.0 1 0.0885641404244465 0.0 1.0488734
true 0.0002258817356411332 2446 6 6 2.0 2 0.0885641404244465 0.0 22.8457885
true 0.011516648979160299 596 6 6 2.0 3 0.0885641404244465 0.0 10.1252774
true 0.00020208490326451925 7517 6 6 2.0 4 0.0885641404244465 0.0 120.9034833