g_converged min_loss iter nsites nqubits0 h nlayers SvN m time
true 0.03400114037198293 168 6 1 1.51 1 0.14860607298695988 0.0 0.8207121
true 0.0010540873030773779 657 6 1 1.51 2 0.14860607298695988 0.0 5.2415526
true 0.00012386879138615026 2192 6 1 1.51 3 0.14860607298695988 0.0 21.1883538
true 0.0003704980311770578 4524 6 1 1.51 4 0.14860607298695988 0.0 55.2222082
true 0.033643513277224646 150 6 2 1.51 1 0.14860607298695988 0.0 0.7020619
true 0.0009653291933536257 1064 6 2 1.51 2 0.14860607298695988 0.0 7.8199985
true 0.0010017066994389145 5224 6 2 1.51 3 0.14860607298695988 0.0 50.6671328
true 0.01620439585978095 1766 6 2 1.51 4 0.14860607298695988 0.0 23.4126816
true 0.03352414757988431 132 6 3 1.51 1 0.14860607298695988 0.0 0.7035697
true 0.00098006116032003 1609 6 3 1.51 2 0.14860607298695988 0.0 11.7077735
true 0.0015450387769337752 3161 6 3 1.51 3 0.14860607298695988 0.0 30.9046907
true 0.0008826986793453543 3605 6 3 1.51 4 0.14860607298695988 0.0 45.596961
true 0.03243081862260537 133 6 4 1.51 1 0.14860607298695988 0.0 0.6735441
true 0.0007956730232123871 1186 6 4 1.51 2 0.14860607298695988 0.0 8.540083
true 0.0010961860049348987 3602 6 4 1.51 3 0.14860607298695988 0.0 35.0641675
true 0.00019104069690099867 4174 6 4 1.51 4 0.14860607298695988 0.0 50.5134675
true 0.03177447359218164 132 6 5 1.51 1 0.14860607298695988 0.0 0.6835483
true 0.001843883778418054 2165 6 5 1.51 2 0.14860607298695988 0.0 16.523188
true 0.0003655984894798792 4066 6 5 1.51 3 0.14860607298695988 0.0 40.3803227
true 0.0006578952694567652 3460 6 5 1.51 4 0.14860607298695988 0.0 44.5666917
true 0.02647903943963061 159 6 6 1.51 1 0.14860607298695988 0.0 0.8133934
true 0.0006985159771973337 1316 6 6 1.51 2 0.14860607298695988 0.0 9.6629522
true 0.0004943781069167152 1840 6 6 1.51 3 0.14860607298695988 0.0 19.3162189
true 0.0005895610021721213 4113 6 6 1.51 4 0.14860607298695988 0.0 51.1122187
true 0.03345548475694027 143 6 1 1.52 1 0.14676781227962965 0.0 0.6518511
true 0.0010240285566466278 994 6 1 1.52 2 0.14676781227962965 0.0 7.483509
true 0.0014061925078962534 820 6 1 1.52 3 0.14676781227962965 0.0 8.9952142
true 0.0009919934556248955 4791 6 1 1.52 4 0.14676781227962965 0.0 61.868541
true 0.033110814057709326 128 6 2 1.52 1 0.14676781227962965 0.0 0.6254896
true 0.0009382573186778598 1179 6 2 1.52 2 0.14676781227962965 0.0 8.802455
true 0.0005636123988198849 1935 6 2 1.52 3 0.14676781227962965 0.0 19.1400973
true 0.00039923208679840116 3616 6 2 1.52 4 0.14676781227962965 0.0 45.1583993
true 0.03299578026393055 152 6 3 1.52 1 0.14676781227962965 0.0 0.7587629
true 0.000953738538760814 742 6 3 1.52 2 0.14676781227962965 0.0 5.577031
true 9.640238890038881e-5 2076 6 3 1.52 3 0.14676781227962965 0.0 20.7973792
true 0.0007438918548282788 1725 6 3 1.52 4 0.14676781227962965 0.0 22.7159511
true 0.03193260181906972 176 6 4 1.52 1 0.14676781227962965 0.0 0.8352081
true 0.0007717464787903444 1227 6 4 1.52 2 0.14676781227962965 0.0 8.5776051
true 0.023818349601307715 3131 6 4 1.52 3 0.14676781227962965 0.0 31.5824396
true 0.0005222023274093629 9292 6 4 1.52 4 0.14676781227962965 0.0 115.3887184
true 0.21818800746159422 167 6 5 1.52 1 0.14676781227962965 0.0 0.8464127
true 0.0010422833008768562 970 6 5 1.52 2 0.14676781227962965 0.0 7.6570164
true 0.0010501960630301065 4684 6 5 1.52 3 0.14676781227962965 0.0 46.9629539
true 0.0008800848902782099 4954 6 5 1.52 4 0.14676781227962965 0.0 62.4525717
true 0.1831651008198426 167 6 6 1.52 1 0.14676781227962965 0.0 0.8500028
true 0.006353843153032594 1632 6 6 1.52 2 0.14676781227962965 0.0 12.5058318
true 0.016144958466429892 2349 6 6 1.52 3 0.14676781227962965 0.0 24.9620716
true 0.0004962658279028439 3028 6 6 1.52 4 0.14676781227962965 0.0 39.1831767
true 0.03292338882991225 107 6 1 1.53 1 0.14496629210198328 0.0 0.5202598
true 0.0009937948039482336 1424 6 1 1.53 2 0.14496629210198328 0.0 10.3881122
true 0.00044766312475247316 2057 6 1 1.53 3 0.14496629210198328 0.0 20.2301116
true 0.000493166492913033 2169 6 1 1.53 4 0.14496629210198328 0.0 27.9672307
true 0.03259105854018002 123 6 2 1.53 1 0.14496629210198328 0.0 0.5699382
true 0.0009115897161663389 1295 6 2 1.53 2 0.14496629210198328 0.0 9.3785582
true 6.748496520392333e-5 4127 6 2 1.53 3 0.14496629210198328 0.0 40.5401079
true 0.016052574865723673 2632 6 2 1.53 4 0.14496629210198328 0.0 33.2198109
true 0.03248053349559582 97 6 3 1.53 1 0.14496629210198328 0.0 0.5098187
true 0.0009250821504720452 1222 6 3 1.53 2 0.14496629210198328 0.0 8.6285598
true 0.00010901589901503768 7443 6 3 1.53 3 0.14496629210198328 0.0 73.0515051
true 0.0011567999763958576 2973 6 3 1.53 4 0.14496629210198328 0.0 37.3547345
true 0.031446588987368226 322 6 4 1.53 1 0.14496629210198328 0.0 1.4928641
true 0.0007504427156226762 1947 6 4 1.53 2 0.14496629210198328 0.0 13.9380905
true 0.02358604020550774 2260 6 4 1.53 3 0.14496629210198328 0.0 22.7888905
true 0.0007142465020418265 5926 6 4 1.53 4 0.14496629210198328 0.0 74.4222163
true 0.03082600774848989 165 6 5 1.53 1 0.14496629210198328 0.0 0.7772882
true 0.0007510409457827993 853 6 5 1.53 2 0.14496629210198328 0.0 6.4241177
true 0.01891882356415888 1872 6 5 1.53 3 0.14496629210198328 0.0 19.5693966
true 0.0006479334413266979 2955 6 5 1.53 4 0.14496629210198328 0.0 39.0455069
true 0.18138099756764012 197 6 6 1.53 1 0.14496629210198328 0.0 1.004157
true 0.0007312492936363083 578 6 6 1.53 2 0.14496629210198328 0.0 4.6115032
true 0.00029902114082420533 1970 6 6 1.53 3 0.14496629210198328 0.0 20.3935653
true 0.0005592211643334436 7942 6 6 1.53 4 0.14496629210198328 0.0 98.2903691
true 0.03240479520026873 95 6 1 1.54 1 0.14320052060549301 0.0 0.4811907
true 0.0009652996114458134 1477 6 1 1.54 2 0.14320052060549301 0.0 10.904834
true 0.00029397858320895365 1481 6 1 1.54 3 0.14320052060549301 0.0 14.912587
true 0.0007253476670402992 3559 6 1 1.54 4 0.14320052060549301 0.0 44.6301456
true 0.032084012140790014 121 6 2 1.54 1 0.14320052060549301 0.0 0.592483
true 0.000885632931290764 1356 6 2 1.54 2 0.14320052060549301 0.0 9.6706592
true 0.001222628588509328 1869 6 2 1.54 3 0.14320052060549301 0.0 18.7188561
true 0.0011369135639283101 4192 6 2 1.54 4 0.14320052060549301 0.0 54.2471688
true 0.031977241729359285 118 6 3 1.54 1 0.14320052060549301 0.0 0.5992822
true 0.0009589562997807296 1044 6 3 1.54 2 0.14320052060549301 0.0 8.1087825
true 0.010298474650041337 1108 6 3 1.54 3 0.14320052060549301 0.0 11.7136144
true 0.00024554107253508634 2665 6 3 1.54 4 0.14320052060549301 0.0 35.5837851
true 0.030970877353792794 166 6 4 1.54 1 0.14320052060549301 0.0 0.7470346
true 0.0007286997830263792 1456 6 4 1.54 2 0.14320052060549301 0.0 10.3372098
true 0.015593796092878295 2694 6 4 1.54 3 0.14320052060549301 0.0 26.4295487
true 0.000506701989009567 7890 6 4 1.54 4 0.14320052060549301 0.0 96.5324661
true 0.030367623268837775 188 6 5 1.54 1 0.14320052060549301 0.0 0.9072833
true 0.0007321582977057539 1062 6 5 1.54 2 0.14320052060549301 0.0 7.8388838
true 0.00012764866253780482 2225 6 5 1.54 3 0.14320052060549301 0.0 22.0103419
true 0.00122742273490819 5266 6 5 1.54 4 0.14320052060549301 0.0 65.1104871
true 0.18138704314471946 205 6 6 1.54 1 0.14320052060549301 0.0 1.0172037
true 0.0006457608456014082 1309 6 6 1.54 2 0.14320052060549301 0.0 9.6512081
true 0.015626507455969413 1921 6 6 1.54 3 0.14320052060549301 0.0 19.7258942
true 0.00013939319340401193 5452 6 6 1.54 4 0.14320052060549301 0.0 66.6205978
true 0.031897881344803924 105 6 1 1.55 1 0.14146953786835154 0.0 0.5192022
true 0.0009380929304753649 514 6 1 1.55 2 0.14146953786835154 0.0 3.8606058
true 0.0007223179142867853 3848 6 1 1.55 3 0.14146953786835154 0.0 37.1570825
true 0.0002843529410271328 2733 6 1 1.55 4 0.14146953786835154 0.0 34.2485265
true 0.031588850743908936 204 6 2 1.55 1 0.14146953786835154 0.0 0.9118481
true 0.000862537672091046 636 6 2 1.55 2 0.14146953786835154 0.0 4.9829668
true 0.02714832909342324 3826 6 2 1.55 3 0.14146953786835154 0.0 38.1158416
true 4.3703765265024064e-5 2242 6 2 1.55 4 0.14146953786835154 0.0 28.8589126
true 0.34396605462581675 96 6 3 1.55 1 0.14146953786835154 0.0 0.5124986
true 0.0008743055608902613 1010 6 3 1.55 2 0.14146953786835154 0.0 7.3066964
true 0.0009489272976634192 2837 6 3 1.55 3 0.14146953786835154 0.0 29.0087692
true 0.0001802033592254356 4540 6 3 1.55 4 0.14146953786835154 0.0 57.7839907
true 0.03050693507375983 156 6 4 1.55 1 0.14146953786835154 0.0 0.7683767
true 0.0007082852820014529 2191 6 4 1.55 2 0.14146953786835154 0.0 15.7931771
true 0.02260126647466297 2454 6 4 1.55 3 0.14146953786835154 0.0 24.1962142
true 0.0007653889796191138 1952 6 4 1.55 4 0.14146953786835154 0.0 26.8051784
true 0.21889142540590845 166 6 5 1.55 1 0.14146953786835154 0.0 0.8297396
true 0.0007139507287715174 2155 6 5 1.55 2 0.14146953786835154 0.0 15.9912979
true 0.0060943535827279625 2515 6 5 1.55 3 0.14146953786835154 0.0 26.0367194
true 0.0009211066967664494 4190 6 5 1.55 4 0.14146953786835154 0.0 52.4857288
true 0.18241036634476782 123 6 6 1.55 1 0.14146953786835154 0.0 0.6613813
true 0.000626642493541533 1292 6 6 1.55 2 0.14146953786835154 0.0 9.3949387
true 0.020364234565148343 520 6 6 1.55 3 0.14146953786835154 0.0 6.7638278
true 0.0002688490626715963 9166 6 6 1.55 4 0.14146953786835154 0.0 115.3714733
true 0.031403815324090034 99 6 1 1.56 1 0.13977241481340572 0.0 0.4872392
true 0.0009119834662155157 535 6 1 1.56 2 0.13977241481340572 0.0 4.1560053
true 0.0002701361048342843 2080 6 1 1.56 3 0.13977241481340572 0.0 20.4580747
true 0.0006964875245865643 2921 6 1 1.56 4 0.13977241481340572 0.0 37.0647474
true 0.03110549362928286 111 6 2 1.56 1 0.13977241481340572 0.0 0.5436408
true 0.02928880740319123 707 6 2 1.56 2 0.13977241481340572 0.0 5.5811095
true 0.0011441375421302746 715 6 2 1.56 3 0.13977241481340572 0.0 8.1571345
true 0.0002872018584259284 4343 6 2 1.56 4 0.13977241481340572 0.0 53.2887588
true 0.031006399214889218 153 6 3 1.56 1 0.13977241481340572 0.0 0.746981
true 0.0008509935440340252 1123 6 3 1.56 2 0.13977241481340572 0.0 8.470035
true 0.029957431383637767 1036 6 3 1.56 3 0.13977241481340572 0.0 11.7325066
true 0.0012798175865983048 3470 6 3 1.56 4 0.13977241481340572 0.0 45.327244
true 0.2646502278407333 139 6 4 1.56 1 0.13977241481340572 0.0 0.6822089
true 0.0006909193620584786 1315 6 4 1.56 2 0.13977241481340572 0.0 9.6892609
true 0.0002751577103587005 3741 6 4 1.56 3 0.13977241481340572 0.0 37.2213259
true 0.008868292243715742 4155 6 4 1.56 4 0.13977241481340572 0.0 52.4628876
true 0.029481861438556543 112 6 5 1.56 1 0.13977241481340572 0.0 0.6106691
true 0.0008402403508635081 309 6 5 1.56 2 0.13977241481340572 0.0 2.7843541
true 0.00011813179175672595 3451 6 5 1.56 3 0.13977241481340572 0.0 33.6588211
true 0.0005741753302999864 4717 6 5 1.56 4 0.13977241481340572 0.0 58.6706335
true 0.02456831130254759 394 6 6 1.56 1 0.13977241481340572 0.0 1.9190816
true 0.0006059389203863877 1522 6 6 1.56 2 0.13977241481340572 0.0 10.8977322
true 0.009212800485937839 4345 6 6 1.56 3 0.13977241481340572 0.0 43.9379001
true 0.0001520769934009921 5323 6 6 1.56 4 0.13977241481340572 0.0 66.7181956
true 0.03092141897307188 96 6 1 1.57 1 0.1381082521562763 0.0 0.4688687
true 0.0008854226753828298 620 6 1 1.57 2 0.1381082521562763 0.0 4.5852821
true 0.030053623319310163 1540 6 1 1.57 3 0.1381082521562763 0.0 16.0085587
true 0.0005213881724042135 2541 6 1 1.57 4 0.1381082521562763 0.0 31.9925928
true 0.03063371860303782 145 6 2 1.57 1 0.1381082521562763 0.0 0.6874094
true 0.0008148267800237863 717 6 2 1.57 2 0.1381082521562763 0.0 5.2404398
true 0.00047612205623356885 1194 6 2 1.57 3 0.1381082521562763 0.0 12.4395151
true 0.0018583206684837372 3721 6 2 1.57 4 0.1381082521562763 0.0 49.8301889
true 0.03053804550764951 117 6 3 1.57 1 0.1381082521562763 0.0 0.6222291
true 0.0008288036319897644 842 6 3 1.57 2 0.1381082521562763 0.0 6.1505606
true 8.209836313455288e-5 4410 6 3 1.57 3 0.1381082521562763 0.0 41.4704073
true 0.000739495252286467 6155 6 3 1.57 4 0.1381082521562763 0.0 79.931863
true 0.2644380944158236 211 6 4 1.57 1 0.1381082521562763 0.0 1.0001318
true 0.0006690870371672958 1942 6 4 1.57 2 0.1381082521562763 0.0 13.9098077
true 0.0001706628876322197 4465 6 4 1.57 3 0.1381082521562763 0.0 44.5361347
true 0.0006136324195578219 6463 6 4 1.57 4 0.1381082521562763 0.0 81.3264569
true 0.02905408241875316 223 6 5 1.57 1 0.1381082521562763 0.0 1.0812881
true 0.0006699695093490776 1813 6 5 1.57 2 0.1381082521562763 0.0 13.2532392
true 0.00010468582008842376 8201 6 5 1.57 3 0.1381082521562763 0.0 81.26768
true 0.0006569718925288459 4234 6 5 1.57 4 0.1381082521562763 0.0 53.0401386
true 0.024211845608149613 321 6 6 1.57 1 0.1381082521562763 0.0 1.6110247
true 0.01653872629735915 987 6 6 1.57 2 0.1381082521562763 0.0 7.5892605
true 0.00018387496470524214 4488 6 6 1.57 3 0.1381082521562763 0.0 45.6962804
true 0.0009143095514139721 4594 6 6 1.57 4 0.1381082521562763 0.0 58.0069693
true 0.03045099810896368 104 6 1 1.58 1 0.13647617938387846 0.0 0.5031685
true 0.0008609976980679113 998 6 1 1.58 2 0.13647617938387846 0.0 7.3328326
true 0.0008345533947309303 1589 6 1 1.58 3 0.13647617938387846 0.0 16.7768751
true 0.0006836858167565407 1646 6 1 1.58 4 0.13647617938387846 0.0 21.542844
true 0.030172871356905107 128 6 2 1.58 1 0.13647617938387846 0.0 0.6028133
true 0.0007966670290746047 522 6 2 1.58 2 0.13647617938387846 0.0 4.025565
true 0.0005561993878414884 4120 6 2 1.58 3 0.13647617938387846 0.0 39.2351337
true 8.577685417471281e-5 4181 6 2 1.58 4 0.13647617938387846 0.0 50.4788293
true 0.030080303795391044 225 6 3 1.58 1 0.13647617938387846 0.0 1.0458473
true 0.0008033513063791334 1578 6 3 1.58 2 0.13647617938387846 0.0 11.3447249
true 0.0006485146105939162 3702 6 3 1.58 3 0.13647617938387846 0.0 35.9788659
true 0.0007146382582729113 3400 6 3 1.58 4 0.13647617938387846 0.0 41.9083486
true 0.029177562173197863 246 6 4 1.58 1 0.13647617938387846 0.0 1.1756763
true 0.0006532795679502212 435 6 4 1.58 2 0.13647617938387846 0.0 3.4506459
true 0.00013250176915738376 4954 6 4 1.58 3 0.13647617938387846 0.0 47.2861553
true 0.0002324922157701942 3293 6 4 1.58 4 0.13647617938387846 0.0 41.1631237
true 0.21667787569795333 158 6 5 1.58 1 0.13647617938387846 0.0 0.7659104
true 0.000653566377386916 2164 6 5 1.58 2 0.13647617938387846 0.0 15.5320959
true 0.00010464423121585576 5258 6 5 1.58 3 0.13647617938387846 0.0 52.5111061
true 0.0005542537231056133 3058 6 5 1.58 4 0.13647617938387846 0.0 39.2357851
true 0.02386347674351504 217 6 6 1.58 1 0.13647617938387846 0.0 1.072451
true 0.000576355328990826 1638 6 6 1.58 2 0.13647617938387846 0.0 11.7710563
true 0.0006992262717191814 2845 6 6 1.58 3 0.13647617938387846 0.0 28.3158026
true 0.00080870962062074 3836 6 6 1.58 4 0.13647617938387846 0.0 49.7167339
true 0.0299908292405201 106 6 1 1.59 1 0.13487535376348045 0.0 0.5464014
true 0.02938116559520859 439 6 1 1.59 2 0.13487535376348045 0.0 3.4462982
true 0.0014105456496921742 2340 6 1 1.59 3 0.13487535376348045 0.0 22.9085489
true 0.0002561232049315687 3907 6 1 1.59 4 0.13487535376348045 0.0 50.8161926
true 0.029722797076118357 149 6 2 1.59 1 0.13487535376348045 0.0 0.7233412
true 0.000771270722166234 676 6 2 1.59 2 0.13487535376348045 0.0 4.9780532
true 9.281121057350128e-5 2767 6 2 1.59 3 0.13487535376348045 0.0 27.0269491
true 8.058371377195339e-5 3071 6 2 1.59 4 0.13487535376348045 0.0 38.0097433
true 0.02963335229439601 113 6 3 1.59 1 0.13487535376348045 0.0 0.6018341
true 0.000781659631111172 1067 6 3 1.59 2 0.13487535376348045 0.0 7.8111525
true 0.028538157393958374 630 6 3 1.59 3 0.13487535376348045 0.0 8.0728161
true 9.96766392297177e-5 7380 6 3 1.59 4 0.13487535376348045 0.0 89.3914127
true 0.028754380665125798 148 6 4 1.59 1 0.13487535376348045 0.0 0.7375188
true 0.03562851856945705 1037 6 4 1.59 2 0.13487535376348045 0.0 7.8701851
true 0.00011436132062700444 2978 6 4 1.59 3 0.13487535376348045 0.0 29.7458733
true 0.0009232981950841046 4242 6 4 1.59 4 0.13487535376348045 0.0 53.7695986
true 0.21644529987923972 200 6 5 1.59 1 0.13487535376348045 0.0 0.9927461
true 0.0006325672645001945 950 6 5 1.59 2 0.13487535376348045 0.0 7.088086
true 0.011882156884896211 2306 6 5 1.59 3 0.13487535376348045 0.0 23.4100926
true 0.0005686268533004135 1220 6 5 1.59 4 0.13487535376348045 0.0 17.3781848
true 0.18148361576484043 131 6 6 1.59 1 0.13487535376348045 0.0 0.6975079
true 0.0005602765459487199 1869 6 6 1.59 2 0.13487535376348045 0.0 13.7750251
true 8.823332759026285e-5 2987 6 6 1.59 3 0.13487535376348045 0.0 30.4810706
true 0.00094494428626965 8930 6 6 1.59 4 0.13487535376348045 0.0 112.9596588
true 0.029541589561600468 106 6 1 1.6 1 0.1333049593821452 0.0 0.5327878
true 0.0008141277869617158 693 6 1 1.6 2 0.1333049593821452 0.0 5.2046738
true 0.02901817729362055 565 6 1 1.6 3 0.1333049593821452 0.0 7.0677669
true 0.00024540530814004535 1163 6 1 1.6 4 0.1333049593821452 0.0 17.8283444
true 0.029282853500677358 131 6 2 1.6 1 0.1333049593821452 0.0 0.666378
true 0.0007498546776688042 510 6 2 1.6 2 0.1333049593821452 0.0 3.8534096
true 0.0006225438385515092 2343 6 2 1.6 3 0.1333049593821452 0.0 22.5053605
true 0.0004790007555581788 6443 6 2 1.6 4 0.1333049593821452 0.0 79.225301
true 0.029197147452265777 259 6 3 1.6 1 0.1333049593821452 0.0 1.2005495
true 0.0007615258783169784 1024 6 3 1.6 2 0.1333049593821452 0.0 7.2652491
true 0.00031289942733914167 3513 6 3 1.6 3 0.1333049593821452 0.0 34.7609453
true 0.0007247132472768906 3623 6 3 1.6 4 0.1333049593821452 0.0 44.3531808
true 0.028341019012395996 134 6 4 1.6 1 0.1333049593821452 0.0 0.6806592
true 0.0006091601982053663 1328 6 4 1.6 2 0.1333049593821452 0.0 9.5218992
true 0.00010125982092400176 4376 6 4 1.6 3 0.1333049593821452 0.0 43.5429838
true 0.0005951616367184942 5926 6 4 1.6 4 0.1333049593821452 0.0 73.4261888
true 0.027827296267120483 140 6 5 1.6 1 0.1333049593821452 0.0 0.7033541
true 0.0006237074453753321 1415 6 5 1.6 2 0.1333049593821452 0.0 10.1339977
true 0.011532946841725022 2416 6 5 1.6 3 0.1333049593821452 0.0 24.6636074
true 0.0005446061072352237 7828 6 5 1.6 4 0.1333049593821452 0.0 97.6908365
true 0.1812652677919587 424 6 6 1.6 1 0.1333049593821452 0.0 2.0726118
true 0.0005450547643827223 1724 6 6 1.6 2 0.1333049593821452 0.0 12.4837512
true 0.00022298462147100442 4909 6 6 1.6 3 0.1333049593821452 0.0 48.9022559
true 0.0005907537413780509 6798 6 6 1.6 4 0.1333049593821452 0.0 84.8454358
true 0.029102874503429133 103 6 1 1.61 1 0.13176420621645163 0.0 0.5378311
true 0.0007939881075362809 284 6 1 1.61 2 0.13176420621645163 0.0 2.5549845
true 0.0007260045465065645 1994 6 1 1.61 3 0.13176420621645163 0.0 20.4808386
true 0.00011124901705605872 4528 6 1 1.61 4 0.13176420621645163 0.0 56.4149714
true 0.028853178662811618 139 6 2 1.61 1 0.13176420621645163 0.0 0.6490846
true 0.0007305162005514787 1499 6 2 1.61 2 0.13176420621645163 0.0 11.1260222
true 0.0007580584025546067 2916 6 2 1.61 3 0.13176420621645163 0.0 29.9634347
true 0.001021862380931271 3606 6 2 1.61 4 0.13176420621645163 0.0 44.4108367
true 0.02876996495354926 114 6 3 1.61 1 0.13176420621645163 0.0 0.5730678
true 0.0007401758908744763 542 6 3 1.61 2 0.13176420621645163 0.0 4.033684
true 0.00011094925409560474 2014 6 3 1.61 3 0.13176420621645163 0.0 19.9994246
true 0.009875106311698726 4175 6 3 1.61 4 0.13176420621645163 0.0 50.7589049
true 0.02793656504755511 181 6 4 1.61 1 0.13176420621645163 0.0 0.8443426
true 0.0005985426030901686 1149 6 4 1.61 2 0.13176420621645163 0.0 8.4004467
true 6.818450893675276e-5 4460 6 4 1.61 3 0.13176420621645163 0.0 43.6297506
true 0.000396460002808241 3895 6 4 1.61 4 0.13176420621645163 0.0 48.9192391
true 0.2172622884532339 176 6 5 1.61 1 0.13176420621645163 0.0 0.8633954
true 0.0006096098605991695 1250 6 5 1.61 2 0.13176420621645163 0.0 9.3364484
true 0.00011484445344721595 2070 6 5 1.61 3 0.13176420621645163 0.0 20.7293866
true 0.000833174192768571 1498 6 5 1.61 4 0.13176420621645163 0.0 21.2119714
true 0.022863344927838813 200 6 6 1.61 1 0.13176420621645163 0.0 1.0171398
true 0.0005298575881376074 1652 6 6 1.61 2 0.13176420621645163 0.0 12.2744403
true 0.018525029067502963 2232 6 6 1.61 3 0.13176420621645163 0.0 24.0088384
true 0.0006832158342938988 3064 6 6 1.61 4 0.13176420621645163 0.0 39.3155036
true 0.028674534559278653 107 6 1 1.62 1 0.1302523292320997 0.0 0.5590039
true 0.0007700332620411698 1462 6 1 1.62 2 0.1302523292320997 0.0 10.5724282
true 0.027612583818836134 1688 6 1 1.62 3 0.1302523292320997 0.0 17.0740679
true 0.00034190448240667415 4104 6 1 1.62 4 0.1302523292320997 0.0 52.6479138
true 0.028433101278137585 141 6 2 1.62 1 0.1302523292320997 0.0 0.6567908
true 0.0007112475843890076 731 6 2 1.62 2 0.1302523292320997 0.0 5.5487487
true 0.00019191933473616807 2856 6 2 1.62 3 0.1302523292320997 0.0 28.9597643
true 0.0002982569363463028 7088 6 2 1.62 4 0.1302523292320997 0.0 87.2145442
true 0.028352726446468413 208 6 3 1.62 1 0.1302523292320997 0.0 0.9579924
true 0.0007197975252530483 641 6 3 1.62 2 0.1302523292320997 0.0 4.7419016
true 0.0004930076471410527 1765 6 3 1.62 3 0.1302523292320997 0.0 17.8062461
true 0.0010880690842176022 2262 6 3 1.62 4 0.1302523292320997 0.0 29.8984793
true 0.027540542024495934 119 6 4 1.62 1 0.1302523292320997 0.0 0.6080092
true 0.0005925168225983657 416 6 4 1.62 2 0.1302523292320997 0.0 3.5724066
true 0.00010290039378248184 6463 6 4 1.62 3 0.1302523292320997 0.0 63.4297352
true 0.0008181959094124835 2618 6 4 1.62 4 0.1302523292320997 0.0 32.9949377
true 0.027052924981403114 121 6 5 1.62 1 0.1302523292320997 0.0 0.6418694
true 0.006046740231060055 889 6 5 1.62 2 0.1302523292320997 0.0 6.8582123
true 0.0002724416062854673 2053 6 5 1.62 3 0.1302523292320997 0.0 21.1606515
true 0.00026415934522838747 4482 6 5 1.62 4 0.1302523292320997 0.0 55.6593822
true 0.33692318857030507 155 6 6 1.62 1 0.1302523292320997 0.0 0.7868659
true 0.0005174192371447487 2282 6 6 1.62 2 0.1302523292320997 0.0 16.6160714
true 0.0004132115897129048 3970 6 6 1.62 3 0.1302523292320997 0.0 38.8182475
true 0.0005189200551502885 5498 6 6 1.62 4 0.1302523292320997 0.0 69.31524
true 0.028255476782509115 117 6 1 1.63 1 0.1287685875130133 0.0 0.5920241
true 0.0007490706147514903 440 6 1 1.63 2 0.1287685875130133 0.0 3.5697005
true 5.466978071660966e-5 1345 6 1 1.63 3 0.1287685875130133 0.0 13.3110525
true 0.0007118132874999739 3324 6 1 1.63 4 0.1287685875130133 0.0 40.9271614
true 0.028022421726616897 140 6 2 1.63 1 0.1287685875130133 0.0 0.6391779
true 0.026359600905806246 638 6 2 1.63 2 0.1287685875130133 0.0 5.1029266
true 0.026916802179606736 565 6 2 1.63 3 0.1287685875130133 0.0 6.7592166
true 0.0005417765169247191 3568 6 2 1.63 4 0.1287685875130133 0.0 43.5789058
true 0.027944670784845287 124 6 3 1.63 1 0.1287685875130133 0.0 0.6371703
true 0.0007035973782498761 662 6 3 1.63 2 0.1287685875130133 0.0 4.9373353
true 0.0004432279316749499 1595 6 3 1.63 3 0.1287685875130133 0.0 16.0024161
true 7.510433801192577e-5 690 6 3 1.63 4 0.1287685875130133 0.0 11.1292803
true 0.027153755647945282 164 6 4 1.63 1 0.1287685875130133 0.0 0.7613153
true 0.043226819440481096 554 6 4 1.63 2 0.1287685875130133 0.0 4.38231
true 0.00011364022004434204 3671 6 4 1.63 3 0.1287685875130133 0.0 34.8118731
true 0.0006906570772283183 1310 6 4 1.63 4 0.1287685875130133 0.0 18.9168462
true 0.21676693006224285 194 6 5 1.63 1 0.1287685875130133 0.0 0.9505643
true 0.0005795776611064341 1635 6 5 1.63 2 0.1287685875130133 0.0 11.7827527
true 8.75886719263197e-5 2450 6 5 1.63 3 0.1287685875130133 0.0 24.4466547
true 0.001179911439497716 10070 6 5 1.63 4 0.1287685875130133 0.0 124.979493
true 0.022232338851904 201 6 6 1.63 1 0.1287685875130133 0.0 0.9511249
true 0.0005037326879311355 1703 6 6 1.63 2 0.1287685875130133 0.0 12.3607251
true 0.00045853989094286435 1201 6 6 1.63 3 0.1287685875130133 0.0 12.7132369
true 0.0001160932408310426 13395 6 6 1.63 4 0.1287685875130133 0.0 170.476113
true 0.02784615873617774 107 6 1 1.64 1 0.12731226341949994 0.0 0.5409632
true 0.0007289000647194288 516 6 1 1.64 2 0.12731226341949994 0.0 3.8625392
true 0.0006729534791562464 2400 6 1 1.64 3 0.12731226341949994 0.0 24.1844001
true 0.00021911249113582 2592 6 1 1.64 4 0.12731226341949994 0.0 32.0465563
true 0.027620804527401482 107 6 2 1.64 1 0.12731226341949994 0.0 0.5187304
true 0.0006735735483959504 1200 6 2 1.64 2 0.12731226341949994 0.0 8.9441968
true 0.0003449180646635519 3047 6 2 1.64 3 0.12731226341949994 0.0 30.1136384
true 0.00017361788321954008 2466 6 2 1.64 4 0.12731226341949994 0.0 31.7022663
true 0.027546600442729625 240 6 3 1.64 1 0.12731226341949994 0.0 1.1426311
true 0.0006829256117746318 1602 6 3 1.64 2 0.12731226341949994 0.0 12.0060414
true 0.000185102389124799 4432 6 3 1.64 3 0.12731226341949994 0.0 43.8820941
true 0.0009741818935914415 3252 6 3 1.64 4 0.12731226341949994 0.0 42.1419999
true 0.02677440263330709 127 6 4 1.64 1 0.12731226341949994 0.0 0.654586
true 0.25063729151549763 722 6 4 1.64 2 0.12731226341949994 0.0 5.5624279
true 0.0199418257865544 2116 6 4 1.64 3 0.12731226341949994 0.0 21.3759609
true 0.0002103485347904055 4271 6 4 1.64 4 0.12731226341949994 0.0 53.265298
true 0.02631175315598432 161 6 5 1.64 1 0.12731226341949994 0.0 0.8482287
true 0.0005633034628510835 1236 6 5 1.64 2 0.12731226341949994 0.0 8.9159276
true 7.111905258868622e-5 2744 6 5 1.64 3 0.12731226341949994 0.0 27.6650512
true 0.0008018089628279879 8064 6 5 1.64 4 0.12731226341949994 0.0 100.7641116
true 0.0219271901142524 231 6 6 1.64 1 0.12731226341949994 0.0 1.0962106
true 0.00048518770847723786 627 6 6 1.64 2 0.12731226341949994 0.0 4.8869039
true 0.00010115639984469478 2459 6 6 1.64 3 0.12731226341949994 0.0 24.3526768
true 0.000590033060409186 2567 6 6 1.64 4 0.12731226341949994 0.0 33.8740324
true 0.027445899094422688 106 6 1 1.65 1 0.125882661774852 0.0 0.5111156
true 0.000710900962667349 556 6 1 1.65 2 0.125882661774852 0.0 4.1641844
true 0.00019336000644376572 2225 6 1 1.65 3 0.125882661774852 0.0 21.4620878
true 5.1561316672166235e-5 3425 6 1 1.65 4 0.125882661774852 0.0 43.210339
true 0.027228237122708776 161 6 2 1.65 1 0.125882661774852 0.0 0.7378103
true 0.0006560125623478186 640 6 2 1.65 2 0.125882661774852 0.0 4.59009
true 0.00010098708987082983 3124 6 2 1.65 3 0.125882661774852 0.0 30.3058744
true 0.0006864484218001843 2487 6 2 1.65 4 0.125882661774852 0.0 31.874821
true 0.02715593491993203 136 6 3 1.65 1 0.125882661774852 0.0 0.736707
true 0.0006646084853522138 875 6 3 1.65 2 0.125882661774852 0.0 6.2986343
true 0.0009378023120911553 2730 6 3 1.65 3 0.125882661774852 0.0 26.1631696
true 0.00046415424667199207 4963 6 3 1.65 4 0.125882661774852 0.0 61.7678813
true 0.02640388284488808 161 6 4 1.65 1 0.125882661774852 0.0 0.7972711
true 0.0005462364566310857 1822 6 4 1.65 2 0.125882661774852 0.0 13.5378131
true 0.00012000589495705927 2844 6 4 1.65 3 0.125882661774852 0.0 27.5729739
true 0.0010810815250637262 6537 6 4 1.65 4 0.125882661774852 0.0 82.6444385
true 0.025952882403483635 286 6 5 1.65 1 0.125882661774852 0.0 1.4263757
true 0.0005478697650979969 1029 6 5 1.65 2 0.125882661774852 0.0 7.4939283
true 0.021009185092470996 760 6 5 1.65 3 0.125882661774852 0.0 8.8994321
true 0.0001918875924271979 8874 6 5 1.65 4 0.125882661774852 0.0 111.2765841
true 0.02162749509761039 183 6 6 1.65 1 0.125882661774852 0.0 0.9429767
true 0.00047490632521230797 2154 6 6 1.65 2 0.125882661774852 0.0 16.0443359
true 0.0001736281360530482 6839 6 6 1.65 3 0.125882661774852 0.0 68.3493853
true 0.0006406391475362039 2404 6 6 1.65 4 0.125882661774852 0.0 32.4676915
true 0.027054467397037762 111 6 1 1.66 1 0.12447910907986316 0.0 0.5276867
true 0.0006906920295820518 1080 6 1 1.66 2 0.12447910907986316 0.0 7.7634999
true 0.0008298663030115172 1467 6 1 1.66 3 0.12447910907986316 0.0 15.143483
true 0.00017106544966605242 2483 6 1 1.66 4 0.12447910907986316 0.0 32.2760058
true 0.026844316654086015 100 6 2 1.66 1 0.12447910907986316 0.0 0.5217973
true 0.04710807954949239 286 6 2 1.66 2 0.12447910907986316 0.0 2.550323
true 4.0119037873403984e-5 2243 6 2 1.66 3 0.12447910907986316 0.0 22.1760607
true 0.0001505357637743565 8021 6 2 1.66 4 0.12447910907986316 0.0 99.4019492
true 0.026774304261764026 101 6 3 1.66 1 0.12447910907986316 0.0 0.5190645
true 0.0006509359263102329 776 6 3 1.66 2 0.12447910907986316 0.0 5.8394219
true 0.000675359666192236 3671 6 3 1.66 3 0.12447910907986316 0.0 35.8270211
true 0.0005290174657444635 3580 6 3 1.66 4 0.12447910907986316 0.0 45.8166145
true 0.026041247541079213 132 6 4 1.66 1 0.12447910907986316 0.0 0.6949728
true 0.0005366727996828635 1755 6 4 1.66 2 0.12447910907986316 0.0 12.7073702
true 9.385295461070142e-5 3376 6 4 1.66 3 0.12447910907986316 0.0 33.5224508
true 9.159631534363943e-5 4408 6 4 1.66 4 0.12447910907986316 0.0 58.418598
true 0.02560191428246733 118 6 5 1.66 1 0.12447910907986316 0.0 0.5997572
true 0.032919172344234235 1146 6 5 1.66 2 0.12447910907986316 0.0 8.9618498
true 0.00011209907023935761 4792 6 5 1.66 3 0.12447910907986316 0.0 47.0729233
true 0.0004970129632699716 3450 6 5 1.66 4 0.12447910907986316 0.0 46.8250995
true 0.17912350282322023 140 6 6 1.66 1 0.12447910907986316 0.0 0.725744
true 0.00046369911377170764 1701 6 6 1.66 2 0.12447910907986316 0.0 12.026793
true 0.0003930209325776572 2897 6 6 1.66 3 0.12447910907986316 0.0 28.5442221
true 0.00021774168502679733 3068 6 6 1.66 4 0.12447910907986316 0.0 39.5597154
true 0.026671892704766054 104 6 1 1.67 1 0.12310095275454412 0.0 0.492751
true 0.000672615223244355 905 6 1 1.67 2 0.12310095275454412 0.0 6.4953392
true 1.2641633200860536e-5 3549 6 1 1.67 3 0.12310095275454412 0.0 34.9902724
true 0.0005556475140928163 3436 6 1 1.67 4 0.12310095275454412 0.0 42.8334225
true 0.02646857572341471 116 6 2 1.67 1 0.12310095275454412 0.0 0.5594888
true 0.0006223174123545505 1751 6 2 1.67 2 0.12310095275454412 0.0 12.4854098
true 9.08653194772735e-5 4204 6 2 1.67 3 0.12310095275454412 0.0 41.1521468
true 4.444206110987281e-5 5505 6 2 1.67 4 0.12310095275454412 0.0 68.4469379
true 0.026400733353476997 108 6 3 1.67 1 0.12310095275454412 0.0 0.5422703
true 0.000630951578266703 1094 6 3 1.67 2 0.12310095275454412 0.0 7.8961439
true 9.73056803876456e-5 1639 6 3 1.67 3 0.12310095275454412 0.0 16.7227851
true 0.0007646247608835884 6041 6 3 1.67 4 0.12310095275454412 0.0 75.0286727
true 0.26255371042489495 153 6 4 1.67 1 0.12310095275454412 0.0 0.7521413
true 0.0005116945792578986 2335 6 4 1.67 2 0.12310095275454412 0.0 16.643715
true 0.019129932637716465 2961 6 4 1.67 3 0.12310095275454412 0.0 30.115868
true 0.0004076738674215069 1450 6 4 1.67 4 0.12310095275454412 0.0 20.9570898
true 0.02525756154899279 198 6 5 1.67 1 0.12310095275454412 0.0 0.9391966
true 0.0005226613275652215 1504 6 5 1.67 2 0.12310095275454412 0.0 11.1282831
true 0.21513871827029485 1386 6 5 1.67 3 0.12310095275454412 0.0 15.4885509
true 5.464255908910198e-5 5726 6 5 1.67 4 0.12310095275454412 0.0 70.2165203
true 0.021048256654262947 193 6 6 1.67 1 0.12310095275454412 0.0 0.9793089
true 0.00045612488035298715 1977 6 6 1.67 2 0.12310095275454412 0.0 14.7341954
true 0.012887850056557635 4211 6 6 1.67 3 0.12310095275454412 0.0 43.7664663
true 0.0002881017926862628 6357 6 6 1.67 4 0.12310095275454412 0.0 78.7142902
true 0.02629749984432167 107 6 1 1.68 1 0.12174756040643517 0.0 0.5647731
true 0.0006549445596350512 1308 6 1 1.68 2 0.12174756040643517 0.0 9.5052732
true 0.00014452769588352288 4410 6 1 1.68 3 0.12174756040643517 0.0 45.1511311
true 0.00014048475118183523 3113 6 1 1.68 4 0.12174756040643517 0.0 39.2466603
true 0.026101845005220448 187 6 2 1.68 1 0.12174756040643517 0.0 0.8738821
true 0.000607510819293583 631 6 2 1.68 2 0.12174756040643517 0.0 4.7093286
true 7.019498124333223e-5 4913 6 2 1.68 3 0.12174756040643517 0.0 48.5053638
true 0.00034592230063129614 5253 6 2 1.68 4 0.12174756040643517 0.0 66.0154632
true 0.026035590071235997 153 6 3 1.68 1 0.12174756040643517 0.0 0.7267853
true 0.000613976074401168 1054 6 3 1.68 2 0.12174756040643517 0.0 7.772665
true 0.00011839860979203272 2777 6 3 1.68 3 0.12174756040643517 0.0 27.2423157
true 0.0006683596968585596 4351 6 3 1.68 4 0.12174756040643517 0.0 55.3593091
true 0.025339986304713125 118 6 4 1.68 1 0.12174756040643517 0.0 0.5958386
true 0.0004988673807136135 1922 6 4 1.68 2 0.12174756040643517 0.0 13.7034999
true 0.0007613380252866481 2911 6 4 1.68 3 0.12174756040643517 0.0 28.5305595
true 0.00046993565226106926 4246 6 4 1.68 4 0.12174756040643517 0.0 52.5604336
true 0.02492076043145334 307 6 5 1.68 1 0.12174756040643517 0.0 1.5871015
true 0.0005027255033283717 1241 6 5 1.68 2 0.12174756040643517 0.0 8.9256338
true 7.6346581302289e-5 6537 6 5 1.68 3 0.12174756040643517 0.0 65.5767118
true 0.005971308504784822 6505 6 5 1.68 4 0.12174756040643517 0.0 82.3853896
true 0.02076715503599989 174 6 6 1.68 1 0.12174756040643517 0.0 0.8645329
true 0.00047988745055759413 690 6 6 1.68 2 0.12174756040643517 0.0 5.4895846
true 0.00015685425729083935 2986 6 6 1.68 3 0.12174756040643517 0.0 30.1078059
true 0.0006013233658197781 3768 6 6 1.68 4 0.12174756040643517 0.0 48.1179467
true 0.02593120844524155 109 6 1 1.69 1 0.12041831912479119 0.0 0.5252763
true 0.0006382504335105676 489 6 1 1.69 2 0.12041831912479119 0.0 3.6741503
true 0.000618244568856674 1166 6 1 1.69 3 0.12041831912479119 0.0 11.8319598
true 0.0007643991387699667 3950 6 1 1.69 4 0.12041831912479119 0.0 49.7681885
true 0.025741543752063112 102 6 2 1.69 1 0.12041831912479119 0.0 0.5117402
true 0.0008090951672807822 332 6 2 1.69 2 0.12041831912479119 0.0 2.8502193
true 7.79203458523281e-5 3400 6 2 1.69 3 0.12041831912479119 0.0 33.6340359
true 0.00029607164452627455 5227 6 2 1.69 4 0.12041831912479119 0.0 64.127694
true 0.025678003516588183 90 6 3 1.69 1 0.12041831912479119 0.0 0.5049856
true 0.0005984581864541908 991 6 3 1.69 2 0.12041831912479119 0.0 7.2586069
true 0.0001059463383187113 2038 6 3 1.69 3 0.12041831912479119 0.0 20.4062211
true 0.00012855361805926466 3608 6 3 1.69 4 0.12041831912479119 0.0 45.4390958
true 0.02499840652153204 148 6 4 1.69 1 0.12041831912479119 0.0 0.6908808
true 0.00048428383053078505 1376 6 4 1.69 2 0.12041831912479119 0.0 9.6654767
true 0.00012609951458707191 2367 6 4 1.69 3 0.12041831912479119 0.0 23.8339891
true 0.0071098750658225435 5099 6 4 1.69 4 0.12041831912479119 0.0 63.9685426
true 0.024591023466438832 220 6 5 1.69 1 0.12041831912479119 0.0 1.0447776
true 0.001838406560767014 1019 6 5 1.69 2 0.12041831912479119 0.0 7.5759162
true 0.00020420629876594099 3805 6 5 1.69 3 0.12041831912479119 0.0 38.6734556
true 0.0004899683940519761 4237 6 5 1.69 4 0.12041831912479119 0.0 54.7048858
true 0.020492676884358418 179 6 6 1.69 1 0.12041831912479119 0.0 0.8580454
true 0.00043121557641068176 1124 6 6 1.69 2 0.12041831912479119 0.0 8.2003854
true 0.0016618470779697174 4823 6 6 1.69 3 0.12041831912479119 0.0 47.9157967
true 0.0006957727350756874 3295 6 6 1.69 4 0.12041831912479119 0.0 42.3627871
true 0.025572971898109698 178 6 1 1.7 1 0.11911263479990587 0.0 0.8542065
true 0.00062150082953083 551 6 1 1.7 2 0.11911263479990587 0.0 4.2757177
true 0.00048638291584790494 1757 6 1 1.7 3 0.11911263479990587 0.0 18.523876
true 0.00029887016746693584 2871 6 1 1.7 4 0.11911263479990587 0.0 36.3326426
true 0.02538926173551137 193 6 2 1.7 1 0.11911263479990587 0.0 0.87304
true 0.0005769003661151018 469 6 2 1.7 2 0.11911263479990587 0.0 3.6349932
true 0.0004052380507123532 4927 6 2 1.7 3 0.11911263479990587 0.0 48.626232
true 6.974018405225824e-5 6373 6 2 1.7 4 0.11911263479990587 0.0 78.4590623
true 0.025327983436604234 124 6 3 1.7 1 0.11911263479990587 0.0 0.6304484
true 0.0005847563358063468 1707 6 3 1.7 2 0.11911263479990587 0.0 12.6945101
true 0.0008669868599523456 517 6 3 1.7 3 0.11911263479990587 0.0 6.6890409
true 4.711364479553781e-5 2811 6 3 1.7 4 0.11911263479990587 0.0 35.9062265
true 0.024665224215568146 169 6 4 1.7 1 0.11911263479990587 0.0 0.7932609
true 0.00047467773949422254 1892 6 4 1.7 2 0.11911263479990587 0.0 13.4080148
true 0.005680643609335317 3799 6 4 1.7 3 0.11911263479990587 0.0 38.8404544
true 5.745178154628605e-5 4515 6 4 1.7 4 0.11911263479990587 0.0 58.5423512
true 0.21519768400582268 157 6 5 1.7 1 0.11911263479990587 0.0 0.792728
true 0.0004878412487388295 786 6 5 1.7 2 0.11911263479990587 0.0 6.0311978
true 7.679346088402816e-5 1855 6 5 1.7 3 0.11911263479990587 0.0 18.3965405
true 0.0005143741541507984 6984 6 5 1.7 4 0.11911263479990587 0.0 86.7371759
true 0.020224320851538625 155 6 6 1.7 1 0.11911263479990587 0.0 0.8054024
true 0.0004226463079995228 1657 6 6 1.7 2 0.11911263479990587 0.0 12.0533367
true 0.003843517206458952 6644 6 6 1.7 3 0.11911263479990587 0.0 66.7238009
true 0.02174961009342885 5451 6 6 1.7 4 0.11911263479990587 0.0 69.9288514
true 0.025222276120684117 87 6 1 1.71 1 0.11782993146688864 0.0 0.4478531
true 0.023661292787672372 570 6 1 1.71 2 0.11782993146688864 0.0 4.2737427
true 0.000993517008012812 1890 6 1 1.71 3 0.11782993146688864 0.0 19.0048553
true 0.002757857601578151 4940 6 1 1.71 4 0.11782993146688864 0.0 62.0523259
true 0.02504477087892601 104 6 2 1.71 1 0.11782993146688864 0.0 0.5094476
true 0.0005624590320361667 632 6 2 1.71 2 0.11782993146688864 0.0 4.7466892
true 0.00011763568372810673 2150 6 2 1.71 3 0.11782993146688864 0.0 21.5482243
true 0.0005627286412205612 3280 6 2 1.71 4 0.11782993146688864 0.0 41.4917998
true 0.024985509997741462 126 6 3 1.71 1 0.11782993146688864 0.0 0.6072879
true 0.0005686256678873088 1259 6 3 1.71 2 0.11782993146688864 0.0 9.5038095
true 0.0008607324358704446 6579 6 3 1.71 3 0.11782993146688864 0.0 65.0187662
true 0.0005815055200890836 1504 6 3 1.71 4 0.11782993146688864 0.0 20.6123821
true 0.024339271279890246 129 6 4 1.71 1 0.11782993146688864 0.0 0.6569783
true 0.03928993014066581 467 6 4 1.71 2 0.11782993146688864 0.0 3.8262014
true 0.017493799973871238 3538 6 4 1.71 3 0.11782993146688864 0.0 36.0610451
true 0.0006070681693556568 3566 6 4 1.71 4 0.11782993146688864 0.0 45.8130677
true 0.02395145102362565 97 6 5 1.71 1 0.11782993146688864 0.0 0.5481656
true 0.0004716281140799139 1432 6 5 1.71 2 0.11782993146688864 0.0 10.455611
true 6.785619823724831e-5 3578 6 5 1.71 3 0.11782993146688864 0.0 35.3846717
true 0.0004885255706550407 7702 6 5 1.71 4 0.11782993146688864 0.0 94.9175127
true 0.01995927291942549 190 6 6 1.71 1 0.11782993146688864 0.0 0.957066
true 0.22738405475532772 255 6 6 1.71 2 0.11782993146688864 0.0 2.4491868
true 0.00015422735986400649 3722 6 6 1.71 3 0.11782993146688864 0.0 36.6578088
true 0.00022738610326682637 3419 6 6 1.71 4 0.11782993146688864 0.0 44.2861677
true 0.024879025292039336 220 6 1 1.72 1 0.11656965067313527 0.0 1.0255994
true 0.0005902504382144791 401 6 1 1.72 2 0.11656965067313527 0.0 3.2697563
true 0.0005839904883924163 847 6 1 1.72 3 0.11656965067313527 0.0 9.0529235
true 0.0004759665198658114 2685 6 1 1.72 4 0.11656965067313527 0.0 35.6415456
true 0.024707077355458268 125 6 2 1.72 1 0.11656965067313527 0.0 0.630705
true 0.04293255236923196 524 6 2 1.72 2 0.11656965067313527 0.0 4.4766801
true 0.0006762167121311391 5904 6 2 1.72 3 0.11656965067313527 0.0 58.1138456
true 0.0002838033082601943 5056 6 2 1.72 4 0.11656965067313527 0.0 63.7978541
true 0.024649933598316038 119 6 3 1.72 1 0.11656965067313527 0.0 0.6115734
true 0.0005547418047560093 1687 6 3 1.72 2 0.11656965067313527 0.0 12.6715105
true 0.0008347161456920086 2645 6 3 1.72 3 0.11656965067313527 0.0 25.6471453
true 0.0006024165550809387 4459 6 3 1.72 4 0.11656965067313527 0.0 55.7575381
true 0.0240188693461192 144 6 4 1.72 1 0.11656965067313527 0.0 0.7140309
true 0.0004530276779567688 1532 6 4 1.72 2 0.11656965067313527 0.0 10.9042659
true 6.465686187547004e-5 5930 6 4 1.72 3 0.11656965067313527 0.0 58.3805926
true 0.0003181996637416362 4983 6 4 1.72 4 0.11656965067313527 0.0 62.2891116
true 0.023641006296789512 151 6 5 1.72 1 0.11656965067313527 0.0 0.7712948
true 0.0004599997456368965 2025 6 5 1.72 2 0.11656965067313527 0.0 14.8070297
true 0.0005391623455134221 3710 6 5 1.72 3 0.11656965067313527 0.0 38.1199466
true 0.0002662135655448372 6338 6 5 1.72 4 0.11656965067313527 0.0 78.0782662
true 0.17818921281667208 266 6 6 1.72 1 0.11656965067313527 0.0 1.3359894
true 0.003863632235672191 1056 6 6 1.72 2 0.11656965067313527 0.0 8.2228723
true 0.16689597757420468 1452 6 6 1.72 3 0.11656965067313527 0.0 15.6986963
true 0.0004967208313348959 5337 6 6 1.72 4 0.11656965067313527 0.0 69.1978233
true 0.02454316394052619 95 6 1 1.73 1 0.11533125086878497 0.0 0.4873827
true 0.04420459502911883 267 6 1 1.73 2 0.11533125086878497 0.0 2.4065305
true 0.0005680064503543192 5531 6 1 1.73 3 0.11533125086878497 0.0 53.6659048
true 0.0005445934869221514 1452 6 1 1.73 4 0.11533125086878497 0.0 19.9013853
true 0.024376846781401312 202 6 2 1.73 1 0.11533125086878497 0.0 0.9194814
true 0.043257668057993526 251 6 2 1.73 2 0.11533125086878497 0.0 2.3488262
true 0.00040663749803426796 1564 6 2 1.73 3 0.11533125086878497 0.0 15.5376759
true 0.00030908638473473027 4394 6 2 1.73 4 0.11533125086878497 0.0 54.3209352
true 0.02432126883579348 141 6 3 1.73 1 0.11533125086878497 0.0 0.6580373
true 0.0005417792023984144 1659 6 3 1.73 2 0.11533125086878497 0.0 12.0979474
true 0.0004511629341474495 3764 6 3 1.73 3 0.11533125086878497 0.0 36.20087
true 0.0004052048859146858 4096 6 3 1.73 4 0.11533125086878497 0.0 53.3942627
true 0.023705615772205077 131 6 4 1.73 1 0.11533125086878497 0.0 0.6461795
true 0.00044679094700145194 1310 6 4 1.73 2 0.11533125086878497 0.0 9.2256672
true 0.01770972772868319 818 6 4 1.73 3 0.11533125086878497 0.0 9.2778965
true 0.0002474631671038896 5838 6 4 1.73 4 0.11533125086878497 0.0 71.5836514
true 0.21365208703000124 160 6 5 1.73 1 0.11533125086878497 0.0 0.8338101
true 0.00044627532983810837 1964 6 5 1.73 2 0.11533125086878497 0.0 14.2540925
true 0.01887334233435466 1868 6 5 1.73 3 0.11533125086878497 0.0 19.8659593
true 0.000627969788735927 5425 6 5 1.73 4 0.11533125086878497 0.0 68.3249406
true 0.019447264552847298 287 6 6 1.73 1 0.11533125086878497 0.0 1.4164461
true 0.00039829632964340683 1612 6 6 1.73 2 0.11533125086878497 0.0 11.5997195
true 0.003755582343022664 1678 6 6 1.73 3 0.11533125086878497 0.0 18.2540309
true 0.0002119630801657446 5873 6 6 1.73 4 0.11533125086878497 0.0 73.0236116
true 0.024214049767160184 118 6 1 1.74 1 0.11411420681941019 0.0 0.5825972
true 0.0005603986938316208 444 6 1 1.74 2 0.11411420681941019 0.0 3.4366502
true 0.0005874311957246858 1257 6 1 1.74 3 0.11411420681941019 0.0 13.4384334
true 0.020290775905913827 3479 6 1 1.74 4 0.11411420681941019 0.0 43.8833016
true 0.024053222175995925 102 6 2 1.74 1 0.11411420681941019 0.0 0.5180968
true 0.0005210146856334252 2062 6 2 1.74 2 0.11411420681941019 0.0 14.4624558
true 0.0006626935231430486 2836 6 2 1.74 3 0.11411420681941019 0.0 27.7141536
true 0.000550430761116355 4143 6 2 1.74 4 0.11411420681941019 0.0 51.1000136
true 0.02399943257908312 162 6 3 1.74 1 0.11411420681941019 0.0 0.7898277
true 0.0005268163709012952 1177 6 3 1.74 2 0.11411420681941019 0.0 8.3556863
true 0.00037429683073079517 3153 6 3 1.74 3 0.11411420681941019 0.0 29.9281997
true 0.00016300138305169742 7393 6 3 1.74 4 0.11411420681941019 0.0 90.4363522
true 0.02339935779961659 192 6 4 1.74 1 0.11411420681941019 0.0 0.9316184
true 0.000429122985524763 1267 6 4 1.74 2 0.11411420681941019 0.0 9.0651047
true 7.224736277640365e-5 3623 6 4 1.74 3 0.11411420681941019 0.0 36.0147381
true 0.0004625281890170557 6519 6 4 1.74 4 0.11411420681941019 0.0 79.4038822
true 0.02303768321925015 215 6 5 1.74 1 0.11411420681941019 0.0 1.0702486
true 0.003012551415398157 1728 6 5 1.74 2 0.11411420681941019 0.0 13.1229194
true 8.244266970419689e-5 2630 6 5 1.74 3 0.11411420681941019 0.0 26.1254864
true 0.00042228061095878067 6757 6 5 1.74 4 0.11411420681941019 0.0 84.375508
true 0.01919892000836575 161 6 6 1.74 1 0.11411420681941019 0.0 0.8276825
true 0.00038805646973453606 1511 6 6 1.74 2 0.11411420681941019 0.0 11.0719459
true 7.443666401292053e-5 1156 6 6 1.74 3 0.11411420681941019 0.0 12.3576818
true 0.0004365167813516757 13764 6 6 1.74 4 0.11411420681941019 0.0 177.2114488
true 0.023891905540579128 138 6 1 1.75 1 0.11291800904022412 0.0 0.6494227
true 0.0005471465829051669 320 6 1 1.75 2 0.11291800904022412 0.0 2.5710306
true 9.921101469451132e-5 2191 6 1 1.75 3 0.11291800904022412 0.0 21.721295
true 0.0004658258801818471 1191 6 1 1.75 4 0.11291800904022412 0.0 16.6515378
true 0.023736337423440196 104 6 2 1.75 1 0.11291800904022412 0.0 0.5354942
true 0.02241665597305273 546 6 2 1.75 2 0.11291800904022412 0.0 4.18178
true 0.00010343647096347497 1861 6 2 1.75 3 0.11291800904022412 0.0 18.5842517
true 0.0002894171242360244 5409 6 2 1.75 4 0.11291800904022412 0.0 69.2629389
true 0.02368423086514985 127 6 3 1.75 1 0.11291800904022412 0.0 0.6315055
true 0.0005140015961513552 1980 6 3 1.75 2 0.11291800904022412 0.0 14.3639193
true 0.007495584701843879 2973 6 3 1.75 3 0.11291800904022412 0.0 29.8130228
true 0.0005564513580482711 3932 6 3 1.75 4 0.11291800904022412 0.0 51.4624834
true 0.2611517404596818 162 6 4 1.75 1 0.11291800904022412 0.0 0.8134247
true 0.0004159294594095614 981 6 4 1.75 2 0.11291800904022412 0.0 7.0418478
true 0.01737826259041439 521 6 4 1.75 3 0.11291800904022412 0.0 6.5937522
true 0.0004588596243557813 4984 6 4 1.75 4 0.11291800904022412 0.0 61.5824512
true 0.022746331860442125 120 6 5 1.75 1 0.11291800904022412 0.0 0.6341546
true 0.00042517357874867213 1123 6 5 1.75 2 0.11291800904022412 0.0 8.1595251
true 0.010416963819671743 2200 6 5 1.75 3 0.11291800904022412 0.0 22.995824
true 0.0005931019520259651 4146 6 5 1.75 4 0.11291800904022412 0.0 53.6361555
true 0.17851054319814152 209 6 6 1.75 1 0.11291800904022412 0.0 1.0173379
true 0.00037794270699603727 1578 6 6 1.75 2 0.11291800904022412 0.0 11.543144
true 0.00019035134539559703 4440 6 6 1.75 3 0.11291800904022412 0.0 43.7614993
true 0.00044362555245002394 4282 6 6 1.75 4 0.11291800904022412 0.0 53.7087808
true 0.02357645314225959 102 6 1 1.76 1 0.1117421632510926 0.0 0.5243381
true 0.000532753282209919 793 6 1 1.76 2 0.1117421632510926 0.0 5.8322783
true 8.301774010516239e-5 3384 6 1 1.76 3 0.1117421632510926 0.0 32.644356
true 0.00031662006916255425 5775 6 1 1.76 4 0.1117421632510926 0.0 72.5305935
true 0.02342578581451199 151 6 2 1.76 1 0.1117421632510926 0.0 0.697075
true 0.0004959158366710514 985 6 2 1.76 2 0.1117421632510926 0.0 6.9423134
true 9.894526177786633e-5 3832 6 2 1.76 3 0.1117421632510926 0.0 37.0432802
true 8.071949488225316e-5 3024 6 2 1.76 4 0.1117421632510926 0.0 37.9442112
true 0.02337632787171734 98 6 3 1.76 1 0.1117421632510926 0.0 0.4871799
true 0.0005013479647336302 694 6 3 1.76 2 0.1117421632510926 0.0 5.1152291
true 0.0006294058479477024 1003 6 3 1.76 3 0.1117421632510926 0.0 10.6601172
true 0.00043197400768907324 4163 6 3 1.76 4 0.1117421632510926 0.0 52.5297545
true 0.02280280023912866 152 6 4 1.76 1 0.1117421632510926 0.0 0.7465528
true 0.0004029659504175137 845 6 4 1.76 2 0.1117421632510926 0.0 6.1765053
true 0.0005343617751163432 3589 6 4 1.76 3 0.1117421632510926 0.0 35.798262
true 0.0003439568663710785 5957 6 4 1.76 4 0.1117421632510926 0.0 72.854906
true 0.0224588446098985 212 6 5 1.76 1 0.1117421632510926 0.0 1.0287261
true 0.00041866877778169443 1561 6 5 1.76 2 0.1117421632510926 0.0 11.3237249
true 6.30844015091836e-5 2882 6 5 1.76 3 0.1117421632510926 0.0 28.4989343
true 0.0006032811466622267 6088 6 5 1.76 4 0.1117421632510926 0.0 76.954108
true 0.01871582458647673 322 6 6 1.76 1 0.1117421632510926 0.0 1.6338968
true 0.00036628424520207536 2512 6 6 1.76 2 0.1117421632510926 0.0 18.4212885
true 0.17207629527811227 1363 6 6 1.76 3 0.1117421632510926 0.0 15.0389313
true 0.00024885195781689423 3704 6 6 1.76 4 0.1117421632510926 0.0 46.0328854
true 0.023267268316290612 100 6 1 1.77 1 0.11058618985163844 0.0 0.4950864
true 0.0005197933499312968 538 6 1 1.77 2 0.11058618985163844 0.0 3.9419319
true 0.0008277794789500192 882 6 1 1.77 3 0.11058618985163844 0.0 9.6663382
true 0.00042322136847727787 2777 6 1 1.77 4 0.11058618985163844 0.0 34.7734755
true 0.023121437964944674 136 6 2 1.77 1 0.11058618985163844 0.0 0.6667008
true 0.021975551435734375 594 6 2 1.77 2 0.11058618985163844 0.0 4.785574
true 0.0006876473937073857 1503 6 2 1.77 3 0.11058618985163844 0.0 15.0626586
true 0.0007146538208346598 4186 6 2 1.77 4 0.11058618985163844 0.0 51.5816293
true 0.023072795666721952 184 6 3 1.77 1 0.11058618985163844 0.0 0.9046944
true 0.0004895118996809574 1451 6 3 1.77 2 0.11058618985163844 0.0 10.5949978
true 0.022353517443932897 761 6 3 1.77 3 0.11058618985163844 0.0 9.3812406
true 0.00036673433346340323 1444 6 3 1.77 4 0.11058618985163844 0.0 20.271628
true 0.022513342142091233 115 6 4 1.77 1 0.11058618985163844 0.0 0.6007153
true 0.0004060299885650931 2264 6 4 1.77 2 0.11058618985163844 0.0 16.4354084
true 0.0004859448494346358 3567 6 4 1.77 3 0.11058618985163844 0.0 35.1384943
true 0.00029577281628635765 1786 6 4 1.77 4 0.11058618985163844 0.0 23.9461263
true 0.022177767479415956 135 6 5 1.77 1 0.11058618985163844 0.0 0.7145251
true 0.0004056414944341169 1602 6 5 1.77 2 0.11058618985163844 0.0 11.4283533
true 4.6231420874298654e-5 1105 6 5 1.77 3 0.11058618985163844 0.0 11.5700004
true 0.0001249748787370275 2962 6 5 1.77 4 0.11058618985163844 0.0 37.7844406
true 0.018482776770282223 138 6 6 1.77 1 0.11058618985163844 0.0 0.7061515
true 0.00034318474782386404 380 6 6 1.77 2 0.11058618985163844 0.0 3.3206837
true 0.0002303482591448728 5394 6 6 1.77 3 0.11058618985163844 0.0 53.9509889
true 0.00033096534784099463 11822 6 6 1.77 4 0.11058618985163844 0.0 153.7771206
true 0.022964649922687208 97 6 1 1.78 1 0.10944962341575272 0.0 0.5011052
true 0.0005074234596398886 516 6 1 1.78 2 0.10944962341575272 0.0 3.8548632
true 0.000890346287387378 1424 6 1 1.78 3 0.10944962341575272 0.0 14.3970447
true 0.0002049117715346993 4829 6 1 1.78 4 0.10944962341575272 0.0 58.8840757
true 0.0228230902399566 147 6 2 1.78 1 0.10944962341575272 0.0 0.7229465
true 0.021699483176448597 1091 6 2 1.78 2 0.10944962341575272 0.0 8.206386
true 0.000667818186620206 2736 6 2 1.78 3 0.10944962341575272 0.0 26.6389708
true 0.0002545210752332716 5738 6 2 1.78 4 0.10944962341575272 0.0 72.1108962
true 0.022776042817923375 190 6 3 1.78 1 0.10944962341575272 0.0 0.8843148
true 0.0004775813835812455 1847 6 3 1.78 2 0.10944962341575272 0.0 13.1814343
true 7.998277213081921e-5 1858 6 3 1.78 3 0.10944962341575272 0.0 18.3120375
true 0.00037234861289551596 5191 6 3 1.78 4 0.10944962341575272 0.0 64.4354813
true 0.022229912686238792 134 6 4 1.78 1 0.10944962341575272 0.0 0.6965965
true 0.00039820842774621057 896 6 4 1.78 2 0.10944962341575272 0.0 6.5774323
true 0.016552804400713772 1051 6 4 1.78 3 0.10944962341575272 0.0 11.4489941
true 0.0005388311460175627 5932 6 4 1.78 4 0.10944962341575272 0.0 71.6186488
true 0.021902191155920535 202 6 5 1.78 1 0.10944962341575272 0.0 0.991772
true 0.0004011355579773057 1547 6 5 1.78 2 0.10944962341575272 0.0 11.3177767
true 0.0001906743407914968 2047 6 5 1.78 3 0.10944962341575272 0.0 21.0877824
true 0.00046563210686499933 3692 6 5 1.78 4 0.10944962341575272 0.0 47.1993392
true 0.1780556614975688 229 6 6 1.78 1 0.10944962341575272 0.0 1.1419054
true 0.00035446077620825595 2293 6 6 1.78 2 0.10944962341575272 0.0 16.8562711
true 0.014861761789430133 2305 6 6 1.78 3 0.10944962341575272 0.0 23.848907
true 5.740833139623406e-5 5901 6 6 1.78 4 0.10944962341575272 0.0 74.2641744
true 0.022667736477522182 100 6 1 1.79 1 0.10833201220480698 0.0 0.4872208
true 0.021290611514549862 383 6 1 1.79 2 0.10833201220480698 0.0 3.3203724
true 0.00011985603703229541 3395 6 1 1.79 3 0.10833201220480698 0.0 32.9930374
true 0.0008053229474033197 1856 6 1 1.79 4 0.10833201220480698 0.0 25.4224422
true 0.022531173306320623 122 6 2 1.79 1 0.10833201220480698 0.0 0.5838483
true 0.02146077168202601 1028 6 2 1.79 2 0.10833201220480698 0.0 7.5355851
true 0.00027405480858960773 727 6 2 1.79 3 0.10833201220480698 0.0 8.5805528
true 0.0005956253005127421 3944 6 2 1.79 4 0.10833201220480698 0.0 49.3871613
true 0.022485203688012934 160 6 3 1.79 1 0.10833201220480698 0.0 0.7582521
true 0.0004665476325102687 1070 6 3 1.79 2 0.10833201220480698 0.0 8.1171928
true 0.00011519441623579023 1735 6 3 1.79 3 0.10833201220480698 0.0 17.3236866
true 0.00032945581969797316 2949 6 3 1.79 4 0.10833201220480698 0.0 36.7130103
true 0.2607553050708342 129 6 4 1.79 1 0.10833201220480698 0.0 0.6539713
true 0.0003815400073139408 1547 6 4 1.79 2 0.10833201220480698 0.0 10.9844879
true 0.00040433139063711376 4123 6 4 1.79 3 0.10833201220480698 0.0 40.1608655
true 0.00037390965100109197 2523 6 4 1.79 4 0.10833201220480698 0.0 32.4454951
true 0.021631447099903656 158 6 5 1.79 1 0.10833201220480698 0.0 0.7603118
true 0.00040016637831149506 1294 6 5 1.79 2 0.10833201220480698 0.0 9.1085939
true 0.20533889987125747 1313 6 5 1.79 3 0.10833201220480698 0.0 13.9364988
true 0.0006559432356868621 3874 6 5 1.79 4 0.10833201220480698 0.0 49.9645415
true 0.17722879645880926 197 6 6 1.79 1 0.10833201220480698 0.0 0.9928219
true 0.00034840067378547057 2433 6 6 1.79 2 0.10833201220480698 0.0 18.090246
true 0.0036818936193846 2306 6 6 1.79 3 0.10833201220480698 0.0 23.5559128
true 0.000491097027122365 6203 6 6 1.79 4 0.10833201220480698 0.0 80.2471813
true 0.0223774149883737 101 6 1 1.8 1 0.10723291769893503 0.0 0.494208
true 0.0004828714950657065 426 6 1 1.8 2 0.10723291769893503 0.0 3.2753407
true 0.00011739597682325353 2030 6 1 1.8 3 0.10723291769893503 0.0 19.5460191
true 3.6309492246755504e-5 4946 6 1 1.8 4 0.10723291769893503 0.0 60.3678585
true 0.022244297756366493 145 6 2 1.8 1 0.10723291769893503 0.0 0.677943
true 0.021225707260955545 676 6 2 1.8 2 0.10723291769893503 0.0 4.9683332
true 0.0004360305028791034 3173 6 2 1.8 3 0.10723291769893503 0.0 31.372939
true 0.00021143157042413652 4166 6 2 1.8 4 0.10723291769893503 0.0 53.3697331
true 0.02220002690986861 127 6 3 1.8 1 0.10723291769893503 0.0 0.6565566
true 0.00045493605207097554 1529 6 3 1.8 2 0.10723291769893503 0.0 10.9660205
true 0.00012658101285561996 6218 6 3 1.8 3 0.10723291769893503 0.0 61.2757667
true 0.0007447331684362993 2456 6 3 1.8 4 0.10723291769893503 0.0 31.310478
true 0.021678945402329175 206 6 4 1.8 1 0.10723291769893503 0.0 1.0514592
true 0.00042953696150088705 564 6 4 1.8 2 0.10723291769893503 0.0 4.3470404
true 0.00012488244421472727 6923 6 4 1.8 3 0.10723291769893503 0.0 69.1623648
true 0.00038742769291716384 4252 6 4 1.8 4 0.10723291769893503 0.0 52.4257056
true 0.021366273558678917 133 6 5 1.8 1 0.10723291769893503 0.0 0.6908746
true 0.00039473078101116555 2019 6 5 1.8 2 0.10723291769893503 0.0 14.9205422
true 0.0007495545981222818 2314 6 5 1.8 3 0.10723291769893503 0.0 24.3841192
true 0.0005479341940831551 5293 6 5 1.8 4 0.10723291769893503 0.0 70.273231
true 0.017806475962755624 219 6 6 1.8 1 0.10723291769893503 0.0 1.057667
true 0.0011484847654250712 826 6 6 1.8 2 0.10723291769893503 0.0 6.6476358
true 0.00032944234156410496 1485 6 6 1.8 3 0.10723291769893503 0.0 15.3450884
true 0.0002150034530590724 4090 6 6 1.8 4 0.10723291769893503 0.0 52.01044
true 0.022091994614190258 147 6 1 1.81 1 0.10615191414570589 0.0 0.6950944
true 0.00047057828767810284 598 6 1 1.81 2 0.10615191414570589 0.0 4.5700297
true 0.020492410993290466 1470 6 1 1.81 3 0.10615191414570589 0.0 14.9563476
true 0.0001980239420560359 4260 6 1 1.81 4 0.10615191414570589 0.0 52.5201771
true 0.02196333014298607 124 6 2 1.81 1 0.10615191414570589 0.0 0.6460136
true 0.039388134151000315 260 6 2 1.81 2 0.10615191414570589 0.0 2.3566656
true 0.00039971123351087434 2501 6 2 1.81 3 0.10615191414570589 0.0 23.8150436
true 0.0005789331989772273 3825 6 2 1.81 4 0.10615191414570589 0.0 48.523775
true 0.021920710220268647 143 6 3 1.81 1 0.10615191414570589 0.0 0.6640315
true 0.00044575402480960075 869 6 3 1.81 2 0.10615191414570589 0.0 6.7273985
true 0.0001249025326843419 2663 6 3 1.81 3 0.10615191414570589 0.0 26.0708671
true 0.000466493769711418 4872 6 3 1.81 4 0.10615191414570589 0.0 64.1055475
true 0.02141228303639023 161 6 4 1.81 1 0.10615191414570589 0.0 0.7529304
true 0.00036774187346455545 1103 6 4 1.81 2 0.10615191414570589 0.0 7.6980691
true 0.015978050654945314 2613 6 4 1.81 3 0.10615191414570589 0.0 26.3840865
true 0.0002881518765306401 4949 6 4 1.81 4 0.10615191414570589 0.0 60.8417352
true 0.2123718797357376 128 6 5 1.81 1 0.10615191414570589 0.0 0.6944743
true 0.00036717817040300417 2466 6 5 1.81 2 0.10615191414570589 0.0 17.9052489
true 0.2082278588084046 1534 6 5 1.81 3 0.10615191414570589 0.0 15.8886728
true 0.000430840366775409 2683 6 5 1.81 4 0.10615191414570589 0.0 35.5824868
true 0.33701624507689537 116 6 6 1.81 1 0.10615191414570589 0.0 0.6435034
true 0.00033867367885670463 1596 6 6 1.81 2 0.10615191414570589 0.0 11.8694408
true 0.0003052424069044102 2692 6 6 1.81 3 0.10615191414570589 0.0 27.5376428
true 0.00025542837641593746 5540 6 6 1.81 4 0.10615191414570589 0.0 68.6937988
true 0.021812574586425104 147 6 1 1.82 1 0.10508858812552895 0.0 0.6963889
true 0.0004593142150698948 753 6 1 1.82 2 0.10508858812552895 0.0 5.422624
true 0.02160699676571498 403 6 1 1.82 3 0.10508858812552895 0.0 5.5269324
true 0.0005050769227781249 4269 6 1 1.82 4 0.10508858812552895 0.0 53.503741
true 0.021688757535950814 107 6 2 1.82 1 0.10508858812552895 0.0 0.5438139
true 0.0004301342062058011 589 6 2 1.82 2 0.10508858812552895 0.0 4.4521666
true 0.00028420986680188776 3096 6 2 1.82 3 0.10508858812552895 0.0 30.6905008
true 0.003395973633089411 4652 6 2 1.82 4 0.10508858812552895 0.0 57.4677948
true 0.021646363480645858 142 6 3 1.82 1 0.10508858812552895 0.0 0.7229604
true 0.0004334553774938595 609 6 3 1.82 2 0.10508858812552895 0.0 4.5895214
true 0.0006897981450327828 2965 6 3 1.82 3 0.10508858812552895 0.0 29.0704456
true 0.00031375545504053193 3038 6 3 1.82 4 0.10508858812552895 0.0 38.0337008
true 0.02114909030743095 228 6 4 1.82 1 0.10508858812552895 0.0 1.1078241
true 0.0003648317713621091 1890 6 4 1.82 2 0.10508858812552895 0.0 13.5319321
true 7.190690341896122e-5 4051 6 4 1.82 3 0.10508858812552895 0.0 39.241516
true 0.00034082571989776933 1469 6 4 1.82 4 0.10508858812552895 0.0 20.398296
true 0.020850875851529282 253 6 5 1.82 1 0.10508858812552895 0.0 1.2961215
true 0.00036052241329832536 297 6 5 1.82 2 0.10508858812552895 0.0 2.7766216
true 0.00013063064587874872 2823 6 5 1.82 3 0.10508858812552895 0.0 27.3238816
true 0.00037426495880381604 2958 6 5 1.82 4 0.10508858812552895 0.0 37.0357289
true 0.1768547776818453 176 6 6 1.82 1 0.10508858812552895 0.0 0.9153718
true 0.0003193247509692132 1367 6 6 1.82 2 0.10508858812552895 0.0 10.0732514
true 4.4045714187063156e-5 6212 6 6 1.82 3 0.10508858812552895 0.0 62.2454637
true 0.00031382725121220645 7257 6 6 1.82 4 0.10508858812552895 0.0 90.9621124
true 0.021538565814755994 185 6 1 1.83 1 0.1040425381333935 0.0 0.8231063
true 0.0004483397848604742 862 6 1 1.83 2 0.1040425381333935 0.0 6.2285897
true 0.00010731197429614259 3315 6 1 1.83 3 0.1040425381333935 0.0 33.0011223
true 0.0013519447351598712 1943 6 1 1.83 4 0.1040425381333935 0.0 25.6480531
true 0.02141792165646278 121 6 2 1.83 1 0.1040425381333935 0.0 0.5915011
true 0.038448223785306435 430 6 2 1.83 2 0.1040425381333935 0.0 3.7402404
true 0.0005267137570070524 2020 6 2 1.83 3 0.1040425381333935 0.0 20.8224516
true 0.0006831010799861204 6394 6 2 1.83 4 0.1040425381333935 0.0 79.3492275
true 0.021377683964807492 122 6 3 1.83 1 0.1040425381333935 0.0 0.6070802
true 0.0004232586803587883 593 6 3 1.83 2 0.1040425381333935 0.0 4.4588757
true 0.006987233876816416 2179 6 3 1.83 3 0.1040425381333935 0.0 22.4953784
true 0.00044545192856306387 3692 6 3 1.83 4 0.1040425381333935 0.0 45.9248591
true 0.020891508533909725 117 6 4 1.83 1 0.1040425381333935 0.0 0.6532919
true 0.00034545686736837944 1813 6 4 1.83 2 0.1040425381333935 0.0 12.7478482
true 0.00017370580257344836 1593 6 4 1.83 3 0.1040425381333935 0.0 16.2693122
true 0.0002520483762037118 3549 6 4 1.83 4 0.1040425381333935 0.0 45.1436621
true 0.21282693032760802 216 6 5 1.83 1 0.1040425381333935 0.0 1.0346249
true 0.00036908139751761214 1332 6 5 1.83 2 0.1040425381333935 0.0 9.7075491
true 0.01255195963137946 1377 6 5 1.83 3 0.1040425381333935 0.0 14.7924802
true 0.00012237947342873533 5790 6 5 1.83 4 0.1040425381333935 0.0 73.6487632
true 0.017166479794607597 354 6 6 1.83 1 0.1040425381333935 0.0 1.709987
true 0.025963555390284433 1202 6 6 1.83 2 0.1040425381333935 0.0 9.3146996
true 0.00016520993163970932 5817 6 6 1.83 3 0.1040425381333935 0.0 58.9377315
true 0.00034599074944917835 9242 6 6 1.83 4 0.1040425381333935 0.0 120.6304864
true 0.02127019155819654 102 6 1 1.84 1 0.10301337417579307 0.0 0.49249
true 0.00043785049294214895 1087 6 1 1.84 2 0.10301337417579307 0.0 8.0682852
true 0.0005651530680089167 833 6 1 1.84 3 0.10301337417579307 0.0 9.1816226
true 0.00036890330037042673 2303 6 1 1.84 4 0.10301337417579307 0.0 32.3228916
true 0.021152927520057208 101 6 2 1.84 1 0.10301337417579307 0.0 0.5939888
true 0.02015836794145598 769 6 2 1.84 2 0.10301337417579307 0.0 5.8897597
true 0.00020401525577798396 2436 6 2 1.84 3 0.10301337417579307 0.0 23.9806111
true 5.719799882938914e-5 3274 6 2 1.84 4 0.10301337417579307 0.0 40.8156879
true 0.021114151937250098 182 6 3 1.84 1 0.10301337417579307 0.0 0.9109748
true 0.0004139973225002665 851 6 3 1.84 2 0.10301337417579307 0.0 6.4220881
true 0.020499826187909482 1280 6 3 1.84 3 0.10301337417579307 0.0 13.3821467
true 0.00041886465279324564 4238 6 3 1.84 4 0.10301337417579307 0.0 51.7043729
true 0.020639062590505075 175 6 4 1.84 1 0.10301337417579307 0.0 0.837117
true 0.00033330525656193044 1176 6 4 1.84 2 0.10301337417579307 0.0 8.6955526
true 6.115804283679527e-5 7030 6 4 1.84 3 0.10301337417579307 0.0 67.8676957
true 0.00026261207515893004 1449 6 4 1.84 4 0.10301337417579307 0.0 19.9685122
true 0.020353584331934203 149 6 5 1.84 1 0.10301337417579307 0.0 0.7693582
true 0.0004048680712554709 490 6 5 1.84 2 0.10301337417579307 0.0 3.9278242
true 0.0001526118376279473 5215 6 5 1.84 3 0.10301337417579307 0.0 50.5064942
true 0.00033392064331996265 4759 6 5 1.84 4 0.10301337417579307 0.0 58.3089019
true 0.016961649043768585 171 6 6 1.84 1 0.10301337417579307 0.0 0.8223755
true 0.16690510039838113 1591 6 6 1.84 2 0.10301337417579307 0.0 11.9929704
true 0.006107052958293345 4279 6 6 1.84 3 0.10301337417579307 0.0 44.2059294
true 0.00034647317458012344 6287 6 6 1.84 4 0.10301337417579307 0.0 80.0242605
true 0.021006453008787174 98 6 1 1.85 1 0.10200071738298862 0.0 0.4962994
true 0.00042765042064557557 691 6 1 1.85 2 0.10200071738298862 0.0 4.9101331
true 0.018736759129642677 1910 6 1 1.85 3 0.10200071738298862 0.0 18.9798871
true 9.822511831419911e-5 10988 6 1 1.85 4 0.10200071738298862 0.0 133.5707518
true 0.02089303429097336 170 6 2 1.85 1 0.10200071738298862 0.0 0.805157
true 0.0003999554050507226 945 6 2 1.85 2 0.10200071738298862 0.0 6.8279531
true 2.48157449430908e-5 2725 6 2 1.85 3 0.10200071738298862 0.0 25.8582165
true 0.00025362807139081567 10213 6 2 1.85 4 0.10200071738298862 0.0 129.4749659
true 0.02085549772659584 157 6 3 1.85 1 0.10200071738298862 0.0 0.7421915
true 0.0004040670171843545 1219 6 3 1.85 2 0.10200071738298862 0.0 8.7386765
true 0.0009941987267241086 702 6 3 1.85 3 0.10200071738298862 0.0 8.0904191
true 0.00015699693196933687 1731 6 3 1.85 4 0.10200071738298862 0.0 22.8920137
true 0.25988791827459623 223 6 4 1.85 1 0.10200071738298862 0.0 1.0324009
true 0.00033060766866171987 1288 6 4 1.85 2 0.10200071738298862 0.0 9.2583414
true 0.014860577602551453 1992 6 4 1.85 3 0.10200071738298862 0.0 20.9621398
true 0.0005683917491249857 4515 6 4 1.85 4 0.10200071738298862 0.0 56.6225832
true 0.2117999576413569 178 6 5 1.85 1 0.10200071738298862 0.0 0.8827278
true 0.000353403404109387 1399 6 5 1.85 2 0.10200071738298862 0.0 10.0202098
true 0.0003088272334388242 5240 6 5 1.85 3 0.10200071738298862 0.0 53.1964789
true 0.00037885512263403643 3160 6 5 1.85 4 0.10200071738298862 0.0 40.816189
true 0.01676061386504458 152 6 6 1.85 1 0.10200071738298862 0.0 0.8591923
true 0.0002963401283607077 1566 6 6 1.85 2 0.10200071738298862 0.0 11.1392522
true 0.0002995229418799872 3990 6 6 1.85 3 0.10200071738298862 0.0 38.7818873
true 7.681725194680356e-5 4005 6 6 1.85 4 0.10200071738298862 0.0 50.165365
true 0.020748173384570856 100 6 1 1.86 1 0.101004199635488 0.0 0.4822681
true 0.02050601322000828 333 6 1 1.86 2 0.101004199635488 0.0 2.777109
true 0.00010158631227652481 4075 6 1 1.86 3 0.101004199635488 0.0 40.1142115
true 4.153526729205881e-5 6273 6 1 1.86 4 0.101004199635488 0.0 75.5488869
true 0.020638383086227702 113 6 2 1.86 1 0.101004199635488 0.0 0.538963
true 0.019609897980117225 445 6 2 1.86 2 0.101004199635488 0.0 3.4964045
true 5.154396666615102e-5 1146 6 2 1.86 3 0.101004199635488 0.0 12.4323689
true 0.0005423616870757764 4552 6 2 1.86 4 0.101004199635488 0.0 56.649841
true 0.020601537325975156 185 6 3 1.86 1 0.101004199635488 0.0 0.8636504
true 0.0003955405697701475 801 6 3 1.86 2 0.101004199635488 0.0 6.1440453
true 0.0001999598775075014 2650 6 3 1.86 3 0.101004199635488 0.0 25.582216
true 0.00011652492514839057 5825 6 3 1.86 4 0.101004199635488 0.0 72.7192509
true 0.020147808637536666 164 6 4 1.86 1 0.101004199635488 0.0 0.7916885
true 0.0003362296036081708 1618 6 4 1.86 2 0.101004199635488 0.0 11.5266801
true 7.882435429418244e-5 3198 6 4 1.86 3 0.101004199635488 0.0 31.6416536
true 0.00012962370039908133 5011 6 4 1.86 4 0.101004199635488 0.0 61.1766871
true 0.21236153898575866 130 6 5 1.86 1 0.101004199635488 0.0 0.6965013
true 0.0005002260472199982 577 6 5 1.86 2 0.101004199635488 0.0 4.5526633
true 0.011915871619546093 1454 6 5 1.86 3 0.101004199635488 0.0 15.0089618
true 0.0006130367275275827 4943 6 5 1.86 4 0.101004199635488 0.0 61.346608
true 0.33671840318289686 132 6 6 1.86 1 0.101004199635488 0.0 0.7205338
true 0.16681981533197976 2196 6 6 1.86 2 0.101004199635488 0.0 16.3275972
true 0.1730747396241704 2206 6 6 1.86 3 0.101004199635488 0.0 22.3251491
true 0.00033668503548694995 9140 6 6 1.86 4 0.101004199635488 0.0 111.6128676
true 0.020494566514503765 101 6 1 1.87 1 0.10002346320442916 0.0 0.528455
true 0.0004077856718868178 626 6 1 1.87 2 0.10002346320442916 0.0 4.6123923
true 0.020276809293213405 1280 6 1 1.87 3 0.10002346320442916 0.0 14.2403506
true 0.00035009215259845794 5016 6 1 1.87 4 0.10002346320442916 0.0 63.0571506
true 0.020387927327329025 105 6 2 1.87 1 0.10002346320442916 0.0 0.5731242
true 0.036830633535767876 342 6 2 1.87 2 0.10002346320442916 0.0 3.1544254
true 0.01974358677897442 1436 6 2 1.87 3 0.10002346320442916 0.0 15.0197856
true 0.00033237994853002606 3371 6 2 1.87 4 0.10002346320442916 0.0 44.6903454
true 0.02035252242480103 111 6 3 1.87 1 0.10002346320442916 0.0 0.5711155
true 0.00038676400280771944 852 6 3 1.87 2 0.10002346320442916 0.0 6.0644505
true 0.019638332890647703 857 6 3 1.87 3 0.10002346320442916 0.0 9.4291454
true 0.0004166843361825638 5279 6 3 1.87 4 0.10002346320442916 0.0 65.4826876
true 0.019908592243446085 231 6 4 1.87 1 0.10002346320442916 0.0 1.1174547
true 0.00032221215514031953 2040 6 4 1.87 2 0.10002346320442916 0.0 14.747316
true 0.00011620741216160357 5217 6 4 1.87 3 0.10002346320442916 0.0 51.6724065
true 0.0005198138971413413 4483 6 4 1.87 4 0.10002346320442916 0.0 55.3930954
true 0.21221223680399642 168 6 5 1.87 1 0.10002346320442916 0.0 0.8466765
true 0.0003332930681307023 1681 6 5 1.87 2 0.10002346320442916 0.0 12.623822
true 6.77379588219007e-5 3482 6 5 1.87 3 0.10002346320442916 0.0 34.9138414
true 0.000767400234432003 3761 6 5 1.87 4 0.10002346320442916 0.0 47.0327134
true 0.016368331882862085 327 6 6 1.87 1 0.10002346320442916 0.0 1.5914461
true 0.1668158147967559 511 6 6 1.87 2 0.10002346320442916 0.0 4.0235276
true 9.475521088738355e-5 4272 6 6 1.87 3 0.10002346320442916 0.0 41.9863442
true 0.0006451107606424885 7299 6 6 1.87 4 0.10002346320442916 0.0 92.7298821
true 0.020246147383821245 110 6 1 1.88 1 0.0990581604052917 0.0 0.5627449
true 0.00039840399658946923 693 6 1 1.88 2 0.0990581604052917 0.0 5.1255316
true 0.00037702751656609745 2406 6 1 1.88 3 0.0990581604052917 0.0 24.4763536
true 0.0003511842058814274 1423 6 1 1.88 4 0.0990581604052917 0.0 19.2757108
true 0.02014261166416978 155 6 2 1.88 1 0.0990581604052917 0.0 0.7219652
true 0.000502982527206236 343 6 2 1.88 2 0.0990581604052917 0.0 3.0633805
true 0.0006340438222529332 3827 6 2 1.88 3 0.0990581604052917 0.0 37.5336482
true 7.050015220805284e-5 4718 6 2 1.88 4 0.0990581604052917 0.0 60.3674173
true 0.3400821889521158 117 6 3 1.88 1 0.0990581604052917 0.0 0.6172612
true 0.00037716388044293597 1420 6 3 1.88 2 0.0990581604052917 0.0 10.1665472
true 0.019599931563597666 2002 6 3 1.88 3 0.0990581604052917 0.0 20.5314276
true 0.0002999025819693986 2512 6 3 1.88 4 0.0990581604052917 0.0 32.4056639
true 0.01967478039248788 160 6 4 1.88 1 0.0990581604052917 0.0 0.7772868
true 0.00031751693222774324 1194 6 4 1.88 2 0.0990581604052917 0.0 8.6855589
true 3.9957479796390305e-5 2755 6 4 1.88 3 0.0990581604052917 0.0 27.3599427
true 0.0005766386020330388 5023 6 4 1.88 4 0.0990581604052917 0.0 60.9702037
true 0.01941341633598397 234 6 5 1.88 1 0.0990581604052917 0.0 1.1493197
true 0.00032854341460857305 2717 6 5 1.88 2 0.0990581604052917 0.0 19.9466938
true 0.007936914269266848 2848 6 5 1.88 3 0.0990581604052917 0.0 28.3860594
true 0.021849081341100262 2187 6 5 1.88 4 0.0990581604052917 0.0 28.5428733
true 0.17616536021304094 209 6 6 1.88 1 0.0990581604052917 0.0 1.0770873
true 0.0003217309866371994 635 6 6 1.88 2 0.0990581604052917 0.0 4.9163716
true 0.00024884574271726484 4302 6 6 1.88 3 0.0990581604052917 0.0 41.3308433
true 0.0003952037590147413 5424 6 6 1.88 4 0.0990581604052917 0.0 66.9478671
true 0.02000200557774212 98 6 1 1.89 1 0.09810795326443694 0.0 0.4975504
true 0.018957901144016187 288 6 1 1.89 2 0.09810795326443694 0.0 2.3907182
true 0.0001535633545636239 3027 6 1 1.89 3 0.09810795326443694 0.0 29.3261134
true 0.0007677505237631554 1994 6 1 1.89 4 0.09810795326443694 0.0 26.4084443
true 0.019901638395543625 105 6 2 1.89 1 0.09810795326443694 0.0 0.5348961
true 0.0003654656315883187 556 6 2 1.89 2 0.09810795326443694 0.0 4.2192546
true 0.00024991590489670257 616 6 2 1.89 3 0.09810795326443694 0.0 7.0660158
true 5.027939972632178e-5 2078 6 2 1.89 4 0.09810795326443694 0.0 26.7555734
true 0.019868304927784502 106 6 3 1.89 1 0.09810795326443694 0.0 0.5449433
true 0.00036940426047160635 1170 6 3 1.89 2 0.09810795326443694 0.0 8.3650348
true 0.00010549157053415155 3507 6 3 1.89 3 0.09810795326443694 0.0 35.3134159
true 0.0006002491183163169 6211 6 3 1.89 4 0.09810795326443694 0.0 76.0009384
true 0.019443447616730877 146 6 4 1.89 1 0.09810795326443694 0.0 0.7233017
true 0.00031057200939392515 1522 6 4 1.89 2 0.09810795326443694 0.0 10.5728449
true 0.00040387205842604135 3997 6 4 1.89 3 0.09810795326443694 0.0 39.1822778
true 0.0004607263085107116 4234 6 4 1.89 4 0.09810795326443694 0.0 53.1195873
true 0.019189106233474473 189 6 5 1.89 1 0.09810795326443694 0.0 0.9635877
true 0.00031664375137625546 1289 6 5 1.89 2 0.09810795326443694 0.0 9.3185104
true 0.20771326167040077 2198 6 5 1.89 3 0.09810795326443694 0.0 22.0973175
true 0.0004014032224413655 5257 6 5 1.89 4 0.09810795326443694 0.0 66.5560746
true 0.17605680901496565 170 6 6 1.89 1 0.09810795326443694 0.0 0.840683
true 0.0002807168056654559 2011 6 6 1.89 2 0.09810795326443694 0.0 14.6742264
true 0.00026216155594522655 6075 6 6 1.89 3 0.09810795326443694 0.0 60.3509072
true 0.00015364794086535535 5666 6 6 1.89 4 0.09810795326443694 0.0 71.8700737
true 0.01976239762166454 138 6 1 1.9 1 0.09717251319796773 0.0 0.6063649
true 0.019549645594773457 398 6 1 1.9 2 0.09717251319796773 0.0 3.2059308
true 0.00017020373406939626 1794 6 1 1.9 3 0.09717251319796773 0.0 17.557876
true 0.00047114812591952937 2689 6 1 1.9 4 0.09717251319796773 0.0 34.8699848
true 0.019664963373074773 163 6 2 1.9 1 0.09717251319796773 0.0 0.765242
true 0.00035668480451275797 937 6 2 1.9 2 0.09717251319796773 0.0 6.6824097
true 0.0004227284792375774 2565 6 2 1.9 3 0.09717251319796773 0.0 26.2867461
true 0.0009221713120332875 5666 6 2 1.9 4 0.09717251319796773 0.0 72.7320373
true 0.01963271110310662 122 6 3 1.9 1 0.09717251319796773 0.0 0.6327975
true 0.0003610538415937392 612 6 3 1.9 2 0.09717251319796773 0.0 4.5754958
true 0.00012680120914502582 1151 6 3 1.9 3 0.09717251319796773 0.0 11.7981042
true 0.0006075024912429172 6027 6 3 1.9 4 0.09717251319796773 0.0 75.9017088
true 0.019217109135896554 209 6 4 1.9 1 0.09717251319796773 0.0 0.9528679
true 0.031001459399194534 1292 6 4 1.9 2 0.09717251319796773 0.0 9.7136465
true 0.022730319713546457 1735 6 4 1.9 3 0.09717251319796773 0.0 18.7201932
true 0.0002609617364962985 3303 6 4 1.9 4 0.09717251319796773 0.0 42.4197463
true 0.01896836810694924 155 6 5 1.9 1 0.09717251319796773 0.0 0.7411668
true 0.0003165195214899774 1497 6 5 1.9 2 0.09717251319796773 0.0 11.1613136
true 0.000352327005844677 3763 6 5 1.9 3 0.09717251319796773 0.0 36.7701523
true 0.0003585721683971088 3699 6 5 1.9 4 0.09717251319796773 0.0 48.7398073
true 0.336030567796701 133 6 6 1.9 1 0.09717251319796773 0.0 0.6807928
true 0.00031655374337853187 716 6 6 1.9 2 0.09717251319796773 0.0 5.4450816
true 0.17303182030905365 2511 6 6 1.9 3 0.09717251319796773 0.0 25.0080668
true 0.0003202821809389171 5534 6 6 1.9 4 0.09717251319796773 0.0 68.8907891
true 0.019527501555850757 104 6 1 1.91 1 0.09625152070246154 0.0 0.4925017
true 0.00037151935041096484 665 6 1 1.91 2 0.09625152070246154 0.0 4.9045178
true 0.0002369153756583975 2376 6 1 1.91 3 0.09625152070246154 0.0 23.3809849
true 0.0003428926480933958 2719 6 1 1.91 4 0.09625152070246154 0.0 33.8522614
true 0.01943303226281362 111 6 2 1.91 1 0.09625152070246154 0.0 0.5358818
true 0.03524246860666197 306 6 2 1.91 2 0.09625152070246154 0.0 2.6964841
true 0.018542493350052675 923 6 2 1.91 3 0.09625152070246154 0.0 9.8687191
true 0.005216257916074385 4108 6 2 1.91 4 0.09625152070246154 0.0 52.2998589
true 0.01940145145158173 187 6 3 1.91 1 0.09625152070246154 0.0 0.9464292
true 0.000352940643958873 934 6 3 1.91 2 0.09625152070246154 0.0 6.7386673
true 0.012440613777495483 1777 6 3 1.91 3 0.09625152070246154 0.0 18.2953231
true 0.001899315771632067 9485 6 3 1.91 4 0.09625152070246154 0.0 117.110218
true 0.25932581061865745 115 6 4 1.91 1 0.09625152070246154 0.0 0.6421249
true 0.00030050032216978606 1232 6 4 1.91 2 0.09625152070246154 0.0 8.8660657
true 0.014143037293282201 1810 6 4 1.91 3 0.09625152070246154 0.0 18.0756362
true 0.00011726052202647164 4630 6 4 1.91 4 0.09625152070246154 0.0 57.710083
true 0.018752360557857707 125 6 5 1.91 1 0.09625152070246154 0.0 0.6593308
true 0.00030763303006915433 1140 6 5 1.91 2 0.09625152070246154 0.0 8.2717466
true 0.00011339922688424764 4047 6 5 1.91 3 0.09625152070246154 0.0 39.6864674
true 0.0004039160923296592 1025 6 5 1.91 4 0.09625152070246154 0.0 15.8116451
true 0.015626272282132692 189 6 6 1.91 1 0.09625152070246154 0.0 0.9129352
true 0.00026187256365282446 3069 6 6 1.91 2 0.09625152070246154 0.0 22.3823121
true 0.00024369098305312975 4316 6 6 1.91 3 0.09625152070246154 0.0 42.2648171
true 0.000244801690291017 6786 6 6 1.91 4 0.09625152070246154 0.0 83.8334277
true 0.019296681392021953 97 6 1 1.92 1 0.09534466505708565 0.0 0.4803194
true 0.01909335324563277 420 6 1 1.92 2 0.09534466505708565 0.0 3.3887844
true 0.0006487659265669299 2174 6 1 1.92 3 0.09534466505708565 0.0 20.923548
true 0.0003264715045544486 5540 6 1 1.92 4 0.09534466505708565 0.0 71.0373133
true 0.019205162063965775 131 6 2 1.92 1 0.09534466505708565 0.0 0.6194459
true 0.0003416934785085146 1783 6 2 1.92 2 0.09534466505708565 0.0 12.7996034
true 0.0003568631140598577 2545 6 2 1.92 3 0.09534466505708565 0.0 24.5206231
true 0.0003666244554926812 3980 6 2 1.92 4 0.09534466505708565 0.0 51.0586821
true 0.33976600727964595 87 6 3 1.92 1 0.09534466505708565 0.0 0.4588226
true 0.00034432666084562485 867 6 3 1.92 2 0.09534466505708565 0.0 6.4452027
true 5.9988266547295055e-5 1422 6 3 1.92 3 0.09534466505708565 0.0 14.5899116
true 9.278211391709294e-5 1006 6 3 1.92 4 0.09534466505708565 0.0 14.6216752
true 0.01877682142202776 209 6 4 1.92 1 0.09534466505708565 0.0 1.0192263
true 0.0003014511448576479 1787 6 4 1.92 2 0.09534466505708565 0.0 12.5802644
true 0.022644068738652573 1679 6 4 1.92 3 0.09534466505708565 0.0 17.7306024
true 0.0018321291575204013 5396 6 4 1.92 4 0.09534466505708565 0.0 68.2712554
true 0.21150507359022877 190 6 5 1.92 1 0.09534466505708565 0.0 0.9629503
true 0.0003008433812562106 1466 6 5 1.92 2 0.09534466505708565 0.0 10.5329445
true 0.003705702338345429 3068 6 5 1.92 3 0.09534466505708565 0.0 30.9296134
true 0.0003999502147085443 4010 6 5 1.92 4 0.09534466505708565 0.0 51.1868394
true 0.015448722352364525 325 6 6 1.92 1 0.09534466505708565 0.0 1.525018
true 0.0002691104331953853 2422 6 6 1.92 2 0.09534466505708565 0.0 17.3629701
true 0.009409187022770216 3292 6 6 1.92 3 0.09534466505708565 0.0 33.7784508
true 0.0004005818014428027 11667 6 6 1.92 4 0.09534466505708565 0.0 146.4531054
true 0.01906996924744636 175 6 1 1.93 1 0.09445164403667455 0.0 0.7844326
true 0.00035507426392156205 1249 6 1 1.93 2 0.09445164403667455 0.0 8.9287202
true 0.00010290092614279045 1526 6 1 1.93 3 0.09445164403667455 0.0 15.0791968
true 0.0001343835556407713 5723 6 1 1.93 4 0.09445164403667455 0.0 68.9949056
true 0.018981106908168677 115 6 2 1.93 1 0.09445164403667455 0.0 0.5480059
true 0.018084931854065456 1033 6 2 1.93 2 0.09445164403667455 0.0 7.4631422
true 6.0851945790890705e-5 3861 6 2 1.93 3 0.09445164403667455 0.0 36.9208885
true 0.02565802709504786 818 6 2 1.93 4 0.09445164403667455 0.0 13.9868386
true 0.3396906417952703 93 6 3 1.93 1 0.09445164403667455 0.0 0.5117568
true 0.0003419936905407761 506 6 3 1.93 2 0.09445164403667455 0.0 3.8081813
true 0.02285822614318485 1347 6 3 1.93 3 0.09445164403667455 0.0 14.2148558
true 5.2440358988474024e-5 6799 6 3 1.93 4 0.09445164403667455 0.0 83.465662
true 0.018562635636132724 145 6 4 1.93 1 0.09445164403667455 0.0 0.739485
true 0.00026564120281505343 620 6 4 1.93 2 0.09445164403667455 0.0 4.8808612
true 0.013878064977646862 1491 6 4 1.93 3 0.09445164403667455 0.0 15.3231368
true 0.0005780431952861625 5100 6 4 1.93 4 0.09445164403667455 0.0 63.1848004
true 0.2107721344776186 204 6 5 1.93 1 0.09445164403667455 0.0 1.0446945
true 0.00029423496838852924 1388 6 5 1.93 2 0.09445164403667455 0.0 9.9919288
true 2.747418756982034e-5 4671 6 5 1.93 3 0.09445164403667455 0.0 45.4585129
true 0.0003588423663638984 3942 6 5 1.93 4 0.09445164403667455 0.0 49.9519726
true 0.01527521021009822 211 6 6 1.93 1 0.09445164403667455 0.0 0.992728
true 0.00023619542838287008 371 6 6 1.93 2 0.09445164403667455 0.0 3.1713305
true 0.009578534757674895 1894 6 6 1.93 3 0.09445164403667455 0.0 19.5287025
true 0.00017203923067526014 9533 6 6 1.93 4 0.09445164403667455 0.0 119.3392829
true 0.018847438554259577 104 6 1 1.94 1 0.09357216363534221 0.0 0.5116096
true 0.0003467517969575895 875 6 1 1.94 2 0.09357216363534221 0.0 6.3338518
true 7.72688001459132e-5 2849 6 1 1.94 3 0.09357216363534221 0.0 27.4298249
true 9.981986217416638e-5 3247 6 1 1.94 4 0.09357216363534221 0.0 40.1178435
true 0.01876123641959679 104 6 2 1.94 1 0.09357216363534221 0.0 0.5332231
true 0.01800799461385258 948 6 2 1.94 2 0.09357216363534221 0.0 7.1303692
true 0.017938859382732986 554 6 2 1.94 3 0.09357216363534221 0.0 6.6905224
true 0.00026038870068167963 2533 6 2 1.94 4 0.09357216363534221 0.0 33.2150984
true 0.018732495511668685 204 6 3 1.94 1 0.09357216363534221 0.0 0.94242
true 0.0003289474577918468 1108 6 3 1.94 2 0.09357216363534221 0.0 8.0392099
true 0.018248777036357338 420 6 3 1.94 3 0.09357216363534221 0.0 5.6804327
true 0.00033758943309826944 3164 6 3 1.94 4 0.09357216363534221 0.0 39.5187498
true 0.018353552109097795 116 6 4 1.94 1 0.09357216363534221 0.0 0.6499952
true 0.00029027478781086524 1092 6 4 1.94 2 0.09357216363534221 0.0 7.6764539
true 0.013678735526270774 1601 6 4 1.94 3 0.09357216363534221 0.0 16.2835276
true 0.0021415077438516894 7599 6 4 1.94 4 0.09357216363534221 0.0 95.7951219
true 0.01812414300305133 192 6 5 1.94 1 0.09357216363534221 0.0 0.9297166
true 0.0002812961688207771 2514 6 5 1.94 2 0.09357216363534221 0.0 18.6146736
true 0.014669903549678098 1188 6 5 1.94 3 0.09357216363534221 0.0 12.6398735
true 0.0002505199706403172 4635 6 5 1.94 4 0.09357216363534221 0.0 59.8935508
true 0.015102759879130068 213 6 6 1.94 1 0.09357216363534221 0.0 1.0520039
true 0.00026376145651318034 2595 6 6 1.94 2 0.09357216363534221 0.0 19.2347258
true 0.00923280351282448 2094 6 6 1.94 3 0.09357216363534221 0.0 21.6530267
true 0.00021891875777704795 7114 6 6 1.94 4 0.09357216363534221 0.0 90.185304
true 0.01862896965987404 104 6 1 1.95 1 0.09270593780019673 0.0 0.4977812
true 0.018446896127747137 493 6 1 1.95 2 0.09270593780019673 0.0 3.9426173
true 0.017141604528433385 881 6 1 1.95 3 0.09270593780019673 0.0 9.377085
true 0.0003182003988591031 3047 6 1 1.95 4 0.09270593780019673 0.0 39.9573885
true 0.01854539583986395 205 6 2 1.95 1 0.09270593780019673 0.0 0.8999679
true 0.03371040799079897 261 6 2 1.95 2 0.09270593780019673 0.0 2.3303517
true 0.0004939888982055385 3764 6 2 1.95 3 0.09270593780019673 0.0 36.1755749
true 0.0001573395300454028 4690 6 2 1.95 4 0.09270593780019673 0.0 56.3572717
true 0.018517583356356282 156 6 3 1.95 1 0.09270593780019673 0.0 0.7549814
true 0.0003224535093952115 1518 6 3 1.95 2 0.09270593780019673 0.0 10.7421787
true 0.0005447325762135876 4160 6 3 1.95 3 0.09270593780019673 0.0 40.1500234
true 0.00012403684795464498 7515 6 3 1.95 4 0.09270593780019673 0.0 91.4998186
true 0.01814454330349316 127 6 4 1.95 1 0.09270593780019673 0.0 0.6492623
true 0.02905903719577388 433 6 4 1.95 2 0.09270593780019673 0.0 3.5096299
true 0.013605816557183056 2263 6 4 1.95 3 0.09270593780019673 0.0 22.7534572
true 0.0004092360881238488 5345 6 4 1.95 4 0.09270593780019673 0.0 66.2567785
true 0.21053690051503193 111 6 5 1.95 1 0.09270593780019673 0.0 0.6126861
true 0.0002787646495899021 2063 6 5 1.95 2 0.09270593780019673 0.0 15.352291
true 0.00038330626749442096 2260 6 5 1.95 3 0.09270593780019673 0.0 22.5506273
true 0.00023347039845753593 7779 6 5 1.95 4 0.09270593780019673 0.0 96.0823992
true 0.014934352257660663 190 6 6 1.95 1 0.09270593780019673 0.0 0.942645
true 0.0002543554118391948 1949 6 6 1.95 2 0.09270593780019673 0.0 13.951238
true 0.00020444085435735357 3335 6 6 1.95 3 0.09270593780019673 0.0 32.3790713
true 0.0001433899932082964 7789 6 6 1.95 4 0.09270593780019673 0.0 94.663973
true 0.018414579730658243 135 6 1 1.96 1 0.09185268817481701 0.0 0.634549
true 0.00033148316600017935 816 6 1 1.96 2 0.09185268817481701 0.0 5.7360694
true 0.0003191242970929653 1421 6 1 1.96 3 0.09185268817481701 0.0 14.0630933
true 0.000177142717129819 3224 6 1 1.96 4 0.09185268817481701 0.0 41.2963763
true 0.018333139174535468 117 6 2 1.96 1 0.09185268817481701 0.0 0.5735025
true 0.02642327925901536 511 6 2 1.96 2 0.09185268817481701 0.0 3.9940169
true 0.0004520974814549439 2288 6 2 1.96 3 0.09185268817481701 0.0 21.8510428
true 0.0003784303370563402 3477 6 2 1.96 4 0.09185268817481701 0.0 43.6785447
true 0.01830598091604622 147 6 3 1.96 1 0.09185268817481701 0.0 0.7716602
true 0.0003146723799423712 1248 6 3 1.96 2 0.09185268817481701 0.0 9.1763539
true 3.5026346352939886e-5 2208 6 3 1.96 3 0.09185268817481701 0.0 20.991436
true 6.462526633851014e-5 963 6 3 1.96 4 0.09185268817481701 0.0 14.2719794
true 0.017942757626889516 211 6 4 1.96 1 0.09185268817481701 0.0 0.9913726
true 0.029537907141664183 909 6 4 1.96 2 0.09185268817481701 0.0 6.8186639
true 0.017729912556519803 1321 6 4 1.96 3 0.09185268817481701 0.0 14.0845563
true 0.0002502005738517221 12029 6 4 1.96 4 0.09185268817481701 0.0 148.0525881
true 0.21098409320485056 145 6 5 1.96 1 0.09185268817481701 0.0 0.7338991
true 0.0002969931805482773 1436 6 5 1.96 2 0.09185268817481701 0.0 10.1880454
true 0.010869495400875184 798 6 5 1.96 3 0.09185268817481701 0.0 9.1621634
true 0.00019150917151263824 4783 6 5 1.96 4 0.09185268817481701 0.0 58.8756167
true 0.17581980894525895 222 6 6 1.96 1 0.09185268817481701 0.0 1.0997393
true 0.0002580432172137881 2108 6 6 1.96 2 0.09185268817481701 0.0 15.099197
true 4.383054050740206e-5 2477 6 6 1.96 3 0.09185268817481701 0.0 25.1180361
true 0.00018804035992246262 6231 6 6 1.96 4 0.09185268817481701 0.0 79.4140686
true 0.018204038610193818 96 6 1 1.97 1 0.09101214385204551 0.0 0.4836053
true 0.0003246590040854036 858 6 1 1.97 2 0.09101214385204551 0.0 6.0229697
true 0.00038798296359016105 1207 6 1 1.97 3 0.09101214385204551 0.0 13.0135255
true 0.0003118399598161514 3569 6 1 1.97 4 0.09101214385204551 0.0 44.3062138
true 0.01812472348024785 103 6 2 1.97 1 0.09101214385204551 0.0 0.5147825
true 0.00030633104086949525 1380 6 2 1.97 2 0.09101214385204551 0.0 10.1759136
true 0.017368693773535088 1163 6 2 1.97 3 0.09101214385204551 0.0 12.2814086
true 0.0002768594283739101 7668 6 2 1.97 4 0.09101214385204551 0.0 94.3193145
true 0.01809836129602353 130 6 3 1.97 1 0.09101214385204551 0.0 0.6290909
true 0.00031058265780958827 1923 6 3 1.97 2 0.09101214385204551 0.0 13.8725289
true 3.7125768092079646e-5 4295 6 3 1.97 3 0.09101214385204551 0.0 41.9800234
true 6.275940306649241e-5 2406 6 3 1.97 4 0.09101214385204551 0.0 32.1515087
true 0.017742087503666015 153 6 4 1.97 1 0.09101214385204551 0.0 0.7589263
true 0.2500994420447586 377 6 4 1.97 2 0.09101214385204551 0.0 3.1311763
true 0.00037094235360041194 4036 6 4 1.97 3 0.09101214385204551 0.0 39.5083263
true 0.0002855367833434763 6373 6 4 1.97 4 0.09101214385204551 0.0 78.4696132
true 0.017527245379630862 164 6 5 1.97 1 0.09101214385204551 0.0 0.8683837
true 0.0002707736712363573 2024 6 5 1.97 2 0.09101214385204551 0.0 14.5537335
true 6.839789832293607e-5 5964 6 5 1.97 3 0.09101214385204551 0.0 57.7676295
true 0.00024054179128365493 5090 6 5 1.97 4 0.09101214385204551 0.0 64.0180003
true 0.014605994461874586 184 6 6 1.97 1 0.09101214385204551 0.0 0.9123682
true 0.00024747159906707283 3032 6 6 1.97 2 0.09101214385204551 0.0 22.3095499
true 0.17328955984694602 2468 6 6 1.97 3 0.09101214385204551 0.0 25.7068088
true 0.00012256253061235234 4860 6 6 1.97 4 0.09101214385204551 0.0 60.9984117
true 0.017996940987612176 110 6 1 1.98 1 0.09018404113577616 0.0 0.5305859
true 0.0003174192049248403 1319 6 1 1.98 2 0.09018404113577616 0.0 9.4710193
true 0.01781274692772239 801 6 1 1.98 3 0.09018404113577616 0.0 8.6794619
true 0.016453066251632176 3068 6 1 1.98 4 0.09018404113577616 0.0 39.5536057
true 0.017920681475386557 190 6 2 1.98 1 0.09018404113577616 0.0 0.8434951
true 0.0002996767195442285 600 6 2 1.98 2 0.09018404113577616 0.0 4.5148786
true 9.9179296022045e-5 2657 6 2 1.98 3 0.09018404113577616 0.0 26.6800534
true 0.0003701408684654295 2779 6 2 1.98 4 0.09018404113577616 0.0 35.0308079
true 0.01789470043164056 108 6 3 1.98 1 0.09018404113577616 0.0 0.5618925
true 0.00030245500821444543 928 6 3 1.98 2 0.09018404113577616 0.0 6.908682
true 0.00037890293689172666 1975 6 3 1.98 3 0.09018404113577616 0.0 19.2447594
true 5.905348198774011e-5 2867 6 3 1.98 4 0.09018404113577616 0.0 37.2965207
true 0.017544834624855163 175 6 4 1.98 1 0.09018404113577616 0.0 0.8829711
true 0.029616945744859874 286 6 4 1.98 2 0.09018404113577616 0.0 2.7367451
true 0.017078647848543807 1232 6 4 1.98 3 0.09018404113577616 0.0 12.8053
true 0.0002234015412646284 8809 6 4 1.98 4 0.09018404113577616 0.0 111.3356327
true 0.017335297403903292 123 6 5 1.98 1 0.09018404113577616 0.0 0.6598992
true 0.20014852016983217 554 6 5 1.98 2 0.09018404113577616 0.0 4.3085374
true 0.2103849831207416 1817 6 5 1.98 3 0.09018404113577616 0.0 18.882529
true 0.0002887679868284865 2790 6 5 1.98 4 0.09018404113577616 0.0 36.0868028
true 0.17516534257419306 224 6 6 1.98 1 0.09018404113577616 0.0 1.0534368
true 0.0002519498039780614 2272 6 6 1.98 2 0.09018404113577616 0.0 16.607465
true 0.002967717954191059 3791 6 6 1.98 3 0.09018404113577616 0.0 38.0551096
true 0.0002797810268246233 4575 6 6 1.98 4 0.09018404113577616 0.0 60.2682867
true 0.017793341517673533 106 6 1 1.99 1 0.08936812331138665 0.0 0.4663778
true 0.000312934278565824 707 6 1 1.99 2 0.08936812331138665 0.0 5.2117695
true 0.0004600203441829098 1507 6 1 1.99 3 0.08936812331138665 0.0 15.8272966
true 0.0002755804903965542 6228 6 1 1.99 4 0.08936812331138665 0.0 76.1962267
true 0.017719066169388842 114 6 2 1.99 1 0.08936812331138665 0.0 0.5795048
true 0.00030634287193168075 514 6 2 1.99 2 0.08936812331138665 0.0 4.1463454
true 0.01706571786938771 883 6 2 1.99 3 0.08936812331138665 0.0 9.5870839
true 0.0007293240233730569 2054 6 2 1.99 4 0.08936812331138665 0.0 26.7741623
true 0.017694502054352523 163 6 3 1.99 1 0.08936812331138665 0.0 0.7834621
true 0.00029549245308996275 1659 6 3 1.99 2 0.08936812331138665 0.0 11.92056
true 5.92133102780279e-5 2896 6 3 1.99 3 0.08936812331138665 0.0 28.1052891
true 0.0002652366710352294 5825 6 3 1.99 4 0.08936812331138665 0.0 72.3908158
true 0.017351746885355637 125 6 4 1.99 1 0.08936812331138665 0.0 0.6440143
true 0.00024149396274625312 482 6 4 1.99 2 0.08936812331138665 0.0 4.0678973
true 3.6850760982351516e-5 5608 6 4 1.99 3 0.08936812331138665 0.0 53.5259009
true 0.0002616976834841356 5156 6 4 1.99 4 0.08936812331138665 0.0 62.3319719
true 0.01714610993992305 125 6 5 1.99 1 0.08936812331138665 0.0 0.633366
true 0.00025681288487574563 1590 6 5 1.99 2 0.08936812331138665 0.0 11.0501135
true 0.010276633401803325 2581 6 5 1.99 3 0.08936812331138665 0.0 26.5599607
true 0.00048274747762037105 9022 6 5 1.99 4 0.08936812331138665 0.0 110.6611963
true 0.17502454783477847 137 6 6 1.99 1 0.08936812331138665 0.0 0.7230934
true 0.00024016848836398244 522 6 6 1.99 2 0.08936812331138665 0.0 4.0903495
true 0.00019293214510708126 5335 6 6 1.99 3 0.08936812331138665 0.0 51.9844382
true 0.0001828827452388937 6026 6 6 1.99 4 0.08936812331138665 0.0 75.0210949
true 0.017593509785447936 130 6 1 2.0 1 0.0885641404244465 0.0 0.611714
true 0.00030364435067137263 334 6 1 2.0 2 0.0885641404244465 0.0 2.6831456
true 0.00029902575515661223 1331 6 1 2.0 3 0.0885641404244465 0.0 13.2973915
true 0.0002906170558846233 1465 6 1 2.0 4 0.0885641404244465 0.0 20.5559516
true 0.01752128712042314 354 6 2 2.0 1 0.0885641404244465 0.0 1.5865802
true 0.0002867886262118424 1797 6 2 2.0 2 0.0885641404244465 0.0 12.7973577
true 0.0002867082564958767 3629 6 2 2.0 3 0.0885641404244465 0.0 36.1818374
true 0.00018647357054393798 1690 6 2 2.0 4 0.0885641404244465 0.0 23.2640312
true 0.01749751192897318 141 6 3 2.0 1 0.0885641404244465 0.0 0.7646966
true 0.00029109971186752626 702 6 3 2.0 2 0.0885641404244465 0.0 4.982078
true 0.00017561172401512706 3532 6 3 2.0 3 0.0885641404244465 0.0 35.535739
true 0.00023891194952476344 5053 6 3 2.0 4 0.0885641404244465 0.0 61.1433517
true 0.017161898830770947 134 6 4 2.0 1 0.0885641404244465 0.0 0.6812282
true 0.0002518199743819921 1433 6 4 2.0 2 0.0885641404244465 0.0 10.2368459
true 0.005491088392392485 1097 6 4 2.0 3 0.0885641404244465 0.0 11.6797644
true 0.0004144593892044246 5087 6 4 2.0 4 0.0885641404244465 0.0 61.2033707
true 0.20992339054053022 231 6 5 2.0 1 0.0885641404244465 0.0 1.1468583
true 0.00025213728139332757 1612 6 5 2.0 2 0.0885641404244465 0.0 11.5115593
true 0.00012850878342662853 2339 6 5 2.0 3 0.0885641404244465 0.0 23.4481495
true 0.0002418706912649782 5175 6 5 2.0 4 0.0885641404244465 0.0 65.0567756
true 0.014134450285746336 139 6 6 2.0 1 0.0885641404244465 0.0 0.7394801
true 0.000240820517132904 2230 6 6 2.0 2 0.0885641404244465 0.0 16.3073064
true 0.00010838408185314304 5124 6 6 2.0 3 0.0885641404244465 0.0 52.5051983
true 0.0005231925667579795 4095 6 6 2.0 4 0.0885641404244465 0.0 52.4388578