g_converged min_loss iter nsites nqubits0 h nlayers SvN m time
true 0.03400098016347136 96 6 1 1.51 1 0.14860607298695988 0.0 0.4745162
true 0.033176806207591836 424 6 1 1.51 2 0.14860607298695988 0.0 3.6239558
true 0.00037237636795522944 1561 6 1 1.51 3 0.14860607298695988 0.0 16.0647223
true 0.0006472069702845307 4773 6 1 1.51 4 0.14860607298695988 0.0 59.579645
true 0.03364327758092614 122 6 2 1.51 1 0.14860607298695988 0.0 0.610749
true 0.031432348914383734 732 6 2 1.51 2 0.14860607298695988 0.0 5.7370383
true 6.252361201547485e-5 4435 6 2 1.51 3 0.14860607298695988 0.0 44.3336216
true 0.016087578960640253 2761 6 2 1.51 4 0.14860607298695988 0.0 35.241427
true 0.03352425293119817 138 6 3 1.51 1 0.14860607298695988 0.0 0.657089
true 0.0009807728322166476 940 6 3 1.51 2 0.14860607298695988 0.0 6.773885
true 0.00014384676114827707 3066 6 3 1.51 3 0.14860607298695988 0.0 30.3616951
true 0.001189863941150134 3782 6 3 1.51 4 0.14860607298695988 0.0 48.2278468
true 0.2657879698325549 146 6 4 1.51 1 0.14860607298695988 0.0 0.7088861
true 0.000797952289211673 1228 6 4 1.51 2 0.14860607298695988 0.0 8.8726215
true 0.0007889755760406708 3596 6 4 1.51 3 0.14860607298695988 0.0 35.2292912
true 0.0002532103973143379 5649 6 4 1.51 4 0.14860607298695988 0.0 68.7214704
true 0.03177489153580543 131 6 5 1.51 1 0.14860607298695988 0.0 0.6807767
true 0.20048401089387716 1723 6 5 1.51 2 0.14860607298695988 0.0 12.8550993
true 0.02512741999950141 2043 6 5 1.51 3 0.14860607298695988 0.0 20.4555642
true 0.00041991944112578227 4544 6 5 1.51 4 0.14860607298695988 0.0 59.3498411
true 0.18342926863055278 344 6 6 1.51 1 0.14860607298695988 0.0 1.7405259
true 0.0007029145924524564 1605 6 6 1.51 2 0.14860607298695988 0.0 11.797694
true 0.0007100344579158702 4974 6 6 1.51 3 0.14860607298695988 0.0 49.0629363
true 0.0006789153361606756 5517 6 6 1.51 4 0.14860607298695988 0.0 68.4190124
true 0.03345572950329151 109 6 1 1.52 1 0.14676781227962965 0.0 0.55665
true 0.0010234147838679153 546 6 1 1.52 2 0.14676781227962965 0.0 4.042333
true 7.297529465305486e-5 2284 6 1 1.52 3 0.14676781227962965 0.0 23.4646893
true 5.4184438188054074e-5 4032 6 1 1.52 4 0.14676781227962965 0.0 49.6433758
true 0.03311063028935213 113 6 2 1.52 1 0.14676781227962965 0.0 0.5811666
true 0.0009384004850399308 748 6 2 1.52 2 0.14676781227962965 0.0 5.8975571
true 0.00015962109912606715 2190 6 2 1.52 3 0.14676781227962965 0.0 21.4783973
true 0.00047541736425554815 2049 6 2 1.52 4 0.14676781227962965 0.0 27.1227989
true 0.03299590702103703 122 6 3 1.52 1 0.14676781227962965 0.0 0.6252798
true 0.000952392489051194 573 6 3 1.52 2 0.14676781227962965 0.0 4.4495562
true 0.0001299566068772203 3041 6 3 1.52 3 0.14676781227962965 0.0 30.0083607
true 0.00015060788792442548 4831 6 3 1.52 4 0.14676781227962965 0.0 61.1954937
true 0.031932536680223916 168 6 4 1.52 1 0.14676781227962965 0.0 0.8495037
true 0.0007727240788512196 1483 6 4 1.52 2 0.14676781227962965 0.0 10.9096445
true 0.0002509561452197634 2654 6 4 1.52 3 0.14676781227962965 0.0 27.1678671
true 0.0008163340043397666 4296 6 4 1.52 4 0.14676781227962965 0.0 53.9107809
true 0.03129426157374349 155 6 5 1.52 1 0.14676781227962965 0.0 0.7969165
true 0.0007749536052671369 884 6 5 1.52 2 0.14676781227962965 0.0 6.6322085
true 0.00022111160853157674 4598 6 5 1.52 3 0.14676781227962965 0.0 46.1306241
true 0.0009193105911325494 7711 6 5 1.52 4 0.14676781227962965 0.0 98.1876703
true 0.18182342997734238 434 6 6 1.52 1 0.14676781227962965 0.0 2.0963267
true 0.0006756509680291752 2131 6 6 1.52 2 0.14676781227962965 0.0 15.6284485
true 0.0007659584955593546 2728 6 6 1.52 3 0.14676781227962965 0.0 27.2841513
true 0.000642941669027212 7551 6 6 1.52 4 0.14676781227962965 0.0 94.5797631
true 0.0329233242348862 147 6 1 1.53 1 0.14496629210198328 0.0 0.6435353
true 0.0009957630674386486 281 6 1 1.53 2 0.14496629210198328 0.0 2.5839285
true 2.105795652290743e-5 1206 6 1 1.53 3 0.14496629210198328 0.0 13.2158279
true 0.00019290325933862817 7543 6 1 1.53 4 0.14496629210198328 0.0 93.4545556
true 0.03259121780797891 122 6 2 1.53 1 0.14496629210198328 0.0 0.612273
true 0.030247810865590835 678 6 2 1.53 2 0.14496629210198328 0.0 5.3955048
true 0.0011923157266741369 4771 6 2 1.53 3 0.14496629210198328 0.0 46.7760024
true 0.0007849848703736506 7149 6 2 1.53 4 0.14496629210198328 0.0 92.0736328
true 0.03248022197983125 261 6 3 1.53 1 0.14496629210198328 0.0 1.3063329
true 0.0009259264154835208 956 6 3 1.53 2 0.14496629210198328 0.0 7.2941894
true 0.0006042752542371188 3271 6 3 1.53 3 0.14496629210198328 0.0 34.1410125
true 0.0009069568598800704 3679 6 3 1.53 4 0.14496629210198328 0.0 46.6900509
true 0.03144641864940996 124 6 4 1.53 1 0.14496629210198328 0.0 0.6511399
true 0.000749707515488876 1258 6 4 1.53 2 0.14496629210198328 0.0 9.0868598
true 0.0010956411319371223 3554 6 4 1.53 3 0.14496629210198328 0.0 35.8113573
true 0.0011793003210320563 5439 6 4 1.53 4 0.14496629210198328 0.0 71.2640357
true 0.21765599226784632 115 6 5 1.53 1 0.14496629210198328 0.0 0.6041527
true 0.0007470437463916845 406 6 5 1.53 2 0.14496629210198328 0.0 3.5347079
true 0.0001590968226330536 1515 6 5 1.53 3 0.14496629210198328 0.0 15.5177635
true 0.0006526295288567074 4445 6 5 1.53 4 0.14496629210198328 0.0 55.9917861
true 0.025688571718628362 203 6 6 1.53 1 0.14496629210198328 0.0 1.00648
true 0.0006545879095970208 1054 6 6 1.53 2 0.14496629210198328 0.0 8.4586042
true 0.00015957479350262963 6378 6 6 1.53 3 0.14496629210198328 0.0 63.3498664
true 0.0005976422384113741 5600 6 6 1.53 4 0.14496629210198328 0.0 72.9134594
true 0.0324042810582888 112 6 1 1.54 1 0.14320052060549301 0.0 0.5518889
true 0.0009653652079062436 491 6 1 1.54 2 0.14320052060549301 0.0 3.8124939
true 0.0002520082539215207 3783 6 1 1.54 3 0.14320052060549301 0.0 37.2216967
true 0.0006678237318711311 3123 6 1 1.54 4 0.14320052060549301 0.0 39.859161
true 0.0320837575242659 124 6 2 1.54 1 0.14320052060549301 0.0 0.6235929
true 0.0008860224885146595 757 6 2 1.54 2 0.14320052060549301 0.0 5.7326524
true 0.00023092135858623908 1749 6 2 1.54 3 0.14320052060549301 0.0 17.3842161
true 0.0009408963438284901 5748 6 2 1.54 4 0.14320052060549301 0.0 71.7015014
true 0.03197714336900539 104 6 3 1.54 1 0.14320052060549301 0.0 0.5546019
true 0.0008991163125259827 683 6 3 1.54 2 0.14320052060549301 0.0 5.0467698
true 0.009645501841957707 2793 6 3 1.54 3 0.14320052060549301 0.0 27.949986
true 0.0006850927966731887 7980 6 3 1.54 4 0.14320052060549301 0.0 97.7275623
true 0.030970708517225762 174 6 4 1.54 1 0.14320052060549301 0.0 0.8298554
true 0.0007269738632811051 1731 6 4 1.54 2 0.14320052060549301 0.0 12.9157925
true 0.0008166112450127688 1887 6 4 1.54 3 0.14320052060549301 0.0 20.501761
true 0.0005689495345727325 2675 6 4 1.54 4 0.14320052060549301 0.0 34.3938761
true 0.030367103077781954 169 6 5 1.54 1 0.14320052060549301 0.0 0.8335115
true 0.0007312636678296847 1372 6 5 1.54 2 0.14320052060549301 0.0 9.9710317
true 0.0006062539514063881 2965 6 5 1.54 3 0.14320052060549301 0.0 31.2021282
true 0.000675950767893374 7897 6 5 1.54 4 0.14320052060549301 0.0 100.1332522
true 0.02530629703187955 242 6 6 1.54 1 0.14320052060549301 0.0 1.207745
true 0.000647847483086772 2270 6 6 1.54 2 0.14320052060549301 0.0 17.6157484
true 0.015546614785470305 2079 6 6 1.54 3 0.14320052060549301 0.0 20.9184185
true 0.0006464393780794461 2596 6 6 1.54 4 0.14320052060549301 0.0 34.3539305
true 0.03189797838423708 119 6 1 1.55 1 0.14146953786835154 0.0 0.5962533
true 0.031172922836254113 987 6 1 1.55 2 0.14146953786835154 0.0 7.4284791
true 0.00045176487138615107 2363 6 1 1.55 3 0.14146953786835154 0.0 23.1085855
true 0.0007550358160269832 3688 6 1 1.55 4 0.14146953786835154 0.0 45.611879
true 0.031588868379308216 109 6 2 1.55 1 0.14146953786835154 0.0 0.5769103
true 0.0008613055072841935 983 6 2 1.55 2 0.14146953786835154 0.0 7.3419648
true 0.00025965918544360034 5861 6 2 1.55 3 0.14146953786835154 0.0 57.7385969
true 0.00015609305051239586 7113 6 2 1.55 4 0.14146953786835154 0.0 86.2945247
true 0.03148577618104228 156 6 3 1.55 1 0.14146953786835154 0.0 0.7396159
true 0.0008736524911251616 530 6 3 1.55 2 0.14146953786835154 0.0 4.2447543
true 0.019757412654359836 2136 6 3 1.55 3 0.14146953786835154 0.0 21.5995515
true 0.00044435428430816826 5653 6 3 1.55 4 0.14146953786835154 0.0 68.7354852
true 0.030506852361131376 154 6 4 1.55 1 0.14146953786835154 0.0 0.7417269
true 0.0007126780219116613 2422 6 4 1.55 2 0.14146953786835154 0.0 18.0033592
true 0.022775063846073182 991 6 4 1.55 3 0.14146953786835154 0.0 11.4190438
true 0.0012410999607816026 2054 6 4 1.55 4 0.14146953786835154 0.0 28.0754539
true 0.029919218570688445 193 6 5 1.55 1 0.14146953786835154 0.0 0.9530529
true 0.0007092944150455139 1397 6 5 1.55 2 0.14146953786835154 0.0 10.5571381
true 0.00029590926048950195 2052 6 5 1.55 3 0.14146953786835154 0.0 20.6704419
true 0.0007637812684238243 5235 6 5 1.55 4 0.14146953786835154 0.0 68.8919352
true 0.02493307755898111 195 6 6 1.55 1 0.14146953786835154 0.0 0.9414575
true 0.0006251315025874449 2034 6 6 1.55 2 0.14146953786835154 0.0 14.8985764
true 0.0014706920789467708 2023 6 6 1.55 3 0.14146953786835154 0.0 20.3795346
true 0.0002716533577117042 4000 6 6 1.55 4 0.14146953786835154 0.0 51.845585
true 0.031403924443285824 104 6 1 1.56 1 0.13977241481340572 0.0 0.5366725
true 0.0009123468610355845 396 6 1 1.56 2 0.13977241481340572 0.0 3.270815
true 0.0002693407128841474 1990 6 1 1.56 3 0.13977241481340572 0.0 20.0032367
true 3.897588399259799e-5 3736 6 1 1.56 4 0.13977241481340572 0.0 47.9213904
true 0.031105496010818967 97 6 2 1.56 1 0.13977241481340572 0.0 0.5166811
true 0.02924415633936353 433 6 2 1.56 2 0.13977241481340572 0.0 3.5972651
true 0.00015482352918649855 6090 6 2 1.56 3 0.13977241481340572 0.0 59.9090451
true 0.0004547700066951377 5540 6 2 1.56 4 0.13977241481340572 0.0 69.7206435
true 0.03100614223776323 123 6 3 1.56 1 0.13977241481340572 0.0 0.6531563
true 0.0008507820401504699 817 6 3 1.56 2 0.13977241481340572 0.0 6.0994646
true 0.00018708630373331925 2223 6 3 1.56 3 0.13977241481340572 0.0 21.5878733
true 0.004982953146042653 8101 6 3 1.56 4 0.13977241481340572 0.0 102.0446142
true 0.030053654837999683 195 6 4 1.56 1 0.13977241481340572 0.0 0.9751162
true 0.25060814170878315 933 6 4 1.56 2 0.13977241481340572 0.0 6.8456418
true 0.0009232353782380603 3210 6 4 1.56 3 0.13977241481340572 0.0 31.4678747
true 0.0005348175069445349 5599 6 4 1.56 4 0.13977241481340572 0.0 69.0367983
true 0.02948222432409827 127 6 5 1.56 1 0.13977241481340572 0.0 0.6318603
true 0.0006987232329822901 1259 6 5 1.56 2 0.13977241481340572 0.0 9.4950665
true 0.00019013294993014407 3717 6 5 1.56 3 0.13977241481340572 0.0 37.9807962
true 0.0002170802553906559 6790 6 5 1.56 4 0.13977241481340572 0.0 86.1982331
true 0.024568832033853554 164 6 6 1.56 1 0.13977241481340572 0.0 0.8475853
true 0.0008621900858226117 452 6 6 1.56 2 0.13977241481340572 0.0 3.8433803
true 0.01995121592773357 1047 6 6 1.56 3 0.13977241481340572 0.0 11.5007146
true 0.0007743203232020898 1586 6 6 1.56 4 0.13977241481340572 0.0 22.6207236
true 0.030921758797579302 101 6 1 1.57 1 0.1381082521562763 0.0 0.5201532
true 0.0008855654801723789 634 6 1 1.57 2 0.1381082521562763 0.0 4.6114581
true 0.0002644737458860069 1850 6 1 1.57 3 0.1381082521562763 0.0 19.0455823
true 0.008769708071662274 8125 6 1 1.57 4 0.1381082521562763 0.0 101.8997142
true 0.030633819170763604 159 6 2 1.57 1 0.1381082521562763 0.0 0.7434237
true 0.0008143674446209614 623 6 2 1.57 2 0.1381082521562763 0.0 4.6677775
true 0.02888633749412478 755 6 2 1.57 3 0.1381082521562763 0.0 8.4152811
true 0.0004667928895747686 975 6 2 1.57 4 0.1381082521562763 0.0 16.0730218
true 0.030537892899849445 140 6 3 1.57 1 0.1381082521562763 0.0 0.6909427
true 0.000844383316813376 833 6 3 1.57 2 0.1381082521562763 0.0 6.173721
true 0.0008040035129645018 4256 6 3 1.57 3 0.1381082521562763 0.0 42.8010891
true 0.010777656839307703 1469 6 3 1.57 4 0.1381082521562763 0.0 20.4565927
true 0.029611030380877826 186 6 4 1.57 1 0.1381082521562763 0.0 0.9266197
true 0.0006692401206048609 1367 6 4 1.57 2 0.1381082521562763 0.0 9.6402475
true 0.00033078470370090374 4468 6 4 1.57 3 0.1381082521562763 0.0 43.6097133
true 0.0007554534632568388 5873 6 4 1.57 4 0.1381082521562763 0.0 73.7219783
true 0.2183229578607703 151 6 5 1.57 1 0.1381082521562763 0.0 0.7710331
true 0.0006810804361318979 1313 6 5 1.57 2 0.1381082521562763 0.0 9.4932941
true 0.0005501169610438895 2507 6 5 1.57 3 0.1381082521562763 0.0 26.2141361
true 0.0005384728849719966 5251 6 5 1.57 4 0.1381082521562763 0.0 66.1462413
true 0.024212786005236426 185 6 6 1.57 1 0.1381082521562763 0.0 0.907015
true 0.0006020728131194512 1240 6 6 1.57 2 0.1381082521562763 0.0 9.4524076
true 0.01497555018720273 2495 6 6 1.57 3 0.1381082521562763 0.0 25.3488439
true 0.0006023050422548359 1617 6 6 1.57 4 0.1381082521562763 0.0 22.3407632
true 0.030450683074960627 98 6 1 1.58 1 0.13647617938387846 0.0 0.5204415
true 0.0008608588412884477 822 6 1 1.58 2 0.13647617938387846 0.0 6.1975807
true 0.02990133382382837 585 6 1 1.58 3 0.13647617938387846 0.0 6.8381517
true 0.001215727591916016 2938 6 1 1.58 4 0.13647617938387846 0.0 37.0379878
true 0.03017295645103396 179 6 2 1.58 1 0.13647617938387846 0.0 0.8211247
true 0.0007922216058575127 610 6 2 1.58 2 0.13647617938387846 0.0 4.5174074
true 0.02815357531139087 662 6 2 1.58 3 0.13647617938387846 0.0 7.65852
true 0.0005184488227893691 3086 6 2 1.58 4 0.13647617938387846 0.0 39.8716265
true 0.3434837120263172 100 6 3 1.58 1 0.13647617938387846 0.0 0.5350691
true 0.0008035744086870578 707 6 3 1.58 2 0.13647617938387846 0.0 5.3184721
true 0.0005406650079802048 5033 6 3 1.58 3 0.13647617938387846 0.0 50.2031045
true 0.00041126245587001325 5313 6 3 1.58 4 0.13647617938387846 0.0 66.1113291
true 0.02917773842092218 175 6 4 1.58 1 0.13647617938387846 0.0 0.856829
true 0.04623443344313781 465 6 4 1.58 2 0.13647617938387846 0.0 3.8391618
true 0.0002822989842229673 3685 6 4 1.58 3 0.13647617938387846 0.0 35.7319134
true 0.0007779142016095392 7188 6 4 1.58 4 0.13647617938387846 0.0 90.8213957
true 0.216677629723553 193 6 5 1.58 1 0.13647617938387846 0.0 0.9363322
true 0.0006540557066397779 1009 6 5 1.58 2 0.13647617938387846 0.0 7.4469598
true 0.00023329018197865148 2441 6 5 1.58 3 0.13647617938387846 0.0 24.3067666
true 0.0006059776653876026 5965 6 5 1.58 4 0.13647617938387846 0.0 74.433349
true 0.18170746744679822 137 6 6 1.58 1 0.13647617938387846 0.0 0.7325617
true 0.000575319394348961 2577 6 6 1.58 2 0.13647617938387846 0.0 18.9639012
true 0.019054097121757613 1506 6 6 1.58 3 0.13647617938387846 0.0 15.6641265
true 0.0005219347839932239 3748 6 6 1.58 4 0.13647617938387846 0.0 46.7483578
true 0.029990819367329835 100 6 1 1.59 1 0.13487535376348045 0.0 0.488544
true 0.0008370702698877186 720 6 1 1.59 2 0.13487535376348045 0.0 5.3437003
true 0.00024225987640402735 4326 6 1 1.59 3 0.13487535376348045 0.0 42.5183824
true 0.0006601195681029126 2274 6 1 1.59 4 0.13487535376348045 0.0 29.1582145
true 0.029723013026482836 101 6 2 1.59 1 0.13487535376348045 0.0 0.5087789
true 0.0007708349553723626 857 6 2 1.59 2 0.13487535376348045 0.0 6.2560657
true 0.026382765561579147 2582 6 2 1.59 3 0.13487535376348045 0.0 26.6240307
true 0.0147322644051813 3882 6 2 1.59 4 0.13487535376348045 0.0 49.5399601
true 0.029633326861646197 153 6 3 1.59 1 0.13487535376348045 0.0 0.7476656
true 0.0007813947650798606 1680 6 3 1.59 2 0.13487535376348045 0.0 12.0698384
true 0.00029254162592251554 1821 6 3 1.59 3 0.13487535376348045 0.0 19.0535302
true 0.00011407839047544721 6389 6 3 1.59 4 0.13487535376348045 0.0 78.6514581
true 0.02875464992393592 170 6 4 1.59 1 0.13487535376348045 0.0 0.8259189
true 0.0006336251068664589 1897 6 4 1.59 2 0.13487535376348045 0.0 13.5294632
true 0.007040697097314405 2676 6 4 1.59 3 0.13487535376348045 0.0 26.9302985
true 0.0004389000162806356 4585 6 4 1.59 4 0.13487535376348045 0.0 56.9585348
true 0.028227077789709242 148 6 5 1.59 1 0.13487535376348045 0.0 0.746431
true 0.0006351219831788213 1422 6 5 1.59 2 0.13487535376348045 0.0 10.3556763
true 0.011605531453246654 3823 6 5 1.59 3 0.13487535376348045 0.0 38.4578574
true 0.000642805296327198 3793 6 5 1.59 4 0.13487535376348045 0.0 47.9081091
true 0.023522587008980116 160 6 6 1.59 1 0.13487535376348045 0.0 0.8011655
true 0.000561763047505992 1723 6 6 1.59 2 0.13487535376348045 0.0 12.9038935
true 0.019084914806220803 1852 6 6 1.59 3 0.13487535376348045 0.0 18.9890593
true 0.000560799562157673 5263 6 6 1.59 4 0.13487535376348045 0.0 64.9615792
true 0.029541619924764118 105 6 1 1.6 1 0.1333049593821452 0.0 0.5137952
true 0.0008157894199096738 1084 6 1 1.6 2 0.1333049593821452 0.0 8.0504537
true 0.00023377173579092192 1083 6 1 1.6 3 0.1333049593821452 0.0 11.6135459
true 0.025722631528125983 1480 6 1 1.6 4 0.1333049593821452 0.0 20.581356
true 0.029282819601290172 112 6 2 1.6 1 0.1333049593821452 0.0 0.5922078
true 0.0007665459358642268 340 6 2 1.6 2 0.1333049593821452 0.0 2.7567452
true 6.97149828695065e-5 4655 6 2 1.6 3 0.1333049593821452 0.0 45.8703242
true 0.00042546240768143173 4645 6 2 1.6 4 0.1333049593821452 0.0 57.723372
true 0.02919718104722328 111 6 3 1.6 1 0.1333049593821452 0.0 0.6161516
true 0.0007612957183843286 1697 6 3 1.6 2 0.1333049593821452 0.0 12.2799555
true 0.0007618230998134856 4648 6 3 1.6 3 0.1333049593821452 0.0 46.1750696
true 0.0007348227952127343 2981 6 3 1.6 4 0.1333049593821452 0.0 38.2397764
true 0.26382963031454215 162 6 4 1.6 1 0.1333049593821452 0.0 0.7798755
true 0.0007397392040120049 1047 6 4 1.6 2 0.1333049593821452 0.0 8.0298682
true 0.0009327377212579591 2686 6 4 1.6 3 0.1333049593821452 0.0 26.6606223
true 0.004166324287865744 2443 6 4 1.6 4 0.1333049593821452 0.0 32.1991737
true 0.21751863870448923 191 6 5 1.6 1 0.1333049593821452 0.0 0.9395416
true 0.0006236349924204187 1454 6 5 1.6 2 0.1333049593821452 0.0 10.3053991
true 0.00012517471239950062 4725 6 5 1.6 3 0.1333049593821452 0.0 47.8268701
true 0.0005887197466292515 3552 6 5 1.6 4 0.1333049593821452 0.0 45.111872
true 0.18126545717089834 208 6 6 1.6 1 0.1333049593821452 0.0 1.0209198
true 0.0005367719624738513 598 6 6 1.6 2 0.1333049593821452 0.0 4.8248067
true 0.000377527829773248 1794 6 6 1.6 3 0.1333049593821452 0.0 18.9450495
true 0.00040006118577335753 7065 6 6 1.6 4 0.1333049593821452 0.0 87.4035885
true 0.029103106060068273 97 6 1 1.61 1 0.13176420621645163 0.0 0.5129992
true 0.0007914253139761351 1216 6 1 1.61 2 0.13176420621645163 0.0 8.9127895
true 0.0002890589551452494 1982 6 1 1.61 3 0.13176420621645163 0.0 19.543736
true 6.059909910205441e-5 4465 6 1 1.61 4 0.13176420621645163 0.0 56.8721968
true 0.028853695302213933 143 6 2 1.61 1 0.13176420621645163 0.0 0.6714048
true 0.02703176974790414 473 6 2 1.61 2 0.13176420621645163 0.0 3.8255055
true 0.0004300691183701244 2186 6 2 1.61 3 0.13176420621645163 0.0 21.382153
true 0.00036143015352876895 4727 6 2 1.61 4 0.13176420621645163 0.0 59.8142813
true 0.028770154683345633 147 6 3 1.61 1 0.13176420621645163 0.0 0.7171228
true 0.0007398781494446505 1136 6 3 1.61 2 0.13176420621645163 0.0 8.3631589
true 0.0005112244806478317 2671 6 3 1.61 3 0.13176420621645163 0.0 26.2622472
true 0.000987250052773873 4461 6 3 1.61 4 0.13176420621645163 0.0 55.1704764
true 0.027935911311810918 222 6 4 1.61 1 0.13176420621645163 0.0 1.0180316
true 0.0006031657079493963 1943 6 4 1.61 2 0.13176420621645163 0.0 14.3595982
true 0.021063568477277375 2016 6 4 1.61 3 0.13176420621645163 0.0 20.6517399
true 0.00042409140112750765 4210 6 4 1.61 4 0.13176420621645163 0.0 52.1898172
true 0.21726191605357337 145 6 5 1.61 1 0.13176420621645163 0.0 0.7252724
true 0.0006079256238641362 1988 6 5 1.61 2 0.13176420621645163 0.0 14.6206433
true 0.0002249912366888873 4466 6 5 1.61 3 0.13176420621645163 0.0 44.8628125
true 0.0005360171329402919 1448 6 5 1.61 4 0.13176420621645163 0.0 20.3547438
true 0.02286322925538642 230 6 6 1.61 1 0.13176420621645163 0.0 1.1022841
true 0.0005324088088672629 1601 6 6 1.61 2 0.13176420621645163 0.0 11.5374193
true 8.503795044817464e-5 5332 6 6 1.61 3 0.13176420621645163 0.0 53.8688176
true 0.0004357242654221549 1122 6 6 1.61 4 0.13176420621645163 0.0 16.5888929
true 0.028674335352935287 103 6 1 1.62 1 0.1302523292320997 0.0 0.5341368
true 0.0007700511888915629 1098 6 1 1.62 2 0.1302523292320997 0.0 8.0849675
true 5.240729587674409e-5 3629 6 1 1.62 3 0.1302523292320997 0.0 35.8444578
true 7.336399827079232e-5 7181 6 1 1.62 4 0.1302523292320997 0.0 92.0446833
true 0.02843303315083015 131 6 2 1.62 1 0.1302523292320997 0.0 0.6290181
true 0.0007104107501983981 900 6 2 1.62 2 0.1302523292320997 0.0 6.4870557
true 0.00031339358228493763 4072 6 2 1.62 3 0.1302523292320997 0.0 40.7356933
true 0.014090499528876504 3721 6 2 1.62 4 0.1302523292320997 0.0 47.2166366
true 0.028352729303377826 130 6 3 1.62 1 0.1302523292320997 0.0 0.6425912
true 0.0007198709920713439 1003 6 3 1.62 2 0.1302523292320997 0.0 7.5215177
true 0.0011385204933429354 1558 6 3 1.62 3 0.1302523292320997 0.0 16.2879038
true 0.000918546479269163 6002 6 3 1.62 4 0.1302523292320997 0.0 73.4682202
true 0.02754027782860463 169 6 4 1.62 1 0.1302523292320997 0.0 0.8368602
true 0.0005849548876790261 1562 6 4 1.62 2 0.1302523292320997 0.0 11.6578411
true 0.0029517361691304284 2892 6 4 1.62 3 0.1302523292320997 0.0 29.4727726
true 0.00039582224112640063 3008 6 4 1.62 4 0.1302523292320997 0.0 37.9356372
true 0.027052905023199535 144 6 5 1.62 1 0.1302523292320997 0.0 0.7531173
true 0.0005871203065866415 1739 6 5 1.62 2 0.1302523292320997 0.0 12.6011607
true 0.00020142864277534757 3661 6 5 1.62 3 0.1302523292320997 0.0 37.1401489
true 0.0002796074503888635 6949 6 5 1.62 4 0.1302523292320997 0.0 86.1238554
true 0.1798141147123972 222 6 6 1.62 1 0.1302523292320997 0.0 1.1815535
true 0.0005118351324103673 2243 6 6 1.62 2 0.1302523292320997 0.0 16.8178763
true 0.00013910502122420806 2683 6 6 1.62 3 0.1302523292320997 0.0 28.2496203
true 0.00044665375301931415 4873 6 6 1.62 4 0.1302523292320997 0.0 63.2015142
true 0.028255411339448755 94 6 1 1.63 1 0.1287685875130133 0.0 0.4678715
true 0.0007514536237211433 526 6 1 1.63 2 0.1287685875130133 0.0 4.0164664
true 9.56671229185857e-5 2687 6 1 1.63 3 0.1287685875130133 0.0 26.6522832
true 1.9370963474096836e-5 4324 6 1 1.63 4 0.1287685875130133 0.0 53.9386553
true 0.028022869954784313 152 6 2 1.63 1 0.1287685875130133 0.0 0.7432856
true 0.0006920964367803373 794 6 2 1.63 2 0.1287685875130133 0.0 5.8597878
true 0.000633698067777716 2615 6 2 1.63 3 0.1287685875130133 0.0 27.0646808
true 0.0003567147813671734 3156 6 2 1.63 4 0.1287685875130133 0.0 39.3983858
true 0.027944624678918322 192 6 3 1.63 1 0.1287685875130133 0.0 0.9080682
true 0.0007009959899315447 2008 6 3 1.63 2 0.1287685875130133 0.0 15.0463709
true 0.0001271923554567548 3288 6 3 1.63 3 0.1287685875130133 0.0 33.1165892
true 0.0003723393270989768 6006 6 3 1.63 4 0.1287685875130133 0.0 74.41765
true 0.02715312791229786 198 6 4 1.63 1 0.1287685875130133 0.0 0.9023032
true 0.0005661190308409725 2658 6 4 1.63 2 0.1287685875130133 0.0 19.028179
true 0.00010950206611716473 1839 6 4 1.63 3 0.1287685875130133 0.0 19.235149
true 0.0008140470994854321 2380 6 4 1.63 4 0.1287685875130133 0.0 31.3014231
true 0.026678712943796902 187 6 5 1.63 1 0.1287685875130133 0.0 0.8966902
true 0.2003500896984558 691 6 5 1.63 2 0.1287685875130133 0.0 5.3130347
true 0.0005046412963191527 5238 6 5 1.63 3 0.1287685875130133 0.0 52.7809872
true 0.0003867202183411078 6940 6 5 1.63 4 0.1287685875130133 0.0 86.8793234
true 0.022232764281008743 213 6 6 1.63 1 0.1287685875130133 0.0 1.1022321
true 0.00063052570831267 691 6 6 1.63 2 0.1287685875130133 0.0 5.4660651
true 0.175205389015887 3287 6 6 1.63 3 0.1287685875130133 0.0 33.889193
true 0.0009421172819820504 7243 6 6 1.63 4 0.1287685875130133 0.0 94.5078577
true 0.027846165536938083 113 6 1 1.64 1 0.12731226341949994 0.0 0.5811508
true 0.027311897497952653 383 6 1 1.64 2 0.12731226341949994 0.0 3.0951389
true 0.0006978168416478803 2338 6 1 1.64 3 0.12731226341949994 0.0 23.4655244
true 0.0008570758400472944 3184 6 1 1.64 4 0.12731226341949994 0.0 39.9401282
true 0.02762102263094582 130 6 2 1.64 1 0.12731226341949994 0.0 0.6226285
true 0.026105621500150916 386 6 2 1.64 2 0.12731226341949994 0.0 3.235871
true 0.025926835834482465 1252 6 2 1.64 3 0.12731226341949994 0.0 13.7991133
true 0.00036450731150114435 3071 6 2 1.64 4 0.12731226341949994 0.0 38.3037949
true 0.02754579770004112 184 6 3 1.64 1 0.12731226341949994 0.0 0.8704029
true 0.000683066367037762 974 6 3 1.64 2 0.12731226341949994 0.0 7.2211715
true 0.0003233038022579608 3951 6 3 1.64 3 0.12731226341949994 0.0 39.5054584
true 0.0008609553464561012 4391 6 3 1.64 4 0.12731226341949994 0.0 55.9249955
true 0.02677554403941146 160 6 4 1.64 1 0.12731226341949994 0.0 0.7627744
true 0.001413592840891903 1041 6 4 1.64 2 0.12731226341949994 0.0 7.785948
true 0.0004395038780205668 7741 6 4 1.64 3 0.12731226341949994 0.0 75.5874663
true 0.00018154838739957435 6171 6 4 1.64 4 0.12731226341949994 0.0 75.485262
true 0.02631220624637376 190 6 5 1.64 1 0.12731226341949994 0.0 0.9178527
true 0.0005761869831393928 1179 6 5 1.64 2 0.12731226341949994 0.0 8.7574246
true 9.628300328359262e-5 4612 6 5 1.64 3 0.12731226341949994 0.0 46.4260613
true 0.0004335856666083826 4327 6 5 1.64 4 0.12731226341949994 0.0 53.8821313
true 0.021927253722727857 217 6 6 1.64 1 0.12731226341949994 0.0 1.0416747
true 0.0004967457438683672 2365 6 6 1.64 2 0.12731226341949994 0.0 17.5707887
true 8.133006536428788e-5 2055 6 6 1.64 3 0.12731226341949994 0.0 20.7864436
true 9.579372922831804e-5 7147 6 6 1.64 4 0.12731226341949994 0.0 87.8234231
true 0.027445802185409096 103 6 1 1.65 1 0.125882661774852 0.0 0.5425151
true 0.0007107645713942956 527 6 1 1.65 2 0.125882661774852 0.0 3.958502
true 0.00013086669459644318 1751 6 1 1.65 3 0.125882661774852 0.0 17.6336112
true 0.00010237948386282447 3465 6 1 1.65 4 0.125882661774852 0.0 43.6141703
true 0.027228528446543526 107 6 2 1.65 1 0.125882661774852 0.0 0.6153286
true 0.0006565517000460541 1816 6 2 1.65 2 0.125882661774852 0.0 14.0210485
true 8.887212620783957e-5 2736 6 2 1.65 3 0.125882661774852 0.0 27.1659084
true 0.012497463709292389 4991 6 2 1.65 4 0.125882661774852 0.0 63.6869044
true 0.02715598501535423 133 6 3 1.65 1 0.125882661774852 0.0 0.6494618
true 0.0006641884817204698 566 6 3 1.65 2 0.125882661774852 0.0 4.2532156
true 0.00010420191646900075 4191 6 3 1.65 3 0.125882661774852 0.0 42.2608619
true 0.0003152248603972933 8360 6 3 1.65 4 0.125882661774852 0.0 105.8601848
true 0.02640406440456071 117 6 4 1.65 1 0.125882661774852 0.0 0.6215119
true 0.0005382985840740456 1464 6 4 1.65 2 0.125882661774852 0.0 10.4497943
true 0.0003123670227452441 4646 6 4 1.65 3 0.125882661774852 0.0 46.3159634
true 0.000287313969066616 4790 6 4 1.65 4 0.125882661774852 0.0 59.7195572
true 0.025953156626741858 157 6 5 1.65 1 0.125882661774852 0.0 0.7881323
true 0.0005380384155215468 318 6 5 1.65 2 0.125882661774852 0.0 2.8298879
true 7.995051082422266e-5 3791 6 5 1.65 3 0.125882661774852 0.0 37.9194995
true 0.00011280895322766105 5086 6 5 1.65 4 0.125882661774852 0.0 66.6458904
true 0.1802447376111075 186 6 6 1.65 1 0.125882661774852 0.0 0.9234185
true 0.00047626548518582096 1507 6 6 1.65 2 0.125882661774852 0.0 11.040833
true 0.00011176819229009409 2203 6 6 1.65 3 0.125882661774852 0.0 23.1041988
true 0.00021348133338177275 7766 6 6 1.65 4 0.125882661774852 0.0 101.6889707
true 0.027054554055612745 91 6 1 1.66 1 0.12447910907986316 0.0 0.4457505
true 0.0006905497291931351 1401 6 1 1.66 2 0.12447910907986316 0.0 10.1774596
true 0.0006310666628220329 1669 6 1 1.66 3 0.12447910907986316 0.0 17.4348208
true 2.7382222008154322e-5 4397 6 1 1.66 4 0.12447910907986316 0.0 55.5728894
true 0.026844254807191464 117 6 2 1.66 1 0.12447910907986316 0.0 0.6082005
true 0.025447887962097404 581 6 2 1.66 2 0.12447910907986316 0.0 4.7091607
true 0.025489350039734043 686 6 2 1.66 3 0.12447910907986316 0.0 8.7460076
true 0.00033632713277204074 6083 6 2 1.66 4 0.12447910907986316 0.0 77.2130807
true 0.026774659403082324 137 6 3 1.66 1 0.12447910907986316 0.0 0.6401593
true 0.0006472731724413058 662 6 3 1.66 2 0.12447910907986316 0.0 5.2521173
true 0.0010312336311906385 2235 6 3 1.66 3 0.12447910907986316 0.0 23.8210184
true 0.0003267704516830931 5719 6 3 1.66 4 0.12447910907986316 0.0 72.1505216
true 0.026041330380333086 240 6 4 1.66 1 0.12447910907986316 0.0 1.1486219
true 0.0005247005329645504 1335 6 4 1.66 2 0.12447910907986316 0.0 9.5169161
true 0.01962909865742804 1682 6 4 1.66 3 0.12447910907986316 0.0 18.6346898
true 0.00047748968042199413 7425 6 4 1.66 4 0.12447910907986316 0.0 94.9454312
true 0.21478082359630885 225 6 5 1.66 1 0.12447910907986316 0.0 1.1436686
true 0.0005357535199086993 1476 6 5 1.66 2 0.12447910907986316 0.0 11.1131142
true 0.013961448977718704 1693 6 5 1.66 3 0.12447910907986316 0.0 18.3376619
true 0.00029879511797534784 4038 6 5 1.66 4 0.12447910907986316 0.0 54.3847384
true 0.18005602417069266 143 6 6 1.66 1 0.12447910907986316 0.0 0.7590389
true 0.00561951802888717 730 6 6 1.66 2 0.12447910907986316 0.0 5.6548877
true 0.000296269350431098 3016 6 6 1.66 3 0.12447910907986316 0.0 31.808188
true 0.1668441802606084 2543 6 6 1.66 4 0.12447910907986316 0.0 36.2644361
true 0.026671756279910253 88 6 1 1.67 1 0.12310095275454412 0.0 0.4642299
true 0.0006724992814177155 933 6 1 1.67 2 0.12310095275454412 0.0 6.9922759
true 0.0006566832320971661 1533 6 1 1.67 3 0.12310095275454412 0.0 15.4350624
true 0.0005673942547154143 2627 6 1 1.67 4 0.12310095275454412 0.0 35.113659
true 0.026468533242090697 133 6 2 1.67 1 0.12310095275454412 0.0 0.7235655
true 0.0006225837379498222 1487 6 2 1.67 2 0.12310095275454412 0.0 10.9570845
true 0.00019843568039457082 1503 6 2 1.67 3 0.12310095275454412 0.0 15.9933595
true 0.0025982503017034364 3133 6 2 1.67 4 0.12310095275454412 0.0 39.1836076
true 0.026401105528322383 185 6 3 1.67 1 0.12310095275454412 0.0 0.8627808
true 0.0006304463479443282 871 6 3 1.67 2 0.12310095275454412 0.0 6.5558342
true 0.00040054262033906163 4362 6 3 1.67 3 0.12310095275454412 0.0 43.7636208
true 0.000313587826857568 6223 6 3 1.67 4 0.12310095275454412 0.0 77.3466866
true 0.025687145439174552 141 6 4 1.67 1 0.12310095275454412 0.0 0.6841267
true 0.0005097219906161354 2041 6 4 1.67 2 0.12310095275454412 0.0 15.3223892
true 0.00010337015081733625 2584 6 4 1.67 3 0.12310095275454412 0.0 27.4278228
true 0.00030534417345141895 2977 6 4 1.67 4 0.12310095275454412 0.0 40.2566442
true 0.025258146149406014 105 6 5 1.67 1 0.12310095275454412 0.0 0.612702
true 0.0005187336560120049 949 6 5 1.67 2 0.12310095275454412 0.0 7.0235014
true 0.0001182730473695659 2024 6 5 1.67 3 0.12310095275454412 0.0 20.806383
true 0.0007210742687349447 4967 6 5 1.67 4 0.12310095275454412 0.0 62.1132725
true 0.17986721196061603 266 6 6 1.67 1 0.12310095275454412 0.0 1.4441421
true 0.00045227575050232893 1708 6 6 1.67 2 0.12310095275454412 0.0 12.4390281
true 8.299288763145378e-5 4899 6 6 1.67 3 0.12310095275454412 0.0 49.0353077
true 0.0004127190855185518 4534 6 6 1.67 4 0.12310095275454412 0.0 58.499658
true 0.02629741785614681 109 6 1 1.68 1 0.12174756040643517 0.0 0.5558482
true 0.0006767734254715108 596 6 1 1.68 2 0.12174756040643517 0.0 4.58735
true 0.0010909523087208606 2236 6 1 1.68 3 0.12174756040643517 0.0 22.0189373
true 0.00021409905248315209 1803 6 1 1.68 4 0.12174756040643517 0.0 23.4159028
true 0.026101262345003956 113 6 2 1.68 1 0.12174756040643517 0.0 0.5691401
true 0.0006063481562111339 2056 6 2 1.68 2 0.12174756040643517 0.0 14.7653998
true 0.02678368047195065 2510 6 2 1.68 3 0.12174756040643517 0.0 25.7541311
true 0.00031798522830550624 2906 6 2 1.68 4 0.12174756040643517 0.0 37.5014711
true 0.026035502873595795 118 6 3 1.68 1 0.12174756040643517 0.0 0.6654599
true 0.0006145437379695603 956 6 3 1.68 2 0.12174756040643517 0.0 7.1669185
true 0.00048304345122066977 2257 6 3 1.68 3 0.12174756040643517 0.0 22.6933485
true 6.570949902138616e-5 2755 6 3 1.68 4 0.12174756040643517 0.0 36.3822437
true 0.2623864538223403 134 6 4 1.68 1 0.12174756040643517 0.0 0.7077348
true 0.0016156012245332613 1419 6 4 1.68 2 0.12174756040643517 0.0 11.3472657
true 0.018879689235707084 2015 6 4 1.68 3 0.12174756040643517 0.0 20.8316736
true 0.000656691257984815 5942 6 4 1.68 4 0.12174756040643517 0.0 73.4610965
true 0.02492107158925231 180 6 5 1.68 1 0.12174756040643517 0.0 0.9139979
true 0.0005031297996518802 1430 6 5 1.68 2 0.12174756040643517 0.0 10.5572353