g_converged min_loss iter nsites nqubits0 h nlayers SvN m time
true 0.03400097283187903 106 6 1 1.51 1 0.14860607298695988 0.0 0.5859556
true 0.0010539818209748253 1254 6 1 1.51 2 0.14860607298695988 0.0 10.6711373
true 0.0009572339708456279 1213 6 1 1.51 3 0.14860607298695988 0.0 14.1896958
true 7.370340071810588e-5 2114 6 1 1.51 4 0.14860607298695988 0.0 31.9653221
true 0.033643677023670326 127 6 2 1.51 1 0.14860607298695988 0.0 0.704413
true 0.03152126270596528 444 6 2 1.51 2 0.14860607298695988 0.0 4.1663676
true 0.0005861561748271016 2314 6 2 1.51 3 0.14860607298695988 0.0 27.4857801
true 0.0006988818520374529 1780 6 2 1.51 4 0.14860607298695988 0.0 27.3232211
true 0.033524145808404605 143 6 3 1.51 1 0.14860607298695988 0.0 0.8064566
true 0.0009804595847241655 1216 6 3 1.51 2 0.14860607298695988 0.0 10.6033499
true 0.00016494604790640022 1629 6 3 1.51 3 0.14860607298695988 0.0 19.3985887
true 0.001379134590319242 5387 6 3 1.51 4 0.14860607298695988 0.0 77.8570593
true 0.03243069164498234 124 6 4 1.51 1 0.14860607298695988 0.0 0.7212237
true 0.0007942040681604978 1738 6 4 1.51 2 0.14860607298695988 0.0 14.7402229
true 0.0005139507037323354 5329 6 4 1.51 3 0.14860607298695988 0.0 62.0810639
true 0.0006486269788435195 6782 6 4 1.51 4 0.14860607298695988 0.0 96.1942366
true 0.031774559473950324 182 6 5 1.51 1 0.14860607298695988 0.0 1.0452461
true 0.0007970000113457498 1586 6 5 1.51 2 0.14860607298695988 0.0 13.3367291
true 0.00048544324368000603 2815 6 5 1.51 3 0.14860607298695988 0.0 32.7768291
true 0.001224023063530999 7038 6 5 1.51 4 0.14860607298695988 0.0 105.8847191
true 0.1820500585054368 260 6 6 1.51 1 0.14860607298695988 0.0 1.5046231
true 0.0006989362182146056 1427 6 6 1.51 2 0.14860607298695988 0.0 12.1652459
true 0.0006288308401729189 4815 6 6 1.51 3 0.14860607298695988 0.0 54.9172134
true 0.0005961692894530987 2555 6 6 1.51 4 0.14860607298695988 0.0 39.9672477
true 0.03345531835387683 101 6 1 1.52 1 0.14676781227962965 0.0 0.6343418
true 0.0010258494517862982 1116 6 1 1.52 2 0.14676781227962965 0.0 9.8462596
true 0.0001178442391839285 2259 6 1 1.52 3 0.14676781227962965 0.0 25.9256965
true 0.0008948825825896289 5327 6 1 1.52 4 0.14676781227962965 0.0 78.7630034
true 0.03311134770385879 171 6 2 1.52 1 0.14676781227962965 0.0 0.9007622
true 0.0009381544631079652 495 6 2 1.52 2 0.14676781227962965 0.0 4.4876434
true 0.001262929603760593 2821 6 2 1.52 3 0.14676781227962965 0.0 32.3174467
true 0.00014359673114666682 3022 6 2 1.52 4 0.14676781227962965 0.0 43.4342415
true 0.0329965772841147 110 6 3 1.52 1 0.14676781227962965 0.0 0.6369419
true 0.0009521778676601275 735 6 3 1.52 2 0.14676781227962965 0.0 6.7182003
true 0.0014172238262075327 4933 6 3 1.52 3 0.14676781227962965 0.0 56.1856401
true 0.0002566322139485229 4248 6 3 1.52 4 0.14676781227962965 0.0 62.0567652
true 0.03193284948298346 146 6 4 1.52 1 0.14676781227962965 0.0 0.8245595
true 0.0007703044142949866 1826 6 4 1.52 2 0.14676781227962965 0.0 15.7424938
true 0.00018063869939720367 6042 6 4 1.52 3 0.14676781227962965 0.0 71.1586659
true 0.0007295339938444001 6228 6 4 1.52 4 0.14676781227962965 0.0 88.5963234
true 0.0312947596143795 136 6 5 1.52 1 0.14676781227962965 0.0 0.7808872
true 0.0007709011920166153 1212 6 5 1.52 2 0.14676781227962965 0.0 10.4857847
true 0.00011099170004618131 1979 6 5 1.52 3 0.14676781227962965 0.0 23.6068788
true 0.0011703616423941576 1784 6 5 1.52 4 0.14676781227962965 0.0 28.907938
true 0.18182492544499293 200 6 6 1.52 1 0.14676781227962965 0.0 1.1606661
true 0.0006861759855954589 1560 6 6 1.52 2 0.14676781227962965 0.0 13.4372895
true 0.02109361552480286 2415 6 6 1.52 3 0.14676781227962965 0.0 28.6450914
true 0.0003814436595649025 13336 6 6 1.52 4 0.14676781227962965 0.0 193.4845233
true 0.032923583437727055 99 6 1 1.53 1 0.14496629210198328 0.0 0.5670766
true 0.0009939459787383087 679 6 1 1.53 2 0.14496629210198328 0.0 5.6961501
true 0.001524274943363657 2499 6 1 1.53 3 0.14496629210198328 0.0 29.6055346
true 0.0005404112143930773 1824 6 1 1.53 4 0.14496629210198328 0.0 27.8058724
true 0.03259144974026171 121 6 2 1.53 1 0.14496629210198328 0.0 0.7022074
true 0.0009121208869470876 941 6 2 1.53 2 0.14496629210198328 0.0 7.768513
true 0.032048241217353474 2614 6 2 1.53 3 0.14496629210198328 0.0 31.4900691
true 8.470524724252249e-5 1519 6 2 1.53 4 0.14496629210198328 0.0 24.095052
true 0.032480149112377364 126 6 3 1.53 1 0.14496629210198328 0.0 0.7960648
true 0.000925035964814506 656 6 3 1.53 2 0.14496629210198328 0.0 5.6338548
true 0.0005341751247207224 2671 6 3 1.53 3 0.14496629210198328 0.0 31.1736887
true 7.578920401146716e-5 6100 6 3 1.53 4 0.14496629210198328 0.0 87.3431409
true 0.03144579454869981 126 6 4 1.53 1 0.14496629210198328 0.0 0.742938
true 0.25027374316391915 1244 6 4 1.53 2 0.14496629210198328 0.0 10.520887
true 0.00015259988548699255 1894 6 4 1.53 3 0.14496629210198328 0.0 22.7102746
true 0.0012083269832911803 2577 6 4 1.53 4 0.14496629210198328 0.0 38.6486182
true 0.030825736934383195 166 6 5 1.53 1 0.14496629210198328 0.0 0.9312863
true 0.20045358349813763 986 6 5 1.53 2 0.14496629210198328 0.0 8.654018
true 0.0001279671501855706 5048 6 5 1.53 3 0.14496629210198328 0.0 59.0234636
true 0.0023310065670165804 7474 6 5 1.53 4 0.14496629210198328 0.0 105.7098404
true 0.18290692773765801 167 6 6 1.53 1 0.14496629210198328 0.0 0.9949165
true 0.0006602582382308672 1708 6 6 1.53 2 0.14496629210198328 0.0 14.5674341
true 0.00019779283510193424 3100 6 6 1.53 3 0.14496629210198328 0.0 36.0513307
true 0.0007926952943503504 8989 6 6 1.53 4 0.14496629210198328 0.0 128.7762135
true 0.03240573939244962 93 6 1 1.54 1 0.14320052060549301 0.0 0.5793664
true 0.0009656060584644632 1064 6 1 1.54 2 0.14320052060549301 0.0 9.2754036
true 0.00035698463140476644 1315 6 1 1.54 3 0.14320052060549301 0.0 15.0773284
true 0.0006724180216949316 3334 6 1 1.54 4 0.14320052060549301 0.0 50.8853917
true 0.0320842758553499 144 6 2 1.54 1 0.14320052060549301 0.0 0.7722421
true 0.0008860526311166572 972 6 2 1.54 2 0.14320052060549301 0.0 8.7081971
true 0.0008355214758526686 4371 6 2 1.54 3 0.14320052060549301 0.0 50.3229979
true 0.0005379308292528251 2345 6 2 1.54 4 0.14320052060549301 0.0 34.9764117
true 0.031977021851512334 194 6 3 1.54 1 0.14320052060549301 0.0 1.0722445
true 0.0008991265178496614 817 6 3 1.54 2 0.14320052060549301 0.0 7.2088045
true 0.00012847707812300527 2435 6 3 1.54 3 0.14320052060549301 0.0 28.7736492
true 0.0007699441413141864 1058 6 3 1.54 4 0.14320052060549301 0.0 18.6824838
true 0.030971206047891997 182 6 4 1.54 1 0.14320052060549301 0.0 1.0539852
true 0.0007986155911850201 378 6 4 1.54 2 0.14320052060549301 0.0 3.7105533
true 0.0007676513172496235 3107 6 4 1.54 3 0.14320052060549301 0.0 36.979192
true 0.0003438493619306038 6006 6 4 1.54 4 0.14320052060549301 0.0 88.0827677
true 0.030367229388488425 158 6 5 1.54 1 0.14320052060549301 0.0 0.9571164
true 0.0007249734506675987 1150 6 5 1.54 2 0.14320052060549301 0.0 10.1580132
true 0.00047500714805743806 1793 6 5 1.54 3 0.14320052060549301 0.0 21.3014352
true 0.001450661994631397 9365 6 5 1.54 4 0.14320052060549301 0.0 138.2951863
true 0.025305897751909612 159 6 6 1.54 1 0.14320052060549301 0.0 0.94048
true 0.00465190200791149 845 6 6 1.54 2 0.14320052060549301 0.0 7.6621894
true 0.1667658501517788 3389 6 6 1.54 3 0.14320052060549301 0.0 39.4659495
true 0.0008673423418020151 5006 6 6 1.54 4 0.14320052060549301 0.0 71.9387013
true 0.03189795454927741 147 6 1 1.55 1 0.14146953786835154 0.0 0.7506482
true 0.0009390763952160652 462 6 1 1.55 2 0.14146953786835154 0.0 4.3138619
true 0.00010903510430915198 4052 6 1 1.55 3 0.14146953786835154 0.0 46.463127
true 0.00012291263566444055 4115 6 1 1.55 4 0.14146953786835154 0.0 58.3722031
true 0.03158898326624868 137 6 2 1.55 1 0.14146953786835154 0.0 0.7605862
true 0.0008619806222756321 776 6 2 1.55 2 0.14146953786835154 0.0 6.5848024
true 5.1854721996175135e-5 4101 6 2 1.55 3 0.14146953786835154 0.0 46.9452118
true 5.043261627526996e-5 2606 6 2 1.55 4 0.14146953786835154 0.0 39.7018486
true 0.031486728465212145 132 6 3 1.55 1 0.14146953786835154 0.0 0.7810766
true 0.0008745155670101442 681 6 3 1.55 2 0.14146953786835154 0.0 5.8170727
true 0.00015963196727490173 6182 6 3 1.55 3 0.14146953786835154 0.0 71.127272
true 0.0004378923070289531 4262 6 3 1.55 4 0.14146953786835154 0.0 61.0226107
true 0.030506810531820028 200 6 4 1.55 1 0.14146953786835154 0.0 1.1514282
true 0.0007077713256718743 2210 6 4 1.55 2 0.14146953786835154 0.0 18.7877747
true 0.0001597548669976384 2469 6 4 1.55 3 0.14146953786835154 0.0 29.1370427
true 0.0009239048597932398 6286 6 4 1.55 4 0.14146953786835154 0.0 89.3676001
true 0.21740762858634746 209 6 5 1.55 1 0.14146953786835154 0.0 1.2803909
true 0.0007170434032299444 1425 6 5 1.55 2 0.14146953786835154 0.0 12.1394027
true 0.023885100837888064 1115 6 5 1.55 3 0.14146953786835154 0.0 15.7110425
true 0.0009993099191964784 4831 6 5 1.55 4 0.14146953786835154 0.0 70.4836199
true 0.024933034757955403 219 6 6 1.55 1 0.14146953786835154 0.0 1.2419562
true 0.00062438191017448 2092 6 6 1.55 2 0.14146953786835154 0.0 17.7435759
true 0.0001141984325090754 1978 6 6 1.55 3 0.14146953786835154 0.0 23.9629613
true 0.0005731277686599664 2852 6 6 1.55 4 0.14146953786835154 0.0 46.0334419
true 0.03140390379711577 103 6 1 1.56 1 0.13977241481340572 0.0 0.6217738
true 0.0009113397300899995 793 6 1 1.56 2 0.13977241481340572 0.0 6.7158437
true 0.00024011624891562278 1023 6 1 1.56 3 0.13977241481340572 0.0 12.152118
true 0.0007036491424605718 3353 6 1 1.56 4 0.13977241481340572 0.0 49.3696721
true 0.031105575141136155 147 6 2 1.56 1 0.13977241481340572 0.0 0.8589229
true 0.000837691927604467 543 6 2 1.56 2 0.13977241481340572 0.0 4.8125421
true 0.00013206330094020502 3773 6 2 1.56 3 0.13977241481340572 0.0 43.7559579
true 0.001436429638463771 3771 6 2 1.56 4 0.13977241481340572 0.0 57.5819632
true 0.031006125627666654 252 6 3 1.56 1 0.13977241481340572 0.0 1.3892446
true 0.0008500323996253519 555 6 3 1.56 2 0.13977241481340572 0.0 4.8211766
true 0.00014848249063165175 1255 6 3 1.56 3 0.13977241481340572 0.0 15.0449124
true 0.00023018888925119274 3907 6 3 1.56 4 0.13977241481340572 0.0 55.4794981
true 0.030053901977762684 192 6 4 1.56 1 0.13977241481340572 0.0 1.1839856
true 0.0006919417311016945 1681 6 4 1.56 2 0.13977241481340572 0.0 14.0764054
true 0.0002738592206517898 4024 6 4 1.56 3 0.13977241481340572 0.0 46.8292174
true 0.00031287623585209146 3155 6 4 1.56 4 0.13977241481340572 0.0 47.123445
true 0.029481596560290813 176 6 5 1.56 1 0.13977241481340572 0.0 1.0314519
true 0.0006926909388822678 1292 6 5 1.56 2 0.13977241481340572 0.0 10.7875852
true 0.00020297390749131062 2731 6 5 1.56 3 0.13977241481340572 0.0 31.5119877
true 0.000900589627188375 4154 6 5 1.56 4 0.13977241481340572 0.0 62.3813226
true 0.18076760836164937 226 6 6 1.56 1 0.13977241481340572 0.0 1.3552317
true 0.0363436261058043 755 6 6 1.56 2 0.13977241481340572 0.0 6.8395924
true 0.004740742853861335 5976 6 6 1.56 3 0.13977241481340572 0.0 69.5524964
true 0.0005507897677988575 8225 6 6 1.56 4 0.13977241481340572 0.0 118.4282177
true 0.03092132876216319 92 6 1 1.57 1 0.1381082521562763 0.0 0.5519356
true 0.0008855810442340295 889 6 1 1.57 2 0.1381082521562763 0.0 7.6980239
true 0.0008280968619308604 1069 6 1 1.57 3 0.1381082521562763 0.0 13.3159843
true 0.0006409353197176504 1863 6 1 1.57 4 0.1381082521562763 0.0 28.5497737
true 0.030633647590175173 111 6 2 1.57 1 0.1381082521562763 0.0 0.6628919
true 0.000814201576885748 980 6 2 1.57 2 0.1381082521562763 0.0 8.1951921
true 0.0011048630736689713 1742 6 2 1.57 3 0.1381082521562763 0.0 20.0758246
true 6.354413463105502e-5 7432 6 2 1.57 4 0.1381082521562763 0.0 104.3440166
true 0.030537843078415672 168 6 3 1.57 1 0.1381082521562763 0.0 0.9462284
true 0.0008261091819649994 1675 6 3 1.57 2 0.1381082521562763 0.0 14.8564193
true 0.0012513083265574543 1306 6 3 1.57 3 0.1381082521562763 0.0 16.3784147
true 0.0007135008340484564 1586 6 3 1.57 4 0.1381082521562763 0.0 25.07013
true 0.26414990104467656 110 6 4 1.57 1 0.1381082521562763 0.0 0.674425
true 0.0014980870255518058 727 6 4 1.57 2 0.1381082521562763 0.0 6.4928014
true 0.00012257786831093576 3836 6 4 1.57 3 0.1381082521562763 0.0 43.8387733
true 0.0006260316243838909 4091 6 4 1.57 4 0.1381082521562763 0.0 60.208601
true 0.40595429802450467 103 6 5 1.57 1 0.1381082521562763 0.0 0.6920296
true 0.0006741003880764151 1614 6 5 1.57 2 0.1381082521562763 0.0 13.9667046
true 0.017696416528169077 2001 6 5 1.57 3 0.1381082521562763 0.0 24.580702
true 0.00040014517344272305 6221 6 5 1.57 4 0.1381082521562763 0.0 91.8297737
true 0.33731488337892546 202 6 6 1.57 1 0.1381082521562763 0.0 1.2084267
true 0.0005880559157263784 1525 6 6 1.57 2 0.1381082521562763 0.0 12.9600776
true 0.0004037226753339969 5121 6 6 1.57 3 0.1381082521562763 0.0 60.5546873
true 0.0003872294400201666 6663 6 6 1.57 4 0.1381082521562763 0.0 95.4957094
true 0.030450594556020116 128 6 1 1.58 1 0.13647617938387846 0.0 0.686159
true 0.05357180912471132 280 6 1 1.58 2 0.13647617938387846 0.0 3.2087036
true 3.218120124426349e-5 2221 6 1 1.58 3 0.13647617938387846 0.0 24.9636189
true 4.15308548473714e-5 3117 6 1 1.58 4 0.13647617938387846 0.0 45.9636609
true 0.030172929223019063 108 6 2 1.58 1 0.13647617938387846 0.0 0.6272979
true 0.02845462732225404 855 6 2 1.58 2 0.13647617938387846 0.0 7.3657742
true 0.02832254944965462 1768 6 2 1.58 3 0.13647617938387846 0.0 21.2260998
true 0.0001901469460268701 8191 6 2 1.58 4 0.13647617938387846 0.0 117.1943684
true 0.030080322617533257 122 6 3 1.58 1 0.13647617938387846 0.0 0.7504601
true 0.0008034748983515305 797 6 3 1.58 2 0.13647617938387846 0.0 7.1297801
true 0.0007368896630396046 3748 6 3 1.58 3 0.13647617938387846 0.0 43.7865615
true 0.004203456017902525 8451 6 3 1.58 4 0.13647617938387846 0.0 123.339254
true 0.02917787059522879 323 6 4 1.58 1 0.13647617938387846 0.0 1.8818433
true 0.0006536024971755539 2246 6 4 1.58 2 0.13647617938387846 0.0 18.6774941
true 0.01687930138717106 4121 6 4 1.58 3 0.13647617938387846 0.0 47.3323636
true 0.0005016636987252021 5661 6 4 1.58 4 0.13647617938387846 0.0 80.9919284
true 0.028636320526587877 155 6 5 1.58 1 0.13647617938387846 0.0 0.9133206
true 0.20038964630314596 1110 6 5 1.58 2 0.13647617938387846 0.0 9.5050663
true 0.00010566211844138529 6316 6 5 1.58 3 0.13647617938387846 0.0 74.6871408
true 0.0011434401175503873 5512 6 5 1.58 4 0.13647617938387846 0.0 79.6025494
true 0.023863241563095005 226 6 6 1.58 1 0.13647617938387846 0.0 1.3573
true 0.0005730670005165787 1101 6 6 1.58 2 0.13647617938387846 0.0 9.2844821
true 0.0004265775620263719 1027 6 6 1.58 3 0.13647617938387846 0.0 13.1006536
true 0.000517071161456023 4012 6 6 1.58 4 0.13647617938387846 0.0 58.549407
true 0.029990744887653353 92 6 1 1.59 1 0.13487535376348045 0.0 0.5811748
true 0.0008368283420923106 618 6 1 1.59 2 0.13487535376348045 0.0 5.3734749
true 0.000773821097181937 1933 6 1 1.59 3 0.13487535376348045 0.0 23.0961833
true 0.0005692106610799552 1349 6 1 1.59 4 0.13487535376348045 0.0 22.9029609
true 0.029722750869999676 107 6 2 1.59 1 0.13487535376348045 0.0 0.6202888
true 0.02792963334716536 598 6 2 1.59 2 0.13487535376348045 0.0 5.1431291
true 0.00010844275100083123 1293 6 2 1.59 3 0.13487535376348045 0.0 15.4465412
true 0.00035842177403042075 3121 6 2 1.59 4 0.13487535376348045 0.0 45.0300971
true 0.02963353412873339 135 6 3 1.59 1 0.13487535376348045 0.0 0.7704259
true 0.0007818967977759975 992 6 3 1.59 2 0.13487535376348045 0.0 8.4598084
true 0.0003032610258074109 2113 6 3 1.59 3 0.13487535376348045 0.0 24.98548
true 0.0003932600931365419 5460 6 3 1.59 4 0.13487535376348045 0.0 78.2188779
true 0.02875437920986243 164 6 4 1.59 1 0.13487535376348045 0.0 0.9479309
true 0.0006331974972035859 1420 6 4 1.59 2 0.13487535376348045 0.0 11.6879362
true 0.021607852599054414 1371 6 4 1.59 3 0.13487535376348045 0.0 16.9982943
true 0.00019815768913125642 3959 6 4 1.59 4 0.13487535376348045 0.0 56.3635673
true 0.02822746128459701 118 6 5 1.59 1 0.13487535376348045 0.0 0.7233818
true 0.0006391327700228766 1144 6 5 1.59 2 0.13487535376348045 0.0 9.7753192
true 0.022743032871275846 1289 6 5 1.59 3 0.13487535376348045 0.0 15.641349
true 0.00024721933440449153 6818 6 5 1.59 4 0.13487535376348045 0.0 97.7696675
true 0.023523007229687126 159 6 6 1.59 1 0.13487535376348045 0.0 0.9296794
true 0.0005640228495742047 2617 6 6 1.59 2 0.13487535376348045 0.0 22.7830594
true 0.019265993085746818 980 6 6 1.59 3 0.13487535376348045 0.0 12.6413237
true 0.0007015523575848078 4886 6 6 1.59 4 0.13487535376348045 0.0 71.4209995
true 0.0295415540890685 108 6 1 1.6 1 0.1333049593821452 0.0 0.6752575
true 0.05216703896688979 233 6 1 1.6 2 0.1333049593821452 0.0 2.5121616
true 0.0002350892663612325 1156 6 1 1.6 3 0.1333049593821452 0.0 14.1262277
true 0.00010362649421746806 2594 6 1 1.6 4 0.1333049593821452 0.0 37.5765501
true 0.029282872738968763 108 6 2 1.6 1 0.1333049593821452 0.0 0.6145123
true 0.0007502841924079129 649 6 2 1.6 2 0.1333049593821452 0.0 5.7709761
true 0.00018269093223527433 3840 6 2 1.6 3 0.1333049593821452 0.0 44.3360824
true 0.000668902503790425 6818 6 2 1.6 4 0.1333049593821452 0.0 97.7305867
true 0.02919657042871628 160 6 3 1.6 1 0.1333049593821452 0.0 0.8409389
true 0.0007600336209211597 577 6 3 1.6 2 0.1333049593821452 0.0 5.1607894
true 0.00013098687217732996 1583 6 3 1.6 3 0.1333049593821452 0.0 18.7793751
true 0.0004586284143762905 4354 6 3 1.6 4 0.1333049593821452 0.0 61.8732064
true 0.028341192055865203 140 6 4 1.6 1 0.1333049593821452 0.0 0.8085531
true 0.0006208317287501042 1867 6 4 1.6 2 0.1333049593821452 0.0 15.6682219
true 0.0008587338948540663 3293 6 4 1.6 3 0.1333049593821452 0.0 37.7701942
true 0.0007344442401058943 10021 6 4 1.6 4 0.1333049593821452 0.0 145.9928999
true 0.02782712709293732 156 6 5 1.6 1 0.1333049593821452 0.0 0.927813
true 0.0006562896514112016 804 6 5 1.6 2 0.1333049593821452 0.0 6.88051
true 0.00043072119692242337 8626 6 5 1.6 3 0.1333049593821452 0.0 100.1857418
true 0.0006296885931183716 6440 6 5 1.6 4 0.1333049593821452 0.0 91.6081962
true 0.18018142190685363 183 6 6 1.6 1 0.1333049593821452 0.0 1.044107
true 0.0005527485767735374 1871 6 6 1.6 2 0.1333049593821452 0.0 15.7747768
true 0.00011484308801679166 1978 6 6 1.6 3 0.1333049593821452 0.0 24.2457189
true 0.0010449895703867618 6965 6 6 1.6 4 0.1333049593821452 0.0 105.4120149
true 0.02910290161611212 133 6 1 1.61 1 0.13176420621645163 0.0 0.7276837
true 0.0007916129019624463 501 6 1 1.61 2 0.13176420621645163 0.0 4.2639103
true 0.00011514206507617919 2175 6 1 1.61 3 0.13176420621645163 0.0 24.4028503
true 7.344341774451202e-5 6441 6 1 1.61 4 0.13176420621645163 0.0 90.8499477
true 0.02885311290111056 179 6 2 1.61 1 0.13176420621645163 0.0 0.9025727
true 0.04996834885459331 368 6 2 1.61 2 0.13176420621645163 0.0 3.4730722
true 0.0004747877543870016 1992 6 2 1.61 3 0.13176420621645163 0.0 22.9243275
true 7.102246480555907e-5 9839 6 2 1.61 4 0.13176420621645163 0.0 141.1302295
true 0.028769730543939387 125 6 3 1.61 1 0.13176420621645163 0.0 0.7723873
true 0.0007403515784577911 1571 6 3 1.61 2 0.13176420621645163 0.0 13.4069922
true 0.00016996046821661967 4013 6 3 1.61 3 0.13176420621645163 0.0 45.7497165
true 0.0005176560048329079 3670 6 3 1.61 4 0.13176420621645163 0.0 54.133226
true 0.02793608076765 209 6 4 1.61 1 0.13176420621645163 0.0 1.2223254
true 0.0006001935773745359 1175 6 4 1.61 2 0.13176420621645163 0.0 9.6074255
true 0.00011772056936429354 2662 6 4 1.61 3 0.13176420621645163 0.0 30.7305757
true 0.00047005813243800043 6365 6 4 1.61 4 0.13176420621645163 0.0 90.9573921
true 0.027435820493826424 232 6 5 1.61 1 0.13176420621645163 0.0 1.3761183
true 0.20029870984901005 939 6 5 1.61 2 0.13176420621645163 0.0 8.1569079
true 0.00031760674120279164 6697 6 5 1.61 3 0.13176420621645163 0.0 76.675421
true 0.0004911950264538834 5073 6 5 1.61 4 0.13176420621645163 0.0 73.3859684
true 0.022863942301171447 250 6 6 1.61 1 0.13176420621645163 0.0 1.4784863
true 0.0005309706071568165 1919 6 6 1.61 2 0.13176420621645163 0.0 16.3107649
true 0.00015466048986180017 3152 6 6 1.61 3 0.13176420621645163 0.0 36.8317022
true 0.0002030330602925956 5632 6 6 1.61 4 0.13176420621645163 0.0 81.9330374
true 0.02867450231562918 110 6 1 1.62 1 0.1302523292320997 0.0 0.6520524
true 0.0007700932670301475 556 6 1 1.62 2 0.1302523292320997 0.0 4.697702
true 2.408080400290169e-5 1983 6 1 1.62 3 0.1302523292320997 0.0 22.9076326
true 0.0006914835233694516 1482 6 1 1.62 4 0.1302523292320997 0.0 24.1530437
true 0.028433179855083035 180 6 2 1.62 1 0.1302523292320997 0.0 0.9342265
true 0.0007106744162679313 656 6 2 1.62 2 0.1302523292320997 0.0 5.5685215
true 0.026516116834578052 794 6 2 1.62 3 0.1302523292320997 0.0 11.065102
true 0.00034176294876356317 7575 6 2 1.62 4 0.1302523292320997 0.0 107.2445873
true 0.02835317096943189 116 6 3 1.62 1 0.1302523292320997 0.0 0.7499615
true 0.000720170486873913 1139 6 3 1.62 2 0.1302523292320997 0.0 9.8470225
true 0.0008673609883420771 3323 6 3 1.62 3 0.1302523292320997 0.0 38.2972498
true 0.0005653696466803951 2927 6 3 1.62 4 0.1302523292320997 0.0 43.6421612
true 0.26320370078222716 129 6 4 1.62 1 0.1302523292320997 0.0 0.7616519
true 0.0005815959201346949 1063 6 4 1.62 2 0.1302523292320997 0.0 9.3941552
true 0.020585715674085334 2727 6 4 1.62 3 0.1302523292320997 0.0 31.5570802
true 0.0006038412223541428 4657 6 4 1.62 4 0.1302523292320997 0.0 67.6156849
true 0.2170117256139899 359 6 5 1.62 1 0.1302523292320997 0.0 2.1389702
true 0.20040947381831115 966 6 5 1.62 2 0.1302523292320997 0.0 8.5502606
true 8.64785652833211e-5 3985 6 5 1.62 3 0.1302523292320997 0.0 46.5605309
true 0.000862297957373237 6057 6 5 1.62 4 0.1302523292320997 0.0 86.0557969
true 0.02254400403798133 169 6 6 1.62 1 0.1302523292320997 0.0 0.9846595
true 0.0005229704532926557 1724 6 6 1.62 2 0.1302523292320997 0.0 14.7094311
true 0.013940654975644748 2473 6 6 1.62 3 0.1302523292320997 0.0 31.9067044
true 0.00012748039136840453 3659 6 6 1.62 4 0.1302523292320997 0.0 56.6411947
true 0.02825553678739512 110 6 1 1.63 1 0.1287685875130133 0.0 0.607766
true 0.05014861374610596 239 6 1 1.63 2 0.1287685875130133 0.0 2.5937204
true 0.0011104731079230046 1620 6 1 1.63 3 0.1287685875130133 0.0 19.8405478
true 0.000678797302332057 4039 6 1 1.63 4 0.1287685875130133 0.0 60.2488291
true 0.028022903727268483 107 6 2 1.63 1 0.1287685875130133 0.0 0.5876569
true 0.0006921239292289327 502 6 2 1.63 2 0.1287685875130133 0.0 4.611414
true 0.0006812761042432058 1271 6 2 1.63 3 0.1287685875130133 0.0 15.1461379
true 0.012905182154829747 4706 6 2 1.63 4 0.1287685875130133 0.0 69.6173104
true 0.027945040462142245 126 6 3 1.63 1 0.1287685875130133 0.0 0.7474044
true 0.0007014305044778143 796 6 3 1.63 2 0.1287685875130133 0.0 6.7673503
true 0.026922863020661898 990 6 3 1.63 3 0.1287685875130133 0.0 12.7748037
true 0.0005397201184354125 5361 6 3 1.63 4 0.1287685875130133 0.0 78.2697037
true 0.02715346273019173 180 6 4 1.63 1 0.1287685875130133 0.0 0.9969706
true 0.0005649518019684024 1370 6 4 1.63 2 0.1287685875130133 0.0 10.8928695
true 0.02024555421347292 2204 6 4 1.63 3 0.1287685875130133 0.0 25.2264508
true 0.00021250558002271214 13554 6 4 1.63 4 0.1287685875130133 0.0 195.9736342
true 0.21537683499599378 195 6 5 1.63 1 0.1287685875130133 0.0 1.1656945
true 0.0005845645644867337 2749 6 5 1.63 2 0.1287685875130133 0.0 23.962339
true 0.0006103085899082039 4622 6 5 1.63 3 0.1287685875130133 0.0 52.9814843
true 0.0005026657034575722 5991 6 5 1.63 4 0.1287685875130133 0.0 87.2390779
true 0.02223587005181754 155 6 6 1.63 1 0.1287685875130133 0.0 0.9242785
true 0.001193959083060812 1080 6 6 1.63 2 0.1287685875130133 0.0 9.499935
true 0.009025355940690752 2938 6 6 1.63 3 0.1287685875130133 0.0 34.0925362
true 0.0005693293895109031 5908 6 6 1.63 4 0.1287685875130133 0.0 85.6137994
true 0.027846009440903152 109 6 1 1.64 1 0.12731226341949994 0.0 0.6210849
true 0.0007290246699942493 813 6 1 1.64 2 0.12731226341949994 0.0 7.1053448
true 0.0002129255553457443 2999 6 1 1.64 3 0.12731226341949994 0.0 34.6915238
true 0.0005261359279379318 2473 6 1 1.64 4 0.12731226341949994 0.0 36.2256694
true 0.027620998621753934 104 6 2 1.64 1 0.12731226341949994 0.0 0.5834291
true 0.0006740098871388378 1192 6 2 1.64 2 0.12731226341949994 0.0 9.9865596
true 0.0003662724987806565 2154 6 2 1.64 3 0.12731226341949994 0.0 24.2370292
true 0.00018836159902368976 5499 6 2 1.64 4 0.12731226341949994 0.0 77.0696552
true 0.027546091154314667 132 6 3 1.64 1 0.12731226341949994 0.0 0.7412197
true 0.0006825065456926294 1693 6 3 1.64 2 0.12731226341949994 0.0 14.143624
true 0.026580270793134613 2029 6 3 1.64 3 0.12731226341949994 0.0 24.0630042
true 0.00023898502744072273 6151 6 3 1.64 4 0.12731226341949994 0.0 91.0330557
true 0.026774786510213783 128 6 4 1.64 1 0.12731226341949994 0.0 0.7402069
true 0.0005641167596887597 1042 6 4 1.64 2 0.12731226341949994 0.0 8.7807148
true 0.01936485821446038 1294 6 4 1.64 3 0.12731226341949994 0.0 16.2234757
true 0.0005921784322873019 5191 6 4 1.64 4 0.12731226341949994 0.0 74.7398746
true 0.026312261985241437 230 6 5 1.64 1 0.12731226341949994 0.0 1.3028649
true 0.000563483831526368 2013 6 5 1.64 2 0.12731226341949994 0.0 17.4092642
true 0.00011221828832327362 2359 6 5 1.64 3 0.12731226341949994 0.0 28.2253822
true 0.000485171970792575 8034 6 5 1.64 4 0.12731226341949994 0.0 116.3535343
true 0.17946115127844373 170 6 6 1.64 1 0.12731226341949994 0.0 1.0306402
true 0.000488083404738493 1324 6 6 1.64 2 0.12731226341949994 0.0 11.2614996
true 0.1749211531644019 3025 6 6 1.64 3 0.12731226341949994 0.0 35.1708345
true 0.0005854602087397853 7042 6 6 1.64 4 0.12731226341949994 0.0 101.1081061
true 0.027445706689910587 102 6 1 1.65 1 0.125882661774852 0.0 0.598638
true 0.000709864833722651 1107 6 1 1.65 2 0.125882661774852 0.0 9.4167159
true 0.00031325518261898777 1875 6 1 1.65 3 0.125882661774852 0.0 21.4885482
true 0.0004149836411313501 2807 6 1 1.65 4 0.125882661774852 0.0 40.4670233
true 0.02722829515252398 168 6 2 1.65 1 0.125882661774852 0.0 0.9173135
true 0.0006559111191441203 1660 6 2 1.65 2 0.125882661774852 0.0 14.0926413
true 0.00042545420828268843 3975 6 2 1.65 3 0.125882661774852 0.0 43.80978
true 5.2137146837355486e-5 7221 6 2 1.65 4 0.125882661774852 0.0 104.3239604
true 0.027155955079928334 198 6 3 1.65 1 0.125882661774852 0.0 1.1231288
true 0.0006642771717301396 701 6 3 1.65 2 0.125882661774852 0.0 6.0602302
true 0.0001225313862547687 1393 6 3 1.65 3 0.125882661774852 0.0 17.0195779
true 0.0004669550894507342 3377 6 3 1.65 4 0.125882661774852 0.0 49.0390017
true 0.026404502459222504 121 6 4 1.65 1 0.125882661774852 0.0 0.7165918
true 0.000535994376970661 803 6 4 1.65 2 0.125882661774852 0.0 6.7547882
true 0.000502996068895617 8967 6 4 1.65 3 0.125882661774852 0.0 101.511262
true 0.0005919041748882192 1523 6 4 1.65 4 0.125882661774852 0.0 25.6920343
true 0.025952738104179373 174 6 5 1.65 1 0.125882661774852 0.0 0.9778101
true 0.000542822039700841 1874 6 5 1.65 2 0.125882661774852 0.0 16.6336401
true 0.021018469843721587 1817 6 5 1.65 3 0.125882661774852 0.0 21.4389514
true 0.00020778426159684393 5701 6 5 1.65 4 0.125882661774852 0.0 84.0356185
true 0.17929225266148538 132 6 6 1.65 1 0.125882661774852 0.0 0.8135255
true 0.0006076603779589518 603 6 6 1.65 2 0.125882661774852 0.0 5.5677764
true 0.00136608721489892 5061 6 6 1.65 3 0.125882661774852 0.0 60.019617
true 0.0005236174128304405 7976 6 6 1.65 4 0.125882661774852 0.0 113.3515507
true 0.0270544595669045 92 6 1 1.66 1 0.12447910907986316 0.0 0.5333393
true 0.0006907755569838803 508 6 1 1.66 2 0.12447910907986316 0.0 4.3728502
true 0.000919335332108695 1828 6 1 1.66 3 0.12447910907986316 0.0 23.0476324
true 0.0005279425103401625 3102 6 1 1.66 4 0.12447910907986316 0.0 46.59973
true 0.02684471588322318 112 6 2 1.66 1 0.12447910907986316 0.0 0.6356323
true 0.0006389653048016197 470 6 2 1.66 2 0.12447910907986316 0.0 4.2010614
true 0.00013713172106941118 565 6 2 1.66 3 0.12447910907986316 0.0 8.1775773
true 0.012192607598945776 3147 6 2 1.66 4 0.12447910907986316 0.0 46.1478329
true 0.026774056296886912 119 6 3 1.66 1 0.12447910907986316 0.0 0.7094077
true 0.0006476696813860575 995 6 3 1.66 2 0.12447910907986316 0.0 8.5138808
true 0.02592044115949223 745 6 3 1.66 3 0.12447910907986316 0.0 9.8707467
true 0.00041921734967007945 1157 6 3 1.66 4 0.12447910907986316 0.0 18.988859
true 0.026041214353038508 261 6 4 1.66 1 0.12447910907986316 0.0 1.4988582
true 0.0005266661874856748 1378 6 4 1.66 2 0.12447910907986316 0.0 11.2564085
true 0.00011609568990871011 1355 6 4 1.66 3 0.12447910907986316 0.0 15.9721196
true 0.0005363680122402043 4998 6 4 1.66 4 0.12447910907986316 0.0 72.8269453
true 0.02560218163446667 158 6 5 1.66 1 0.12447910907986316 0.0 0.9207183
true 0.20032361858101072 1267 6 5 1.66 2 0.12447910907986316 0.0 10.8322444
true 0.00028231703481972347 1559 6 5 1.66 3 0.12447910907986316 0.0 19.0178863
true 0.00042284991423762185 3661 6 5 1.66 4 0.12447910907986316 0.0 53.6189401
true 0.021335138934233527 338 6 6 1.66 1 0.12447910907986316 0.0 1.9215256
true 0.0004716207776255532 2614 6 6 1.66 2 0.12447910907986316 0.0 22.5412364
true 0.0018173423800140847 2584 6 6 1.66 3 0.12447910907986316 0.0 30.5817334
true 0.00045464856996826897 7226 6 6 1.66 4 0.12447910907986316 0.0 103.9420296
true 0.026671771603710592 167 6 1 1.67 1 0.12310095275454412 0.0 0.8914771
true 0.0006726120567457916 2014 6 1 1.67 2 0.12310095275454412 0.0 17.2075744
true 0.0005452262817039477 911 6 1 1.67 3 0.12310095275454412 0.0 11.2730942
true 0.0005448703154499746 2166 6 1 1.67 4 0.12310095275454412 0.0 31.5349493
true 0.026468486355234605 119 6 2 1.67 1 0.12310095275454412 0.0 0.7429227
true 0.0006231031504046192 1405 6 2 1.67 2 0.12310095275454412 0.0 11.7396872
true 0.0006484302072699011 3395 6 2 1.67 3 0.12310095275454412 0.0 39.4365968
true 0.000417746103781258 1664 6 2 1.67 4 0.12310095275454412 0.0 27.9607424
true 0.026400972434704222 209 6 3 1.67 1 0.12310095275454412 0.0 1.2313223
true 0.0006305269086523772 874 6 3 1.67 2 0.12310095275454412 0.0 7.5165272
true 0.0008106816916343037 984 6 3 1.67 3 0.12310095275454412 0.0 12.1125467
true 0.0006053375764711136 6843 6 3 1.67 4 0.12310095275454412 0.0 98.1077915
true 0.025686835124587665 193 6 4 1.67 1 0.12310095275454412 0.0 1.0081307
true 0.0005089374241959294 1345 6 4 1.67 2 0.12310095275454412 0.0 11.2778077
true 0.0011067623728781145 4043 6 4 1.67 3 0.12310095275454412 0.0 46.0586481
true 0.00033770627104788564 2994 6 4 1.67 4 0.12310095275454412 0.0 43.1150234
true 0.215841023584256 113 6 5 1.67 1 0.12310095275454412 0.0 0.7309322
true 0.000515841316115595 1368 6 5 1.67 2 0.12310095275454412 0.0 11.4714787
true 9.270650024376659e-5 1641 6 5 1.67 3 0.12310095275454412 0.0 19.8965108
true 0.000351453752338049 6255 6 5 1.67 4 0.12310095275454412 0.0 93.362712
true 0.33764342859796187 150 6 6 1.67 1 0.12310095275454412 0.0 0.924571
true 0.00046107532035133403 2535 6 6 1.67 2 0.12310095275454412 0.0 21.7123657
true 0.0001624157135822757 3901 6 6 1.67 3 0.12310095275454412 0.0 43.9568601
true 0.0003803551123873483 5327 6 6 1.67 4 0.12310095275454412 0.0 78.6470021
true 0.026297655815192333 99 6 1 1.68 1 0.12174756040643517 0.0 0.5601413
true 0.0006549656780549529 1466 6 1 1.68 2 0.12174756040643517 0.0 11.82162
true 0.0010603784498632307 1758 6 1 1.68 3 0.12174756040643517 0.0 20.6073648
true 0.00046346238014061125 1800 6 1 1.68 4 0.12174756040643517 0.0 26.7100066
true 0.0261016063990179 129 6 2 1.68 1 0.12174756040643517 0.0 0.7080726
true 0.04572971962061992 528 6 2 1.68 2 0.12174756040643517 0.0 4.7427423
true 0.0007996415452893313 744 6 2 1.68 3 0.12174756040643517 0.0 9.5134878
true 0.012697437751575114 3371 6 2 1.68 4 0.12174756040643517 0.0 49.9412142
true 0.026038101441146988 101 6 3 1.68 1 0.12174756040643517 0.0 0.6393886
true 0.0006802750266586092 901 6 3 1.68 2 0.12174756040643517 0.0 8.0060945
true 0.0001045964226772574 2907 6 3 1.68 3 0.12174756040643517 0.0 34.9136636
true 5.0924366479576655e-5 2870 6 3 1.68 4 0.12174756040643517 0.0 41.5248046
true 0.02533965114496195 210 6 4 1.68 1 0.12174756040643517 0.0 1.1561121
true 0.0404636044498253 606 6 4 1.68 2 0.12174756040643517 0.0 5.3790381
true 8.954371335764821e-5 5423 6 4 1.68 3 0.12174756040643517 0.0 61.0294261
true 0.0006289539170481057 2439 6 4 1.68 4 0.12174756040643517 0.0 36.0764856
true 0.02492095158156179 210 6 5 1.68 1 0.12174756040643517 0.0 1.1720084
true 0.0005087842243621688 1422 6 5 1.68 2 0.12174756040643517 0.0 12.0735988
true 7.553515943786726e-5 3572 6 5 1.68 3 0.12174756040643517 0.0 40.7479049
true 0.0006353366760352697 1399 6 5 1.68 4 0.12174756040643517 0.0 23.2556639
true 0.17879922526237316 267 6 6 1.68 1 0.12174756040643517 0.0 1.5431848
true 0.00044145219968241833 2226 6 6 1.68 2 0.12174756040643517 0.0 19.1059626
true 0.00013852289451112462 2888 6 6 1.68 3 0.12174756040643517 0.0 34.721354
true 0.0002621773600849457 6220 6 6 1.68 4 0.12174756040643517 0.0 91.8122485
true 0.025931205489326925 132 6 1 1.69 1 0.12041831912479119 0.0 0.7140971
true 0.0006380800147965937 599 6 1 1.69 2 0.12041831912479119 0.0 5.1172037
true 0.00018840055550739532 2908 6 1 1.69 3 0.12041831912479119 0.0 35.8389921
true 0.000214938374062279 4628 6 1 1.69 4 0.12041831912479119 0.0 68.8822977
true 0.025742118637017836 133 6 2 1.69 1 0.12041831912479119 0.0 0.7219426
true 0.024281573872304396 552 6 2 1.69 2 0.12041831912479119 0.0 5.1067755
true 0.024901350037744963 546 6 2 1.69 3 0.12041831912479119 0.0 7.7718483
true 0.0004465438862215898 5115 6 2 1.69 4 0.12041831912479119 0.0 73.4531856
true 0.02567812707440803 178 6 3 1.69 1 0.12041831912479119 0.0 1.027944
true 0.0005998726141162777 334 6 3 1.69 2 0.12041831912479119 0.0 3.3720588
true 0.0005099211988229638 2476 6 3 1.69 3 0.12041831912479119 0.0 28.5716616
true 0.0001642925088719364 6492 6 3 1.69 4 0.12041831912479119 0.0 93.444037
true 0.024998476148479595 119 6 4 1.69 1 0.12041831912479119 0.0 0.7280939
true 0.00048756618827418274 1540 6 4 1.69 2 0.12041831912479119 0.0 13.3320468
true 0.00011994608003956797 3072 6 4 1.69 3 0.12041831912479119 0.0 35.3596167
true 0.00010567053228555112 4958 6 4 1.69 4 0.12041831912479119 0.0 72.2807084
true 0.2143702710445245 137 6 5 1.69 1 0.12041831912479119 0.0 0.816438
true 0.0004998931918213767 1664 6 5 1.69 2 0.12041831912479119 0.0 14.4756229
true 7.126053907375862e-5 5944 6 5 1.69 3 0.12041831912479119 0.0 72.6191744
true 0.000788330492014755 4799 6 5 1.69 4 0.12041831912479119 0.0 79.6233895
true 0.020492521000554726 175 6 6 1.69 1 0.12041831912479119 0.0 1.1352408
true 0.005307401076021613 937 6 6 1.69 2 0.12041831912479119 0.0 9.4934957
true 0.00010414085689955388 7340 6 6 1.69 3 0.12041831912479119 0.0 96.0482427
true 0.0004894664148580955 4608 6 6 1.69 4 0.12041831912479119 0.0 76.8071217
true 0.025573102178987728 102 6 1 1.7 1 0.11911263479990587 0.0 0.6897484
true 0.0006213759787941919 544 6 1 1.7 2 0.11911263479990587 0.0 5.3813492
true 0.0010463983908182706 1464 6 1 1.7 3 0.11911263479990587 0.0 20.6506878
true 0.0005178099290556459 1112 6 1 1.7 4 0.11911263479990587 0.0 20.8203027
true 0.025389131749933402 190 6 2 1.7 1 0.11911263479990587 0.0 1.0981882
true 0.0005769505436652722 1414 6 2 1.7 2 0.11911263479990587 0.0 13.6514473
true 0.0005635242740879842 1862 6 2 1.7 3 0.11911263479990587 0.0 24.8385891
true 9.766755225418255e-5 2782 6 2 1.7 4 0.11911263479990587 0.0 46.0468849
true 0.02532837345738718 119 6 3 1.7 1 0.11911263479990587 0.0 0.8340667
true 0.0005861182984520837 338 6 3 1.7 2 0.11911263479990587 0.0 3.8541559
true 8.664072940361978e-5 4005 6 3 1.7 3 0.11911263479990587 0.0 52.2360281
true 0.0006636400319004846 4478 6 3 1.7 4 0.11911263479990587 0.0 72.73716
true 0.26206236064554134 219 6 4 1.7 1 0.11911263479990587 0.0 1.3954839
true 0.0004747005176924529 1479 6 4 1.7 2 0.11911263479990587 0.0 14.1720616
true 0.00011331300463887639 2536 6 4 1.7 3 0.11911263479990587 0.0 32.5431346
true 0.0034431790848427485 3325 6 4 1.7 4 0.11911263479990587 0.0 55.3115671
true 0.2151973262756517 140 6 5 1.7 1 0.11911263479990587 0.0 0.9643901
true 0.000475883015470302 1230 6 5 1.7 2 0.11911263479990587 0.0 11.9051722
true 0.00020059206771952943 1973 6 5 1.7 3 0.11911263479990587 0.0 26.7251068
true 0.00040986815524192145 4433 6 5 1.7 4 0.11911263479990587 0.0 77.2618965
true 0.02022289153950893 203 6 6 1.7 1 0.11911263479990587 0.0 1.4678962
true 0.004532416667067912 1105 6 6 1.7 2 0.11911263479990587 0.0 11.3066989
true 0.000228091722564161 3541 6 6 1.7 3 0.11911263479990587 0.0 45.4946147
true 0.0003970552725164704 2080 6 6 1.7 4 0.11911263479990587 0.0 36.5870838
true 0.02522255569132431 106 6 1 1.71 1 0.11782993146688864 0.0 0.6713509
true 0.0006089074904489511 1044 6 1 1.71 2 0.11782993146688864 0.0 10.0902918
true 0.00015876105580620026 2834 6 1 1.71 3 0.11782993146688864 0.0 36.6256624
true 7.514158131011195e-5 2938 6 1 1.71 4 0.11782993146688864 0.0 48.0984748
true 0.025045195314277346 126 6 2 1.71 1 0.11782993146688864 0.0 0.8025341
true 0.0005637352318157152 889 6 2 1.71 2 0.11782993146688864 0.0 8.7467048
true 0.00011164267200713951 1242 6 2 1.71 3 0.11782993146688864 0.0 17.6183475
true 0.0004549167067023352 4034 6 2 1.71 4 0.11782993146688864 0.0 67.8857602
true 0.3417407844365094 129 6 3 1.71 1 0.11782993146688864 0.0 0.8709957
true 0.0005692103862426542 1182 6 3 1.71 2 0.11782993146688864 0.0 11.1373016
true 0.00011406687881112172 2382 6 3 1.71 3 0.11782993146688864 0.0 30.4751578
true 0.0006642867949551526 992 6 3 1.71 4 0.11782993146688864 0.0 19.4875637
true 0.02433911277072602 132 6 4 1.71 1 0.11782993146688864 0.0 0.8997248
true 0.000460495245065487 2560 6 4 1.71 2 0.11782993146688864 0.0 24.3949201
true 0.0006737431992431958 1091 6 4 1.71 3 0.11782993146688864 0.0 16.3164534
true 0.00031782324257677297 6201 6 4 1.71 4 0.11782993146688864 0.0 101.5783671
true 0.2138618516639888 178 6 5 1.71 1 0.11782993146688864 0.0 1.3069922
true 0.00046949311899922017 1217 6 5 1.71 2 0.11782993146688864 0.0 11.412757
true 0.0005066095622319633 2543 6 5 1.71 3 0.11782993146688864 0.0 33.7511365
true 0.0004966695584535219 5502 6 5 1.71 4 0.11782993146688864 0.0 94.676782
true 0.019959543071705072 242 6 6 1.71 1 0.11782993146688864 0.0 1.5792568
true 0.00041841296741335077 1231 6 6 1.71 2 0.11782993146688864 0.0 12.4568828
true 0.0002969297747803061 2866 6 6 1.71 3 0.11782993146688864 0.0 38.6584499
true 0.00010561027849442794 4819 6 6 1.71 4 0.11782993146688864 0.0 78.9725059
true 0.02487919249317705 104 6 1 1.72 1 0.11656965067313527 0.0 0.7031261
true 0.0005897225915666993 602 6 1 1.72 2 0.11656965067313527 0.0 5.946605
true 0.022408234300142604 1638 6 1 1.72 3 0.11656965067313527 0.0 21.4584092
true 0.00047747648549245625 2600 6 1 1.72 4 0.11656965067313527 0.0 44.533197
true 0.02470729464671137 123 6 2 1.72 1 0.11656965067313527 0.0 0.7872797
true 0.000547726187545422 796 6 2 1.72 2 0.11656965067313527 0.0 8.0225421
true 0.0002417345326629905 5985 6 2 1.72 3 0.11656965067313527 0.0 76.8001218
true 0.0002545521103673454 2524 6 2 1.72 4 0.11656965067313527 0.0 42.4983864
true 0.024649865412215033 138 6 3 1.72 1 0.11656965067313527 0.0 0.8654697
true 0.0005553034716598478 1773 6 3 1.72 2 0.11656965067313527 0.0 17.6256034
true 0.00010619265664379984 2681 6 3 1.72 3 0.11656965067313527 0.0 35.6517281
true 0.0007031299923992799 1902 6 3 1.72 4 0.11656965067313527 0.0 33.6766793
true 0.024018982470805472 137 6 4 1.72 1 0.11656965067313527 0.0 1.013628
true 0.00045526641408669133 1708 6 4 1.72 2 0.11656965067313527 0.0 16.9768055
true 0.00015678559590140417 3599 6 4 1.72 3 0.11656965067313527 0.0 46.9266105
true 0.0005805447500161348 6285 6 4 1.72 4 0.11656965067313527 0.0 102.3688411
true 0.023640328583202773 193 6 5 1.72 1 0.11656965067313527 0.0 1.4387004
true 0.0004583604619440296 1423 6 5 1.72 2 0.11656965067313527 0.0 13.661852
true 0.02333049419519546 1077 6 5 1.72 3 0.11656965067313527 0.0 16.7169186
true 0.00047528756949670735 3621 6 5 1.72 4 0.11656965067313527 0.0 60.9925894
true 0.019700557055870333 418 6 6 1.72 1 0.11656965067313527 0.0 2.656915
true 0.0004101971954252141 1831 6 6 1.72 2 0.11656965067313527 0.0 17.6732011
true 0.012077147153536907 2886 6 6 1.72 3 0.11656965067313527 0.0 40.2909773
true 0.00042672795120141105 4265 6 6 1.72 4 0.11656965067313527 0.0 72.0886535
true 0.024543299018140896 106 6 1 1.73 1 0.11533125086878497 0.0 0.6606567
true 0.0005749562791694807 401 6 1 1.73 2 0.11533125086878497 0.0 4.1216584
true 0.0005476150169822502 2815 6 1 1.73 3 0.11533125086878497 0.0 37.8130417
true 0.0005372773841030298 1735 6 1 1.73 4 0.11533125086878497 0.0 32.4798967
true 0.024376688869260005 216 6 2 1.73 1 0.11533125086878497 0.0 1.3453293
true 0.0005344966084502856 1184 6 2 1.73 2 0.11533125086878497 0.0 11.4781306
true 0.00031560961825954914 1026 6 2 1.73 3 0.11533125086878497 0.0 14.6236726
true 0.011991533225876566 2755 6 2 1.73 4 0.11533125086878497 0.0 48.2939166
true 0.34151450388444315 132 6 3 1.73 1 0.11533125086878497 0.0 0.8215007
true 0.0005407809141819708 776 6 3 1.73 2 0.11533125086878497 0.0 7.3896622
true 0.00024102428819045008 3064 6 3 1.73 3 0.11533125086878497 0.0 40.7659243
true 0.00024083530297663858 5396 6 3 1.73 4 0.11533125086878497 0.0 86.921935
true 0.023705656378902526 127 6 4 1.73 1 0.11533125086878497 0.0 0.8792607
true 0.00043983236223546496 1711 6 4 1.73 2 0.11533125086878497 0.0 16.2440365
true 0.0006695637263526288 3530 6 4 1.73 3 0.11533125086878497 0.0 46.1351321
true 0.0003806830302232195 999 6 4 1.73 4 0.11533125086878497 0.0 20.370782
true 0.0233363493166586 140 6 5 1.73 1 0.11533125086878497 0.0 0.9565746
true 0.0004789060616182228 295 6 5 1.73 2 0.11533125086878497 0.0 3.5828568
true 0.00019183831705676946 4460 6 5 1.73 3 0.11533125086878497 0.0 58.6007837
true 0.0002674918898467382 4843 6 5 1.73 4 0.11533125086878497 0.0 80.6587535
true 0.17882818792817004 183 6 6 1.73 1 0.11533125086878497 0.0 1.2228703
true 0.000421276066003932 1794 6 6 1.73 2 0.11533125086878497 0.0 17.2293168
true 0.00017427129070870148 4932 6 6 1.73 3 0.11533125086878497 0.0 65.5947428
true 0.16688156324038886 4094 6 6 1.73 4 0.11533125086878497 0.0 68.3265375
true 0.024214284497804384 93 6 1 1.74 1 0.11411420681941019 0.0 0.622318
true 0.02280704863883931 279 6 1 1.74 2 0.11411420681941019 0.0 3.2670309
true 0.023847120021936896 616 6 1 1.74 3 0.11411420681941019 0.0 10.0927581
true 6.276341325306412e-5 3327 6 1 1.74 4 0.11411420681941019 0.0 54.1469816
true 0.02405315443964981 132 6 2 1.74 1 0.11411420681941019 0.0 0.9061488
true 0.000521404294092781 519 6 2 1.74 2 0.11411420681941019 0.0 5.1474671
true 0.00034573405647761457 3333 6 2 1.74 3 0.11411420681941019 0.0 43.7000942
true 0.0003094386846367314 5135 6 2 1.74 4 0.11411420681941019 0.0 84.8595367
true 0.02399958237790467 159 6 3 1.74 1 0.11411420681941019 0.0 1.0219491
true 0.0005272542833220836 671 6 3 1.74 2 0.11411420681941019 0.0 6.6508709
true 0.0002157316081628687 1523 6 3 1.74 3 0.11411420681941019 0.0 20.7765812
true 0.0007723861921639837 3814 6 3 1.74 4 0.11411420681941019 0.0 64.6007579
true 0.023398508281694888 240 6 4 1.74 1 0.11411420681941019 0.0 1.5342506
true 0.00043106191190973864 1761 6 4 1.74 2 0.11411420681941019 0.0 17.4337176
true 0.005402703732777417 2491 6 4 1.74 3 0.11411420681941019 0.0 33.1274074
true 0.0003402202115709019 4559 6 4 1.74 4 0.11411420681941019 0.0 76.8819359
true 0.4047146514443017 101 6 5 1.74 1 0.11411420681941019 0.0 0.74651
true 0.0004382880644782872 1295 6 5 1.74 2 0.11411420681941019 0.0 12.3588865
true 0.0006464703714176067 4170 6 5 1.74 3 0.11411420681941019 0.0 54.2781395
true 0.0004698383953839813 4186 6 5 1.74 4 0.11411420681941019 0.0 71.6351918
true 0.01919832630614557 233 6 6 1.74 1 0.11411420681941019 0.0 1.5614544
true 0.00037923374976496965 2098 6 6 1.74 2 0.11411420681941019 0.0 20.8202418
true 0.0001103331908927178 2989 6 6 1.74 3 0.11411420681941019 0.0 39.6217878
true 0.0003013035117792144 10014 6 6 1.74 4 0.11411420681941019 0.0 166.7775154
true 0.023891960845394578 90 6 1 1.75 1 0.11291800904022412 0.0 0.6177174
true 0.0005466268718897771 1510 6 1 1.75 2 0.11291800904022412 0.0 14.7669174
true 0.00014009916659080135 1086 6 1 1.75 3 0.11291800904022412 0.0 15.1257639
true 0.0005378419779038524 1558 6 1 1.75 4 0.11291800904022412 0.0 27.4736939
true 0.023736389786263107 127 6 2 1.75 1 0.11291800904022412 0.0 0.7687885
true 0.0005088991189076963 1657 6 2 1.75 2 0.11291800904022412 0.0 15.9886268
true 0.022514968820985887 1754 6 2 1.75 3 0.11291800904022412 0.0 23.3412713
true 0.00029746191154167434 3592 6 2 1.75 4 0.11291800904022412 0.0 59.922156
true 0.023684164196465556 108 6 3 1.75 1 0.11291800904022412 0.0 0.7151595
true 0.0005158679666940983 666 6 3 1.75 2 0.11291800904022412 0.0 6.6758931
true 0.0076226644262068115 2009 6 3 1.75 3 0.11291800904022412 0.0 27.1314693
true 0.0006529567007543813 5894 6 3 1.75 4 0.11291800904022412 0.0 98.1047567
true 0.023097558152765166 198 6 4 1.75 1 0.11291800904022412 0.0 1.2863903
true 0.00042257650224099275 1800 6 4 1.75 2 0.11291800904022412 0.0 17.5725113
true 0.017296890007638316 1495 6 4 1.75 3 0.11291800904022412 0.0 20.2587828
true 0.002923808291607183 3910 6 4 1.75 4 0.11291800904022412 0.0 66.5725367
true 0.21331338303393393 152 6 5 1.75 1 0.11291800904022412 0.0 1.0219645
true 0.0004354645830189297 1863 6 5 1.75 2 0.11291800904022412 0.0 18.2975395
true 0.0002676599066098628 5600 6 5 1.75 3 0.11291800904022412 0.0 73.5229017
true 0.0003866341069542978 4120 6 5 1.75 4 0.11291800904022412 0.0 68.6084517
true 0.01895490447836956 312 6 6 1.75 1 0.11291800904022412 0.0 1.9970694
true 0.0003976370969893672 2349 6 6 1.75 2 0.11291800904022412 0.0 22.7374207
true 6.564093072002526e-5 5401 6 6 1.75 3 0.11291800904022412 0.0 71.2846872
true 0.00017561525731845293 5712 6 6 1.75 4 0.11291800904022412 0.0 95.2724681
true 0.023576499181311827 116 6 1 1.76 1 0.1117421632510926 0.0 0.7292588
true 0.000532771535437071 761 6 1 1.76 2 0.1117421632510926 0.0 7.2650909
true 5.515143403683753e-5 2032 6 1 1.76 3 0.1117421632510926 0.0 26.0337484
true 4.578282246764376e-5 1311 6 1 1.76 4 0.1117421632510926 0.0 23.3637081
true 0.023425856854904697 106 6 2 1.76 1 0.1117421632510926 0.0 0.7197514
true 0.0004973518363394769 935 6 2 1.76 2 0.1117421632510926 0.0 9.1209262
true 0.0007077761263316051 2348 6 2 1.76 3 0.1117421632510926 0.0 30.6177287
true 8.199929886726354e-5 10196 6 2 1.76 4 0.1117421632510926 0.0 166.2096296
true 0.023376047994846143 199 6 3 1.76 1 0.1117421632510926 0.0 1.2493302
true 0.0005021644812437757 1173 6 3 1.76 2 0.1117421632510926 0.0 11.4019835
true 0.0002808114337424228 3108 6 3 1.76 3 0.1117421632510926 0.0 41.3989769
true 3.6190015192671954e-5 6052 6 3 1.76 4 0.1117421632510926 0.0 102.4406833
true 0.26116516177591537 176 6 4 1.76 1 0.1117421632510926 0.0 1.1580884
true 0.0004509866563016107 671 6 4 1.76 2 0.1117421632510926 0.0 6.8738299
true 0.0006231434028959731 2071 6 4 1.76 3 0.1117421632510926 0.0 27.5469214
true 0.0006595152588443204 8170 6 4 1.76 4 0.1117421632510926 0.0 132.9868058
true 0.02245878119954574 198 6 5 1.76 1 0.1117421632510926 0.0 1.352531
true 0.00043335781845699195 1060 6 5 1.76 2 0.1117421632510926 0.0 10.5873489
true 7.75112585594373e-5 3099 6 5 1.76 3 0.1117421632510926 0.0 40.3527383
true 0.0005531535209213678 5207 6 5 1.76 4 0.1117421632510926 0.0 85.6009
true 0.01871576112283595 248 6 6 1.76 1 0.1117421632510926 0.0 1.6234174
true 0.00036770426764988023 2009 6 6 1.76 2 0.1117421632510926 0.0 19.5038268
true 0.004117902078182634 3407 6 6 1.76 3 0.1117421632510926 0.0 47.5100283
true 0.00040171289135202776 7341 6 6 1.76 4 0.1117421632510926 0.0 123.2343859
true 0.02326722087902733 116 6 1 1.77 1 0.11058618985163844 0.0 0.7259592
true 0.0005194735566056985 676 6 1 1.77 2 0.11058618985163844 0.0 6.7267615
true 0.00048678536136437245 3439 6 1 1.77 3 0.11058618985163844 0.0 46.8830768
true 0.00042154445198178125 2071 6 1 1.77 4 0.11058618985163844 0.0 39.1548996
true 0.023121797743407557 266 6 2 1.77 1 0.11058618985163844 0.0 1.7275602
true 0.00048369612287454955 1025 6 2 1.77 2 0.11058618985163844 0.0 9.9426113
true 0.00018147056386988436 4622 6 2 1.77 3 0.11058618985163844 0.0 60.6711977
true 0.00030606189307327836 4436 6 2 1.77 4 0.11058618985163844 0.0 73.5932525
true 0.023072649625326364 122 6 3 1.77 1 0.11058618985163844 0.0 0.8124695
true 0.0004911396174500093 609 6 3 1.77 2 0.11058618985163844 0.0 6.0799897
true 7.021462724550916e-5 3414 6 3 1.77 3 0.11058618985163844 0.0 45.6545127
true 0.0003605772053128879 7204 6 3 1.77 4 0.11058618985163844 0.0 114.9526067
true 0.022513451777032567 141 6 4 1.77 1 0.11058618985163844 0.0 0.9285016
true 0.035702224064576654 965 6 4 1.77 2 0.11058618985163844 0.0 9.6909048
true 0.00010030783994376125 2170 6 4 1.77 3 0.11058618985163844 0.0 28.2941723
true 0.0003431733702758122 4145 6 4 1.77 4 0.11058618985163844 0.0 67.7079758
true 0.02217865159933251 193 6 5 1.77 1 0.11058618985163844 0.0 1.2351179
true 0.0004200163074096541 1451 6 5 1.77 2 0.11058618985163844 0.0 13.8367894
true 0.00012310487429755267 8164 6 5 1.77 3 0.11058618985163844 0.0 107.2754698
true 0.00029554674106706534 6822 6 5 1.77 4 0.11058618985163844 0.0 116.8732293
true 0.17749036270662402 153 6 6 1.77 1 0.11058618985163844 0.0 1.0748104
true 0.0003630250960788191 2295 6 6 1.77 2 0.11058618985163844 0.0 22.2855007
true 0.000313950401602379 1607 6 6 1.77 3 0.11058618985163844 0.0 22.4659357
true 0.0006511506931915582 3877 6 6 1.77 4 0.11058618985163844 0.0 64.4691584
true 0.022965115107016987 105 6 1 1.78 1 0.10944962341575272 0.0 0.6819885
true 0.0005081606955172346 757 6 1 1.78 2 0.10944962341575272 0.0 7.3571534
true 0.00044089156632820536 1719 6 1 1.78 3 0.10944962341575272 0.0 23.7576082
true 0.002186633585101627 9081 6 1 1.78 4 0.10944962341575272 0.0 150.9693807
true 0.022823560543672877 126 6 2 1.78 1 0.10944962341575272 0.0 0.8313742
true 0.00047240871408102403 540 6 2 1.78 2 0.10944962341575272 0.0 5.3936303
true 0.00019913619077260858 4655 6 2 1.78 3 0.10944962341575272 0.0 59.601771
true 0.011311794386356933 1298 6 2 1.78 4 0.10944962341575272 0.0 26.2876718
true 0.02277610863830859 111 6 3 1.78 1 0.10944962341575272 0.0 0.7674295
true 0.0004779694885639711 1783 6 3 1.78 2 0.10944962341575272 0.0 17.2749869
true 0.0007153671773337256 1783 6 3 1.78 3 0.10944962341575272 0.0 23.3009655
true 0.0006378882127162089 3196 6 3 1.78 4 0.10944962341575272 0.0 52.6079034
true 0.2607477328902051 107 6 4 1.78 1 0.10944962341575272 0.0 0.7778249
true 0.03387674758667969 1050 6 4 1.78 2 0.10944962341575272 0.0 10.8407605
true 6.623124656227053e-5 4277 6 4 1.78 3 0.10944962341575272 0.0 55.0642762
true 0.00013714712208265367 4638 6 4 1.78 4 0.10944962341575272 0.0 74.1272612
true 0.021902304776835024 199 6 5 1.78 1 0.10944962341575272 0.0 1.4107007
true 0.00041126965704015863 1304 6 5 1.78 2 0.10944962341575272 0.0 12.3410268
true 0.00021262722124588685 4265 6 5 1.78 3 0.10944962341575272 0.0 55.774074
true 0.00042770563940288666 8169 6 5 1.78 4 0.10944962341575272 0.0 136.9007023
true 0.1772637636393095 176 6 6 1.78 1 0.10944962341575272 0.0 1.1870358
true 0.0005378966990860767 1016 6 6 1.78 2 0.10944962341575272 0.0 10.3785934
true 0.0006285088419679674 801 6 6 1.78 3 0.10944962341575272 0.0 12.6078774
true 0.00030277074512049157 7193 6 6 1.78 4 0.10944962341575272 0.0 117.5765742
true 0.02266800784067391 140 6 1 1.79 1 0.10833201220480698 0.0 0.8179689
true 0.022329750692157313 635 6 1 1.79 2 0.10833201220480698 0.0 6.4920606
true 0.0005548245712531652 824 6 1 1.79 3 0.10833201220480698 0.0 11.7905928
true 0.00029081989092649696 2820 6 1 1.79 4 0.10833201220480698 0.0 46.8317066
true 0.02253120258534061 128 6 2 1.79 1 0.10833201220480698 0.0 0.7900453
true 0.0004611994951915499 585 6 2 1.79 2 0.10833201220480698 0.0 6.0999182
true 0.02113423178585047 1123 6 2 1.79 3 0.10833201220480698 0.0 15.3499335
true 0.0004373999484084401 8693 6 2 1.79 4 0.10833201220480698 0.0 140.8463507
true 0.3408900537912995 151 6 3 1.79 1 0.10833201220480698 0.0 0.9406803
true 0.00046562956852475024 1323 6 3 1.79 2 0.10833201220480698 0.0 13.3802005
true 0.0006349872863837444 3205 6 3 1.79 3 0.10833201220480698 0.0 41.222485
true 0.00010299094043939953 3368 6 3 1.79 4 0.10833201220480698 0.0 56.3223014
true 0.021951951960572466 161 6 4 1.79 1 0.10833201220480698 0.0 1.036582
true 0.0003826270656988734 949 6 4 1.79 2 0.10833201220480698 0.0 9.3572498
true 0.00010630577986546486 4410 6 4 1.79 3 0.10833201220480698 0.0 57.8033503
true 0.0005289161630540884 6619 6 4 1.79 4 0.10833201220480698 0.0 108.6790733
true 0.02163195778893472 158 6 5 1.79 1 0.10833201220480698 0.0 1.0310399
true 0.00038725265289658585 1720 6 5 1.79 2 0.10833201220480698 0.0 15.9872384
true 0.00011973648895028389 2851 6 5 1.79 3 0.10833201220480698 0.0 38.3286967
true 0.0001809916034693826 10767 6 5 1.79 4 0.10833201220480698 0.0 174.5522348
true 0.17722865508696017 181 6 6 1.79 1 0.10833201220480698 0.0 1.2075561
true 0.00034508392684862166 1604 6 6 1.79 2 0.10833201220480698 0.0 15.760191
true 0.014504664970523237 1068 6 6 1.79 3 0.10833201220480698 0.0 15.440087
true 0.00041300747258235515 5258 6 6 1.79 4 0.10833201220480698 0.0 86.5332471
true 0.022377019534925713 110 6 1 1.8 1 0.10723291769893503 0.0 0.7538371
true 0.0004822592032390216 1444 6 1 1.8 2 0.10723291769893503 0.0 13.457207
true 0.0008789339929583528 1020 6 1 1.8 3 0.10723291769893503 0.0 14.2960532
true 0.00015469967000386609 4610 6 1 1.8 4 0.10723291769893503 0.0 75.6137781
true 0.02224461122994545 141 6 2 1.8 1 0.10723291769893503 0.0 0.8729229
true 0.00045054369415326034 825 6 2 1.8 2 0.10723291769893503 0.0 7.7864994
true 2.687362552561412e-5 2886 6 2 1.8 3 0.10723291769893503 0.0 38.4551754
true 0.00022084320467410934 9909 6 2 1.8 4 0.10723291769893503 0.0 158.0926535
true 0.022200096170039058 117 6 3 1.8 1 0.10723291769893503 0.0 0.8020703
true 0.00045565415606574344 1162 6 3 1.8 2 0.10723291769893503 0.0 11.2778754
true 0.0004137991071835693 1973 6 3 1.8 3 0.10723291769893503 0.0 26.3862757
true 0.00033179175673231365 6165 6 3 1.8 4 0.10723291769893503 0.0 102.6551012
true 0.2606233946909484 177 6 4 1.8 1 0.10723291769893503 0.0 1.1745273
true 0.00039975119179803953 836 6 4 1.8 2 0.10723291769893503 0.0 7.9547917
true 0.0004736858006731126 566 6 4 1.8 3 0.10723291769893503 0.0 9.4185169
true 0.00013358768606774873 3559 6 4 1.8 4 0.10723291769893503 0.0 60.516493
true 0.21252172618934456 114 6 5 1.8 1 0.10723291769893503 0.0 0.8316907
true 0.00039202884586330143 1269 6 5 1.8 2 0.10723291769893503 0.0 12.4597839
true 4.305829208056666e-5 2966 6 5 1.8 3 0.10723291769893503 0.0 40.8751453
true 0.0006469443738480907 2947 6 5 1.8 4 0.10723291769893503 0.0 49.4485849
true 0.01780647522633221 229 6 6 1.8 1 0.10723291769893503 0.0 1.4936953
true 0.02671828615434717 617 6 6 1.8 2 0.10723291769893503 0.0 6.5676484
true 0.010999119060749324 2881 6 6 1.8 3 0.10723291769893503 0.0 39.2952626
true 0.0006613787667625973 5783 6 6 1.8 4 0.10723291769893503 0.0 96.6707027
true 0.022092067901446577 106 6 1 1.81 1 0.10615191414570589 0.0 0.7048035
true 0.0004707754621639526 384 6 1 1.81 2 0.10615191414570589 0.0 3.9621082
true 0.0004160777072571009 1634 6 1 1.81 3 0.10615191414570589 0.0 21.4287416
true 0.0002597877813917404 5757 6 1 1.81 4 0.10615191414570589 0.0 95.6966803
true 0.021963424555685895 138 6 2 1.81 1 0.10615191414570589 0.0 0.8742439
true 0.00043956403444633807 981 6 2 1.81 2 0.10615191414570589 0.0 9.4231357
true 0.00013347195657670285 3772 6 2 1.81 3 0.10615191414570589 0.0 49.422931
true 0.010314164179843294 3787 6 2 1.81 4 0.10615191414570589 0.0 62.380048
true 0.02192064407631794 138 6 3 1.81 1 0.10615191414570589 0.0 0.9005952
true 0.0004446294943939814 1590 6 3 1.81 2 0.10615191414570589 0.0 15.0666001
true 0.02134399634190039 681 6 3 1.81 3 0.10615191414570589 0.0 8.7949224
true 0.0004245489791442532 4201 6 3 1.81 4 0.10615191414570589 0.0 53.7180859
true 0.021411888531653114 169 6 4 1.81 1 0.10615191414570589 0.0 0.8427532
true 0.0003732700159821689 1514 6 4 1.81 2 0.10615191414570589 0.0 11.1526729
true 0.00017822981217240075 7224 6 4 1.81 3 0.10615191414570589 0.0 73.1760448
true 0.000309465616784535 1920 6 4 1.81 4 0.10615191414570589 0.0 27.048519
true 0.212269203371644 153 6 5 1.81 1 0.10615191414570589 0.0 0.7795723
true 0.00037549744366948133 1807 6 5 1.81 2 0.10615191414570589 0.0 13.7782225
true 0.00033669766682443704 3988 6 5 1.81 3 0.10615191414570589 0.0 40.3326255
true 0.00039249472451746703 7285 6 5 1.81 4 0.10615191414570589 0.0 93.0844725
true 0.017588720470099156 148 6 6 1.81 1 0.10615191414570589 0.0 0.7987213
true 0.00033004702048581674 1452 6 6 1.81 2 0.10615191414570589 0.0 10.9077292
true 0.010744126923095917 3701 6 6 1.81 3 0.10615191414570589 0.0 37.0551707
true 0.00045590902649187787 7459 6 6 1.81 4 0.10615191414570589 0.0 94.7273937
true 0.021812972858271884 109 6 1 1.82 1 0.10508858812552895 0.0 0.5659304
true 0.00045948550485691575 1202 6 1 1.82 2 0.10508858812552895 0.0 8.9360549
true 0.00036640311931002145 2253 6 1 1.82 3 0.10508858812552895 0.0 22.751183
true 0.0004287325815705567 3981 6 1 1.82 4 0.10508858812552895 0.0 50.6853649
true 0.021688163378037528 146 6 2 1.82 1 0.10508858812552895 0.0 0.7374278
true 0.00043099959348036343 1148 6 2 1.82 2 0.10508858812552895 0.0 8.2985282
true 0.0001717240161685507 2069 6 2 1.82 3 0.10508858812552895 0.0 21.2240985
true 0.0022685220246647653 3419 6 2 1.82 4 0.10508858812552895 0.0 44.5384305
true 0.021646781401875797 124 6 3 1.82 1 0.10508858812552895 0.0 0.6735782
true 0.00043417565537762215 830 6 3 1.82 2 0.10508858812552895 0.0 6.4050313
true 0.021037738628663354 928 6 3 1.82 3 0.10508858812552895 0.0 10.6097609
true 0.000290799037510688 7099 6 3 1.82 4 0.10508858812552895 0.0 89.2385445
true 0.2602427794224299 116 6 4 1.82 1 0.10508858812552895 0.0 0.6347441
true 0.034287905295038154 781 6 4 1.82 2 0.10508858812552895 0.0 6.0204654
true 6.755544130579438e-5 2001 6 4 1.82 3 0.10508858812552895 0.0 21.3876623
true 0.0006857517864877621 1910 6 4 1.82 4 0.10508858812552895 0.0 27.3744286
true 0.2122253643323254 122 6 5 1.82 1 0.10508858812552895 0.0 0.6579975
true 0.00036507784426440535 2140 6 5 1.82 2 0.10508858812552895 0.0 16.3544362
true 0.00013501310300603197 2882 6 5 1.82 3 0.10508858812552895 0.0 30.6233219
true 0.0009728677895905258 913 6 5 1.82 4 0.10508858812552895 0.0 14.6552695
true 0.1768569442454916 210 6 6 1.82 1 0.10508858812552895 0.0 1.1606706
true 0.16681808437822723 1230 6 6 1.82 2 0.10508858812552895 0.0 9.6364672
true 0.17336912474347166 3965 6 6 1.82 3 0.10508858812552895 0.0 41.2090568
true 0.0004823362825821335 3260 6 6 1.82 4 0.10508858812552895 0.0 43.609971
true 0.021538772863299194 108 6 1 1.83 1 0.1040425381333935 0.0 0.5824862
true 0.0004485468998423059 1381 6 1 1.83 2 0.1040425381333935 0.0 10.1129064
true 0.0004385663211018409 3608 6 1 1.83 3 0.1040425381333935 0.0 36.9480915
true 0.0003642226785874336 1922 6 1 1.83 4 0.1040425381333935 0.0 27.0613129
true 0.021418378020604617 133 6 2 1.83 1 0.1040425381333935 0.0 0.6852412
true 0.0004190976097391552 1182 6 2 1.83 2 0.1040425381333935 0.0 8.9010919
true 0.009879488547837989 2899 6 2 1.83 3 0.1040425381333935 0.0 30.7055827
true 0.000205205733360303 2987 6 2 1.83 4 0.1040425381333935 0.0 37.689712
true 0.02137819613965299 120 6 3 1.83 1 0.1040425381333935 0.0 0.6063949
true 0.0004236006474783542 904 6 3 1.83 2 0.1040425381333935 0.0 6.7674423
true 0.000809223741808455 1988 6 3 1.83 3 0.1040425381333935 0.0 21.1876932
true 0.0004285152385177238 4927 6 3 1.83 4 0.1040425381333935 0.0 62.9194653
true 0.020891731384195603 134 6 4 1.83 1 0.1040425381333935 0.0 0.669059
true 0.0003567753018579589 715 6 4 1.83 2 0.1040425381333935 0.0 5.4889561
true 0.0003229235050482421 4202 6 4 1.83 3 0.1040425381333935 0.0 43.5694193
true 0.0003537641245840162 4227 6 4 1.83 4 0.1040425381333935 0.0 57.3794652
true 0.21282712708626295 147 6 5 1.83 1 0.1040425381333935 0.0 0.8172999
true 0.000357443918697431 1242 6 5 1.83 2 0.1040425381333935 0.0 9.1861913
true 9.551399652620862e-5 2508 6 5 1.83 3 0.1040425381333935 0.0 25.514444
true 0.0002812942777725258 5754 6 5 1.83 4 0.1040425381333935 0.0 72.0787768
true 0.1766536535168952 222 6 6 1.83 1 0.1040425381333935 0.0 1.1925254
true 0.16684631590184565 1173 6 6 1.83 2 0.1040425381333935 0.0 8.8498077
true 0.00042332236007885937 1056 6 6 1.83 3 0.1040425381333935 0.0 11.7524407
true 0.00018424034623340524 3624 6 6 1.83 4 0.1040425381333935 0.0 48.2134369
true 0.3691602332746913 82 6 1 1.84 1 0.10301337417579307 0.0 0.4405081
true 0.020979886702622963 692 6 1 1.84 2 0.10301337417579307 0.0 5.5590534
true 1.5382199883451353e-5 5133 6 1 1.84 3 0.10301337417579307 0.0 50.8910689
true 0.000542836436353944 4892 6 1 1.84 4 0.10301337417579307 0.0 62.4886025
true 0.02115335242379901 127 6 2 1.84 1 0.10301337417579307 0.0 0.6665069
true 0.00040936990372994475 932 6 2 1.84 2 0.10301337417579307 0.0 7.0971323
true 0.0006818568035046602 1777 6 2 1.84 3 0.10301337417579307 0.0 17.6000831
true 0.0003864858754871747 6901 6 2 1.84 4 0.10301337417579307 0.0 88.8811948
true 0.021113933956351822 187 6 3 1.84 1 0.10301337417579307 0.0 0.9105788
true 0.00041375184605259757 1356 6 3 1.84 2 0.10301337417579307 0.0 9.7144663
true 0.0006059185303252482 3173 6 3 1.84 3 0.10301337417579307 0.0 32.9098094
true 0.0005337474902248895 3917 6 3 1.84 4 0.10301337417579307 0.0 49.8610156
true 0.02063894838278027 137 6 4 1.84 1 0.10301337417579307 0.0 0.7085482
true 0.00035235051706203335 2127 6 4 1.84 2 0.10301337417579307 0.0 15.5840631
true 9.543217809969418e-5 756 6 4 1.84 3 0.10301337417579307 0.0 8.8682058
true 0.000438808159149498 8260 6 4 1.84 4 0.10301337417579307 0.0 103.939974
true 0.020353550768874563 194 6 5 1.84 1 0.10301337417579307 0.0 0.9678264
true 0.004383181684020077 546 6 5 1.84 2 0.10301337417579307 0.0 4.5765658
true 4.263956442474015e-5 3482 6 5 1.84 3 0.10301337417579307 0.0 35.9687587
true 0.00028564070868678513 4912 6 5 1.84 4 0.10301337417579307 0.0 63.8209582
true 0.0169616894425955 273 6 6 1.84 1 0.10301337417579307 0.0 1.3304355
true 0.00031388215148069515 2206 6 6 1.84 2 0.10301337417579307 0.0 16.383473
true 7.282693975971255e-5 4123 6 6 1.84 3 0.10301337417579307 0.0 41.9303935
true 0.00036855361925619556 9541 6 6 1.84 4 0.10301337417579307 0.0 121.5624655
true 0.02100647374559589 154 6 1 1.85 1 0.10200071738298862 0.0 0.7654031
true 0.01984815327335432 577 6 1 1.85 2 0.10200071738298862 0.0 4.3923487
true 2.5177930415731797e-5 1923 6 1 1.85 3 0.10200071738298862 0.0 19.0631832
true 0.0001892997918688244 5642 6 1 1.85 4 0.10200071738298862 0.0 70.1261934
true 0.020893418775678352 103 6 2 1.85 1 0.10200071738298862 0.0 0.5298547
true 0.0004005545400002919 621 6 2 1.85 2 0.10200071738298862 0.0 4.6999046
true 0.018884859505705842 1900 6 2 1.85 3 0.10200071738298862 0.0 19.342517
true 0.0002266786935435361 4511 6 2 1.85 4 0.10200071738298862 0.0 56.9044627
true 0.020855247088572115 145 6 3 1.85 1 0.10200071738298862 0.0 0.778734
true 0.0004052550048087948 1559 6 3 1.85 2 0.10200071738298862 0.0 11.5524209
true 0.0004189126102937535 3852 6 3 1.85 3 0.10200071738298862 0.0 37.4789972
true 0.00040868249459271216 3667 6 3 1.85 4 0.10200071738298862 0.0 48.3293121
true 0.020391367053541415 124 6 4 1.85 1 0.10200071738298862 0.0 0.655751
true 0.0003332258478321165 1455 6 4 1.85 2 0.10200071738298862 0.0 10.6668846
true 0.015413720671366829 1104 6 4 1.85 3 0.10200071738298862 0.0 12.1887363
true 0.0006697295932027447 6581 6 4 1.85 4 0.10200071738298862 0.0 83.9571114
true 0.020112139121283335 432 6 5 1.85 1 0.10200071738298862 0.0 2.2211069
true 0.00035387967578799363 1470 6 5 1.85 2 0.10200071738298862 0.0 11.1512447
true 9.46056157983044e-5 4004 6 5 1.85 3 0.10200071738298862 0.0 41.0326462
true 0.0006379375609653071 7005 6 5 1.85 4 0.10200071738298862 0.0 94.426505
true 0.17650088975912281 204 6 6 1.85 1 0.10200071738298862 0.0 1.0684442
true 0.17703540564790055 1680 6 6 1.85 2 0.10200071738298862 0.0 13.0265028
true 0.17003827346255582 2745 6 6 1.85 3 0.10200071738298862 0.0 30.1469929
true 0.0006700582976833236 6932 6 6 1.85 4 0.10200071738298862 0.0 89.0142498
true 0.020748004965925493 101 6 1 1.86 1 0.101004199635488 0.0 0.4996839
true 0.0004287451466688519 230 6 1 1.86 2 0.101004199635488 0.0 2.1376945
true 0.00048331360385395206 2190 6 1 1.86 3 0.101004199635488 0.0 22.4722345
true 0.00012322517555413137 2658 6 1 1.86 4 0.101004199635488 0.0 35.871222
true 0.020638314025531068 138 6 2 1.86 1 0.101004199635488 0.0 0.6749631
true 0.0003906253929394643 1364 6 2 1.86 2 0.101004199635488 0.0 10.0429711
true 0.00038312126193823515 4769 6 2 1.86 3 0.101004199635488 0.0 49.2901887
true 0.00033609431675243884 4147 6 2 1.86 4 0.101004199635488 0.0 54.2284638
true 0.020601518268532255 112 6 3 1.86 1 0.101004199635488 0.0 0.5882734
true 0.000396360391086296 976 6 3 1.86 2 0.101004199635488 0.0 7.4056082
true 0.020017860347364025 639 6 3 1.86 3 0.101004199635488 0.0 7.6578483
true 0.00016110972542084565 2477 6 3 1.86 4 0.101004199635488 0.0 32.9039217
true 0.020147149465580466 196 6 4 1.86 1 0.101004199635488 0.0 0.9742877
true 0.0003326297981225135 1084 6 4 1.86 2 0.101004199635488 0.0 7.9852758
true 0.01506319816677218 2304 6 4 1.86 3 0.101004199635488 0.0 24.0814975
true 0.00030886762477194685 758 6 4 1.86 4 0.101004199635488 0.0 12.3387618
true 0.21166363058495063 99 6 5 1.86 1 0.101004199635488 0.0 0.6057822
true 0.030004409464370153 731 6 5 1.86 2 0.101004199635488 0.0 5.8829263
true 0.0005212958115287103 3045 6 5 1.86 3 0.101004199635488 0.0 30.1602438
true 0.0002966196812658195 1335 6 5 1.86 4 0.101004199635488 0.0 18.9441121
true 0.01656272818403993 262 6 6 1.86 1 0.101004199635488 0.0 1.3674716
true 0.16685078199081427 1599 6 6 1.86 2 0.101004199635488 0.0 11.8752168
true 0.00017636644906493526 7271 6 6 1.86 3 0.101004199635488 0.0 74.7592749
true 0.0003789370534009369 5930 6 6 1.86 4 0.101004199635488 0.0 78.1215874
true 0.020494564529012604 133 6 1 1.87 1 0.10002346320442916 0.0 0.626909
true 0.00040783685558926086 1120 6 1 1.87 2 0.10002346320442916 0.0 8.2901519
true 0.00039648434897576745 5077 6 1 1.87 3 0.10002346320442916 0.0 49.4763396
true 2.0539747787595708e-5 5975 6 1 1.87 4 0.10002346320442916 0.0 74.4791577
true 0.020388020338755614 177 6 2 1.87 1 0.10002346320442916 0.0 0.8595473
true 0.00038201853042160727 777 6 2 1.87 2 0.10002346320442916 0.0 5.6663737
true 3.21332216419723e-5 1180 6 2 1.87 3 0.10002346320442916 0.0 12.433814
true 0.00022587368150892018 5338 6 2 1.87 4 0.10002346320442916 0.0 67.3084506
true 0.020352558554809514 133 6 3 1.87 1 0.10002346320442916 0.0 0.6516542
true 0.0003858422965487551 1811 6 3 1.87 2 0.10002346320442916 0.0 13.8877583
true 0.01920045642703681 2352 6 3 1.87 3 0.10002346320442916 0.0 25.1758618
true 3.1252391339312936e-5 3136 6 3 1.87 4 0.10002346320442916 0.0 39.7598035
true 0.01990872047482932 167 6 4 1.87 1 0.10002346320442916 0.0 0.7805339
true 0.0003286287725942083 1316 6 4 1.87 2 0.10002346320442916 0.0 10.1450888
true 0.01028736146702465 3931 6 4 1.87 3 0.10002346320442916 0.0 39.8484093
true 0.00026031666214218485 4971 6 4 1.87 4 0.10002346320442916 0.0 62.2323784
true 0.01964177903158241 192 6 5 1.87 1 0.10002346320442916 0.0 0.9482111
true 0.00032438929201897835 1595 6 5 1.87 2 0.10002346320442916 0.0 11.9237308
true 0.008194936123109797 1960 6 5 1.87 3 0.10002346320442916 0.0 20.4831318
true 0.0004962094510443827 3959 6 5 1.87 4 0.10002346320442916 0.0 51.7911997
true 0.016368435714025503 339 6 6 1.87 1 0.10002346320442916 0.0 1.7142401
true 0.0003050208138760298 1992 6 6 1.87 2 0.10002346320442916 0.0 14.5447734
true 0.00014773799057858175 7583 6 6 1.87 3 0.10002346320442916 0.0 78.1838766
true 0.00019652694841170346 4415 6 6 1.87 4 0.10002346320442916 0.0 56.6073296
true 0.02024597490806912 111 6 1 1.88 1 0.0990581604052917 0.0 0.5537189
true 0.02001938482627852 539 6 1 1.88 2 0.0990581604052917 0.0 4.0423889
true 8.925044978363994e-5 2553 6 1 1.88 3 0.0990581604052917 0.0 25.6869114
true 0.00037584814072672 1364 6 1 1.88 4 0.0990581604052917 0.0 18.8857331
true 0.02014261611078602 228 6 2 1.88 1 0.0990581604052917 0.0 1.038408
true 0.019299485442716008 690 6 2 1.88 2 0.0990581604052917 0.0 5.30485
true 0.0005366846260464742 6067 6 2 1.88 3 0.0990581604052917 0.0 59.8557273
true 4.9697936297471434e-5 4341 6 2 1.88 4 0.0990581604052917 0.0 56.2678318
true 0.02010805683162677 115 6 3 1.88 1 0.0990581604052917 0.0 0.5971079
true 0.0003779474019513507 1308 6 3 1.88 2 0.0990581604052917 0.0 10.010852
true 0.019557361670013318 1005 6 3 1.88 3 0.0990581604052917 0.0 11.2399427
true 0.00039668120367277365 4844 6 3 1.88 4 0.0990581604052917 0.0 59.5703268
true 0.01967377136622074 170 6 4 1.88 1 0.0990581604052917 0.0 0.8390674
true 0.0003288277647607307 1824 6 4 1.88 2 0.0990581604052917 0.0 13.369793
true 0.014676591562975516 629 6 4 1.88 3 0.0990581604052917 0.0 8.2496548
true 0.0014808919112297425 3204 6 4 1.88 4 0.0990581604052917 0.0 42.9220897
true 0.019413261501673683 189 6 5 1.88 1 0.0990581604052917 0.0 0.9759217
true 0.0003266628615490097 1566 6 5 1.88 2 0.0990581604052917 0.0 11.7499146
true 0.0038293122040962023 3723 6 5 1.88 3 0.0990581604052917 0.0 37.7168323
true 0.00031372692548030655 6497 6 5 1.88 4 0.0990581604052917 0.0 83.4678337
true 0.01617770535205763 172 6 6 1.88 1 0.0990581604052917 0.0 0.9408729
true 0.000279816173590991 1989 6 6 1.88 2 0.0990581604052917 0.0 14.5613082
true 0.013080536576270637 1141 6 6 1.88 3 0.0990581604052917 0.0 12.5908601
true 0.0008870787255080744 3094 6 6 1.88 4 0.0990581604052917 0.0 42.8062476
true 0.020001876756841952 97 6 1 1.89 1 0.09810795326443694 0.0 0.4874083
true 0.0003893222205960112 1594 6 1 1.89 2 0.09810795326443694 0.0 11.2502574
true 0.00037065694779780944 3820 6 1 1.89 3 0.09810795326443694 0.0 37.3188225
true 0.00018089676462729187 4571 6 1 1.89 4 0.09810795326443694 0.0 58.7917077
true 0.01990161589499545 174 6 2 1.89 1 0.09810795326443694 0.0 0.8651733
true 0.000364582026402438 335 6 2 1.89 2 0.09810795326443694 0.0 2.8549826
true 0.0004942563450276993 3993 6 2 1.89 3 0.09810795326443694 0.0 40.4534094
true 0.009353586912728529 2477 6 2 1.89 4 0.09810795326443694 0.0 33.5290121
true 0.01986856715286221 113 6 3 1.89 1 0.09810795326443694 0.0 0.6155846
true 0.0003688935685356813 881 6 3 1.89 2 0.09810795326443694 0.0 6.4857759
true 0.0002936607427735938 1294 6 3 1.89 3 0.09810795326443694 0.0 13.5789694
true 0.0003793908442224492 4288 6 3 1.89 4 0.09810795326443694 0.0 55.5392596
true 0.019443447462036925 416 6 4 1.89 1 0.09810795326443694 0.0 2.0299551
true 0.0002918807302266929 309 6 4 1.89 2 0.09810795326443694 0.0 2.820904
true 0.014514723226826273 1064 6 4 1.89 3 0.09810795326443694 0.0 11.6251483
true 0.00024074030109791367 4249 6 4 1.89 4 0.09810795326443694 0.0 53.6342386
true 0.019188438781106387 244 6 5 1.89 1 0.09810795326443694 0.0 1.1879419
true 0.00032190322672335234 1633 6 5 1.89 2 0.09810795326443694 0.0 12.2201237
true 0.015399446647016035 3206 6 5 1.89 3 0.09810795326443694 0.0 32.6806347
true 0.00041731196860752553 3977 6 5 1.89 4 0.09810795326443694 0.0 50.1643657
true 0.015993987871843047 203 6 6 1.89 1 0.09810795326443694 0.0 1.0937662
true 0.0002810743840042651 2490 6 6 1.89 2 0.09810795326443694 0.0 18.1757367
true 6.219941950144636e-5 3162 6 6 1.89 3 0.09810795326443694 0.0 34.1415802
true 0.00025431781558008887 5303 6 6 1.89 4 0.09810795326443694 0.0 68.4528108
true 0.019762370858054046 118 6 1 1.9 1 0.09717251319796773 0.0 0.5807211
true 0.000380096979857969 474 6 1 1.9 2 0.09717251319796773 0.0 3.5892749
true 0.00036308014802349797 1560 6 1 1.9 3 0.09717251319796773 0.0 16.2887571
true 0.0003513321209849263 2118 6 1 1.9 4 0.09717251319796773 0.0 29.4058288
true 0.019664927334867938 130 6 2 1.9 1 0.09717251319796773 0.0 0.6201059
true 0.00035733601051604613 1728 6 2 1.9 2 0.09717251319796773 0.0 12.5095464
true 0.00022945560229437056 977 6 2 1.9 3 0.09717251319796773 0.0 10.868259
true 0.00022028142867064338 5810 6 2 1.9 4 0.09717251319796773 0.0 71.9373026
true 0.019633296752392577 136 6 3 1.9 1 0.09717251319796773 0.0 0.6407239
true 0.0003607128667257875 912 6 3 1.9 2 0.09717251319796773 0.0 6.842573
true 0.01911242919763682 1408 6 3 1.9 3 0.09717251319796773 0.0 14.7911515
true 0.006165644855878154 5209 6 3 1.9 4 0.09717251319796773 0.0 66.8676988
true 0.01921709942823832 296 6 4 1.9 1 0.09717251319796773 0.0 1.4538139
true 0.0007114283932470183 886 6 4 1.9 2 0.09717251319796773 0.0 6.7873985
true 0.00017821566692478863 2185 6 4 1.9 3 0.09717251319796773 0.0 22.5428423
true 0.00016551342352227882 7996 6 4 1.9 4 0.09717251319796773 0.0 103.6842919
true 0.4038750652809898 120 6 5 1.9 1 0.09717251319796773 0.0 0.6995642
true 0.0003171492403330478 1148 6 5 1.9 2 0.09717251319796773 0.0 8.731272
true 0.00012907340593264481 2451 6 5 1.9 3 0.09717251319796773 0.0 24.8376669
true 0.00021894097557302318 4728 6 5 1.9 4 0.09717251319796773 0.0 59.6142519
true 0.015807115984748283 209 6 6 1.9 1 0.09717251319796773 0.0 1.0424265
true 0.0002823663394408982 2984 6 6 1.9 2 0.09717251319796773 0.0 21.962907
true 6.193328872379962e-5 7032 6 6 1.9 3 0.09717251319796773 0.0 71.7100003
true 0.0004144484471518828 7359 6 6 1.9 4 0.09717251319796773 0.0 92.5022487
true 0.019527253651092313 110 6 1 1.91 1 0.09625152070246154 0.0 0.5610429
true 0.000390558961300691 368 6 1 1.91 2 0.09625152070246154 0.0 3.2845942
true 0.00014785986160581466 3451 6 1 1.91 3 0.09625152070246154 0.0 33.6736704
true 0.0002455746581348506 3747 6 1 1.91 4 0.09625152070246154 0.0 48.1944408
true 0.01943292540209582 192 6 2 1.91 1 0.09625152070246154 0.0 0.8752705
true 0.01859885142955575 482 6 2 1.91 2 0.09625152070246154 0.0 3.9038587
true 0.00030667045211085764 3065 6 2 1.91 3 0.09625152070246154 0.0 30.6579862
true 0.0003363779425450686 4854 6 2 1.91 4 0.09625152070246154 0.0 60.4886743
true 0.019401748477011926 145 6 3 1.91 1 0.09625152070246154 0.0 0.751195
true 0.000353839518922372 1252 6 3 1.91 2 0.09625152070246154 0.0 9.3085778
true 0.0003643772248724623 3816 6 3 1.91 3 0.09625152070246154 0.0 37.8281389
true 0.000282964631397394 6863 6 3 1.91 4 0.09625152070246154 0.0 87.3949333
true 0.018995265146958887 146 6 4 1.91 1 0.09625152070246154 0.0 0.7397352
true 0.00029433318531310593 1975 6 4 1.91 2 0.09625152070246154 0.0 14.6867678
true 5.239221124560267e-5 2871 6 4 1.91 3 0.09625152070246154 0.0 28.2783513
true 0.00026003084845936664 5638 6 4 1.91 4 0.09625152070246154 0.0 70.4629755
true 0.018751280773539814 146 6 5 1.91 1 0.09625152070246154 0.0 0.7336984
true 0.0003168157662817861 1277 6 5 1.91 2 0.09625152070246154 0.0 9.5063078
true 7.896326455867353e-5 5816 6 5 1.91 3 0.09625152070246154 0.0 57.5335431
true 0.00042172912599167665 6653 6 5 1.91 4 0.09625152070246154 0.0 85.6382834
true 0.015625806705981793 237 6 6 1.91 1 0.09625152070246154 0.0 1.2759039
true 0.016401701145658087 1604 6 6 1.91 2 0.09625152070246154 0.0 12.4657882
true 0.010227430216287794 1932 6 6 1.91 3 0.09625152070246154 0.0 21.2117467
true 9.867868264903934e-5 2634 6 6 1.91 4 0.09625152070246154 0.0 34.8259357
true 0.019296394964348706 101 6 1 1.92 1 0.09534466505708565 0.0 0.51934
true 0.019018039927345576 745 6 1 1.92 2 0.09534466505708565 0.0 5.4813441
true 0.0029329759991415516 890 6 1 1.92 3 0.09534466505708565 0.0 10.4504814
true 0.00013615921821086285 4884 6 1 1.92 4 0.09534466505708565 0.0 62.3475136
true 0.019205205888835813 155 6 2 1.92 1 0.09534466505708565 0.0 0.7766427
true 0.0003433980168884576 920 6 2 1.92 2 0.09534466505708565 0.0 7.0541781
true 0.018345661436235033 1504 6 2 1.92 3 0.09534466505708565 0.0 15.6650065
true 0.00018641097649441107 1361 6 2 1.92 4 0.09534466505708565 0.0 18.8708366
true 0.01917430447004413 212 6 3 1.92 1 0.09534466505708565 0.0 1.0875508
true 0.0007021768848718227 340 6 3 1.92 2 0.09534466505708565 0.0 3.0693613
true 0.01246637144562505 2562 6 3 1.92 3 0.09534466505708565 0.0 26.5047738
true 0.0005235189912057292 2003 6 3 1.92 4 0.09534466505708565 0.0 26.6122511
true 0.018776666270798034 156 6 4 1.92 1 0.09534466505708565 0.0 0.8061749
true 0.0002882967109221757 1728 6 4 1.92 2 0.09534466505708565 0.0 12.427104
true 0.00011822068992892176 5689 6 4 1.92 3 0.09534466505708565 0.0 55.836979
true 0.0002987181251275506 2761 6 4 1.92 4 0.09534466505708565 0.0 35.3980233
true 0.21150465142608352 143 6 5 1.92 1 0.09534466505708565 0.0 0.7195773
true 0.00029940230045242264 1313 6 5 1.92 2 0.09534466505708565 0.0 9.7364819
true 0.007621593112808034 3179 6 5 1.92 3 0.09534466505708565 0.0 32.2402617
true 0.2003876999036704 1392 6 5 1.92 4 0.09534466505708565 0.0 19.6101249
true 0.17574458328347572 229 6 6 1.92 1 0.09534466505708565 0.0 1.175923
true 0.0002520115477960087 2478 6 6 1.92 2 0.09534466505708565 0.0 18.5035209
true 0.00018315896047751967 4569 6 6 1.92 3 0.09534466505708565 0.0 46.9985508
true 0.00026949505954671865 4357 6 6 1.92 4 0.09534466505708565 0.0 55.3074335
true 0.01906991077217607 124 6 1 1.93 1 0.09445164403667455 0.0 0.5895574
true 0.00035536706013561403 578 6 1 1.93 2 0.09445164403667455 0.0 4.3353293
true 0.0003319075527479787 3114 6 1 1.93 3 0.09445164403667455 0.0 32.1456142
true 0.0003962815378673601 2245 6 1 1.93 4 0.09445164403667455 0.0 30.3676846
true 0.018981001054183932 245 6 2 1.93 1 0.09445164403667455 0.0 1.093075
true 0.00033398550847971165 1008 6 2 1.93 2 0.09445164403667455 0.0 7.3968761
true 0.00031212118127724175 3315 6 2 1.93 3 0.09445164403667455 0.0 33.5188021
true 0.00020221447583887442 4392 6 2 1.93 4 0.09445164403667455 0.0 56.772743
true 0.018951625607030453 107 6 3 1.93 1 0.09445164403667455 0.0 0.5601757
true 0.00033687030024665 1002 6 3 1.93 2 0.09445164403667455 0.0 7.2343804
true 0.018541812297185694 936 6 3 1.93 3 0.09445164403667455 0.0 10.7981773
true 0.00035682860753066814 5575 6 3 1.93 4 0.09445164403667455 0.0 69.3278549
true 0.2591162296450361 101 6 4 1.93 1 0.09445164403667455 0.0 0.5445086
true 0.00029597723996231673 1697 6 4 1.93 2 0.09445164403667455 0.0 12.1026271
true 0.013913314933231877 932 6 4 1.93 3 0.09445164403667455 0.0 10.3012296
true 0.00026910848528242937 6355 6 4 1.93 4 0.09445164403667455 0.0 81.1646989
true 0.0183289250841696 153 6 5 1.93 1 0.09445164403667455 0.0 0.78569
true 0.00029539830964430135 900 6 5 1.93 2 0.09445164403667455 0.0 6.7453204
true 3.563023512099805e-5 2704 6 5 1.93 3 0.09445164403667455 0.0 26.922624
true 0.001254885389466387 12145 6 5 1.93 4 0.09445164403667455 0.0 158.7819709
true 0.01527404760989709 415 6 6 1.93 1 0.09445164403667455 0.0 2.0616129
true 0.00026935762183977197 1676 6 6 1.93 2 0.09445164403667455 0.0 11.875647
true 0.0020955025065070667 1757 6 6 1.93 3 0.09445164403667455 0.0 18.02809
true 0.0005158053191464951 11832 6 6 1.93 4 0.09445164403667455 0.0 151.7992038
true 0.018847517059519092 104 6 1 1.94 1 0.09357216363534221 0.0 0.5419985
true 0.00034849718638185756 823 6 1 1.94 2 0.09357216363534221 0.0 6.1216155
true 0.00036501466421140494 2516 6 1 1.94 3 0.09357216363534221 0.0 25.5312524
true 0.0009002492215306468 3137 6 1 1.94 4 0.09357216363534221 0.0 42.1683467
true 0.01876154421974313 114 6 2 1.94 1 0.09357216363534221 0.0 0.5537809
true 0.017947604232574133 567 6 2 1.94 2 0.09357216363534221 0.0 4.4375449
true 0.00011860003201399905 1904 6 2 1.94 3 0.09357216363534221 0.0 18.8291424
true 0.009428650112330933 1683 6 2 1.94 4 0.09357216363534221 0.0 24.0172174
true 0.018732437974684102 138 6 3 1.94 1 0.09357216363534221 0.0 0.7035468
true 0.00033057322530407235 763 6 3 1.94 2 0.09357216363534221 0.0 5.6192035
true 0.0004890250997139356 2575 6 3 1.94 3 0.09357216363534221 0.0 25.3631052
true 0.0024361294931282695 4758 6 3 1.94 4 0.09357216363534221 0.0 58.7405292
true 0.018351534950859352 174 6 4 1.94 1 0.09357216363534221 0.0 0.8768763
true 0.0002811148588948431 2216 6 4 1.94 2 0.09357216363534221 0.0 16.1444273
true 0.0006001956368635458 2858 6 4 1.94 3 0.09357216363534221 0.0 28.1254392
true 0.0002175127883832645 4274 6 4 1.94 4 0.09357216363534221 0.0 53.9855443
true 0.018123547740973044 137 6 5 1.94 1 0.09357216363534221 0.0 0.7165562
true 0.00029798026449398 1597 6 5 1.94 2 0.09357216363534221 0.0 11.4114546
true 3.609064484596525e-5 4052 6 5 1.94 3 0.09357216363534221 0.0 41.1116951
true 0.0003253402039304687 4331 6 5 1.94 4 0.09357216363534221 0.0 54.5187493
true 0.0151027098769273 186 6 6 1.94 1 0.09357216363534221 0.0 0.9421585
true 0.0002416575088720896 1221 6 6 1.94 2 0.09357216363534221 0.0 9.4026245
true 0.00919403432687422 1569 6 6 1.94 3 0.09357216363534221 0.0 16.5417849
true 0.000510608036299561 3771 6 6 1.94 4 0.09357216363534221 0.0 48.5554821
true 0.018629257342429595 88 6 1 1.95 1 0.09270593780019673 0.0 0.4793584
true 0.0003390455760760025 1062 6 1 1.95 2 0.09270593780019673 0.0 8.0393529
true 0.000332867803125414 3015 6 1 1.95 3 0.09270593780019673 0.0 30.0238254
true 0.0002715450945901532 4356 6 1 1.95 4 0.09270593780019673 0.0 56.7849861
true 0.01854553235742762 118 6 2 1.95 1 0.09270593780019673 0.0 0.5757336
true 0.017760569256251135 524 6 2 1.95 2 0.09270593780019673 0.0 4.0705364
true 6.440802051321803e-5 1056 6 2 1.95 3 0.09270593780019673 0.0 11.0523844
true 5.8686777276301116e-5 6757 6 2 1.95 4 0.09270593780019673 0.0 84.9420844
true 0.3395432224788028 107 6 3 1.95 1 0.09270593780019673 0.0 0.5644148
true 0.0003232269072076706 1196 6 3 1.95 2 0.09270593780019673 0.0 9.0232215
true 8.292256181432107e-5 2443 6 3 1.95 3 0.09270593780019673 0.0 25.1349591
true 0.00026619443869975906 5639 6 3 1.95 4 0.09270593780019673 0.0 70.8080092
true 0.018144535987248467 173 6 4 1.95 1 0.09270593780019673 0.0 0.8184774
true 0.0002540682516490589 1002 6 4 1.95 2 0.09270593780019673 0.0 7.7425474
true 0.01332518327765593 768 6 4 1.95 3 0.09270593780019673 0.0 9.2149173
true 3.912874825004464e-5 2531 6 4 1.95 4 0.09270593780019673 0.0 32.6226422
true 0.017920876447006007 149 6 5 1.95 1 0.09270593780019673 0.0 0.7815724
true 0.0002755225309552745 1379 6 5 1.95 2 0.09270593780019673 0.0 10.0877351
true 0.0001931432245035114 3099 6 5 1.95 3 0.09270593780019673 0.0 31.5699432
true 0.0004391867114459713 5311 6 5 1.95 4 0.09270593780019673 0.0 67.9764533
true 0.014934296219979437 406 6 6 1.95 1 0.09270593780019673 0.0 2.0321721
true 0.000275780795034893 2920 6 6 1.95 2 0.09270593780019673 0.0 21.5166881
true 8.099046447318514e-5 3036 6 6 1.95 3 0.09270593780019673 0.0 31.5519801
true 0.00037534187686822745 4657 6 6 1.95 4 0.09270593780019673 0.0 59.2738228
true 0.018414518402415703 92 6 1 1.96 1 0.09185268817481701 0.0 0.4774321
true 0.000331685832381301 1455 6 1 1.96 2 0.09185268817481701 0.0 10.4445173
true 0.000327562519890634 2758 6 1 1.96 3 0.09185268817481701 0.0 27.9272788
true 2.198549612364431e-6 1114 6 1 1.96 4 0.09185268817481701 0.0 16.2660618
true 0.01833343110880653 156 6 2 1.96 1 0.09185268817481701 0.0 0.7447681
true 0.0003125091801245983 1596 6 2 1.96 2 0.09185268817481701 0.0 11.0940283
true 8.246903582323495e-5 4116 6 2 1.96 3 0.09185268817481701 0.0 40.7407148
true 0.0005032548159279171 961 6 2 1.96 4 0.09185268817481701 0.0 14.6434889
true 0.018305988700744607 169 6 3 1.96 1 0.09185268817481701 0.0 0.797353
true 0.00031550729277348327 1488 6 3 1.96 2 0.09185268817481701 0.0 11.0485666
true 0.011965393764489981 1161 6 3 1.96 3 0.09185268817481701 0.0 12.6344506
true 0.00019203947079976524 5072 6 3 1.96 4 0.09185268817481701 0.0 65.1616503
true 0.25873408306122553 120 6 4 1.96 1 0.09185268817481701 0.0 0.6533982
true 0.00024845895273038765 930 6 4 1.96 2 0.09185268817481701 0.0 6.7200673
true 4.7652579165044506e-5 7427 6 4 1.96 3 0.09185268817481701 0.0 74.0116155
true 3.719952506389679e-5 7353 6 4 1.96 4 0.09185268817481701 0.0 92.5321134
true 0.21035650908783085 123 6 5 1.96 1 0.09185268817481701 0.0 0.688125
true 0.00025405535610117935 820 6 5 1.96 2 0.09185268817481701 0.0 6.5356619
true 0.00018239774617376803 4691 6 5 1.96 3 0.09185268817481701 0.0 46.4125924
true 0.0003793376744394616 9134 6 5 1.96 4 0.09185268817481701 0.0 113.6564776
true 0.014768655523901488 283 6 6 1.96 1 0.09185268817481701 0.0 1.4150607
true 0.0007342413916151166 1128 6 6 1.96 2 0.09185268817481701 0.0 8.5876883
true 5.775979593461433e-5 4762 6 6 1.96 3 0.09185268817481701 0.0 47.3466556
true 0.00042705587675788875 6685 6 6 1.96 4 0.09185268817481701 0.0 85.8314063
true 0.018203763400870265 102 6 1 1.97 1 0.09101214385204551 0.0 0.5351244
true 0.0003247508732821536 867 6 1 1.97 2 0.09101214385204551 0.0 6.6086827
true 0.017999482012818258 738 6 1 1.97 3 0.09101214385204551 0.0 8.3293317
true 0.0005094601481537286 2237 6 1 1.97 4 0.09101214385204551 0.0 29.4928764
true 0.01812487963883136 175 6 2 1.97 1 0.09101214385204551 0.0 0.8219949
true 0.00030645171872073496 735 6 2 1.97 2 0.09101214385204551 0.0 5.3709665
true 0.00015446188047557596 2386 6 2 1.97 3 0.09101214385204551 0.0 23.551014
true 0.015650107975971994 3815 6 2 1.97 4 0.09101214385204551 0.0 50.0018368
true 0.018099019459803817 122 6 3 1.97 1 0.09101214385204551 0.0 0.6443355
true 0.0003103342394357352 1120 6 3 1.97 2 0.09101214385204551 0.0 8.4429123
true 3.824814073385049e-5 2084 6 3 1.97 3 0.09101214385204551 0.0 21.0005739
true 0.00034796154361869486 2757 6 3 1.97 4 0.09101214385204551 0.0 35.0092903
true 0.017741799460170016 115 6 4 1.97 1 0.09101214385204551 0.0 0.6296091
true 0.00026663970804370607 1313 6 4 1.97 2 0.09101214385204551 0.0 9.4020633
true 5.694549595407217e-5 3387 6 4 1.97 3 0.09101214385204551 0.0 32.6626242
true 0.000674339901900009 4088 6 4 1.97 4 0.09101214385204551 0.0 50.5371965
true 0.01752682950431217 184 6 5 1.97 1 0.09101214385204551 0.0 0.9439356
true 0.0002723415850406807 1897 6 5 1.97 2 0.09101214385204551 0.0 13.8078404
true 0.014047105387613334 1159 6 5 1.97 3 0.09101214385204551 0.0 12.2967574
true 7.351027576800729e-5 2881 6 5 1.97 4 0.09101214385204551 0.0 39.0146905
true 0.014605899749534745 181 6 6 1.97 1 0.09101214385204551 0.0 0.912064
true 0.00024549806504565547 1726 6 6 1.97 2 0.09101214385204551 0.0 12.7759625
true 8.200243859066148e-5 9681 6 6 1.97 3 0.09101214385204551 0.0 97.2616011
true 0.00021620312977949085 3425 6 6 1.97 4 0.09101214385204551 0.0 43.0421807
true 0.017996854087350966 176 6 1 1.98 1 0.09018404113577616 0.0 0.8085594
true 0.00031763330295736525 629 6 1 1.98 2 0.09018404113577616 0.0 4.84211
true 0.0005240535618560305 1261 6 1 1.98 3 0.09018404113577616 0.0 12.784439
true 0.00022312463344920097 3528 6 1 1.98 4 0.09018404113577616 0.0 43.8421766
true 0.017920223173064576 159 6 2 1.98 1 0.09018404113577616 0.0 0.7495215
true 0.0003002842456296395 749 6 2 1.98 2 0.09018404113577616 0.0 5.5213058
true 0.01721617282766788 1180 6 2 1.98 3 0.09018404113577616 0.0 12.7199251
true 0.008535691718269844 2075 6 2 1.98 4 0.09018404113577616 0.0 27.3601086
true 0.017894485782708486 128 6 3 1.98 1 0.09018404113577616 0.0 0.664748
true 0.00030239401018117285 929 6 3 1.98 2 0.09018404113577616 0.0 6.6779348
true 0.00010373967562469592 3600 6 3 1.98 3 0.09018404113577616 0.0 36.2784073
true 0.0002805859982606222 5349 6 3 1.98 4 0.09018404113577616 0.0 67.4506303
true 0.01754468922266303 208 6 4 1.98 1 0.09018404113577616 0.0 1.0135968
true 0.0002585002518077917 1420 6 4 1.98 2 0.09018404113577616 0.0 10.1640704
true 0.00019726996942874553 5692 6 4 1.98 3 0.09018404113577616 0.0 55.454076
true 0.00017580801317222672 5944 6 4 1.98 4 0.09018404113577616 0.0 72.9712012
true 0.2107371284764369 153 6 5 1.98 1 0.09018404113577616 0.0 0.7932154
true 0.00026519198180054995 2334 6 5 1.98 2 0.09018404113577616 0.0 17.568869
true 0.20007156656926509 3281 6 5 1.98 3 0.09018404113577616 0.0 32.6608526
true 0.0038226037971875516 6754 6 5 1.98 4 0.09018404113577616 0.0 84.5396834
true 0.014445812320531428 189 6 6 1.98 1 0.09018404113577616 0.0 0.9916745
true 0.00022309359874796617 901 6 6 1.98 2 0.09018404113577616 0.0 7.2936159
true 6.508719897233932e-5 2736 6 6 1.98 3 0.09018404113577616 0.0 27.0376969
true 0.0004535834272805424 13104 6 6 1.98 4 0.09018404113577616 0.0 166.2413132
true 0.01779364487656593 112 6 1 1.99 1 0.08936812331138665 0.0 0.5585421
true 0.00031095524568824917 519 6 1 1.99 2 0.08936812331138665 0.0 3.9619634
true 6.790908027015652e-5 4174 6 1 1.99 3 0.08936812331138665 0.0 41.1352116
true 0.00026040118826126113 2872 6 1 1.99 4 0.08936812331138665 0.0 37.8177613
true 0.0177189547322206 107 6 2 1.99 1 0.08936812331138665 0.0 0.506377
true 0.017058824613616297 960 6 2 1.99 2 0.08936812331138665 0.0 7.1347145
true 0.017182438106952552 1248 6 2 1.99 3 0.08936812331138665 0.0 13.116049
true 4.303174841452373e-5 5104 6 2 1.99 4 0.08936812331138665 0.0 62.0485503
true 0.01769499498950287 99 6 3 1.99 1 0.08936812331138665 0.0 0.5205954
true 0.00034537652747940184 552 6 3 1.99 2 0.08936812331138665 0.0 4.4493742
true 5.3494244116473556e-5 5090 6 3 1.99 3 0.08936812331138665 0.0 49.1277607
true 0.0003189020446112134 2815 6 3 1.99 4 0.08936812331138665 0.0 35.4568574
true 0.01735198851702964 191 6 4 1.99 1 0.08936812331138665 0.0 0.8848843
true 0.0002557853475868288 1646 6 4 1.99 2 0.08936812331138665 0.0 11.6241346
true 0.00015782867705967096 6387 6 4 1.99 3 0.08936812331138665 0.0 62.5315759
true 0.00030662447659023095 4953 6 4 1.99 4 0.08936812331138665 0.0 62.101417
true 0.21002930564529057 127 6 5 1.99 1 0.08936812331138665 0.0 0.6822403
true 0.00027001896902099085 1530 6 5 1.99 2 0.08936812331138665 0.0 11.3174667
true 0.0035465044848331908 7256 6 5 1.99 3 0.08936812331138665 0.0 72.0437616
true 4.378360128627356e-5 2677 6 5 1.99 4 0.08936812331138665 0.0 35.8220053
true 0.014289073697176793 180 6 6 1.99 1 0.08936812331138665 0.0 0.9189957
true 0.0002387988560723827 2323 6 6 1.99 2 0.08936812331138665 0.0 16.9834343
true 3.855407361417577e-5 8581 6 6 1.99 3 0.08936812331138665 0.0 86.511592
true 0.0004587324186331824 6468 6 6 1.99 4 0.08936812331138665 0.0 80.278783
true 0.01759351512351015 96 6 1 2.0 1 0.0885641404244465 0.0 0.4922333
true 0.0003042367720467176 1015 6 1 2.0 2 0.0885641404244465 0.0 7.2511228
true 0.00010992683479332799 3781 6 1 2.0 3 0.0885641404244465 0.0 37.4347182
true 5.002840630169425e-5 6257 6 1 2.0 4 0.0885641404244465 0.0 77.9161511
true 0.01752194136205021 197 6 2 2.0 1 0.0885641404244465 0.0 0.890334
true 0.0002879836272315084 1691 6 2 2.0 2 0.0885641404244465 0.0 11.968055
true 7.644851714211365e-5 2552 6 2 2.0 3 0.0885641404244465 0.0 25.5600518
true 4.396191821909312e-5 9158 6 2 2.0 4 0.0885641404244465 0.0 112.0823819
true 0.017497188599990166 129 6 3 2.0 1 0.0885641404244465 0.0 0.6715909
true 0.00030822293720763244 384 6 3 2.0 2 0.0885641404244465 0.0 3.1871492
true 0.0004761192795658675 2356 6 3 2.0 3 0.0885641404244465 0.0 24.7297572
true 0.0003268533909115597 4043 6 3 2.0 4 0.0885641404244465 0.0 50.1347087
true 0.017161793914697118 118 6 4 2.0 1 0.0885641404244465 0.0 0.6486299
true 0.0002664896268684269 1035 6 4 2.0 2 0.0885641404244465 0.0 7.5176361
true 0.00036171233090914745 3719 6 4 2.0 3 0.0885641404244465 0.0 35.7401497
true 0.00034875250962959625 5581 6 4 2.0 4 0.0885641404244465 0.0 68.0724099
true 0.01696063723958684 159 6 5 2.0 1 0.0885641404244465 0.0 0.8306923
true 0.200142217366428 1383 6 5 2.0 2 0.0885641404244465 0.0 10.3450026
true 0.0001552557606468219 2461 6 5 2.0 3 0.0885641404244465 0.0 25.9047443
true 0.00020880810388341776 5951 6 5 2.0 4 0.0885641404244465 0.0 74.649937
true 0.17498445588462522 257 6 6 2.0 1 0.0885641404244465 0.0 1.3304638
true 0.0023714525191231017 1177 6 6 2.0 2 0.0885641404244465 0.0 9.0698735
true 0.17486274166340668 2131 6 6 2.0 3 0.0885641404244465 0.0 22.018616
true 9.156719639505373e-5 1744 6 6 2.0 4 0.0885641404244465 0.0 23.9927908