g_converged min_loss iter nsites nqubits0 h nlayers SvN m time
true 1.768670161439445e-7 538 15 1 0.0 1 0.0 1.0 6.5139737
true 1.4294536537784452e-7 850 15 1 0.0 2 0.0 1.0 22.8703076
true 8.312923561626384e-6 1423 15 1 0.0 3 0.0 1.0 64.316995
true 3.2165465918554403e-5 6753 15 1 0.0 4 0.0 1.0 333.4217875
true 9.527161463213085e-8 710 15 8 0.0 1 0.0 1.0 8.4135795
true 0.12491275530375359 2819 15 8 0.0 2 0.0 1.0 57.2132928
true 1.0263383775646617e-5 14414 15 8 0.0 3 0.0 1.0 442.5955339
true 3.7297811489291066e-5 46138 15 8 0.0 4 0.0 1.0 1742.2631128
true 0.2666671528545831 1258 15 15 0.0 1 0.0 1.0 14.5978208
true 0.03333546776964202 10913 15 15 0.0 2 0.0 1.0 210.0760095
true 0.06666489615866504 5117 15 15 0.0 3 0.0 1.0 158.0523418
true 6.130964281435558e-5 14931 15 15 0.0 4 0.0 1.0 626.7722871
true 2.1527184485004014e-7 422 15 1 0.02 1 1.3876096831942148e-8 1.0 5.0582442
true 1.2217797762392735e-6 1272 15 1 0.02 2 1.3876096831942148e-8 1.0 28.8115329
true 4.862900936375425e-7 1530 15 1 0.02 3 1.3876096831942148e-8 1.0 61.1929266
true 5.072855092475015e-5 6619 15 1 0.02 4 1.3876096831942148e-8 1.0 321.7205
true 7.99569839435299e-8 623 15 8 0.02 1 1.3876096831942148e-8 1.0 7.3261766
true 7.685325493798911e-6 5133 15 8 0.02 2 1.3876096831942148e-8 1.0 107.4178122
true 4.97033818567319e-5 7643 15 8 0.02 3 1.3876096831942148e-8 1.0 236.3536811
true 4.663182023861845e-5 13855 15 8 0.02 4 1.3876096831942148e-8 1.0 574.7033756
true 0.2000419834731236 1448 15 15 0.02 1 1.3876096831942148e-8 1.0 18.2250958
true 9.119155429577752e-5 13711 15 15 0.02 2 1.3876096831942148e-8 1.0 271.8872685
true 4.0618027014893696e-5 5200 15 15 0.02 3 1.3876096831942148e-8 1.0 167.2715654
true 0.03341186989517664 16408 15 15 0.02 4 1.3876096831942148e-8 1.0 645.757082
true 4.961932414948578e-7 490 15 1 0.04 1 1.9450195370713674e-7 0.9998666666666668 5.7543428
true 1.2073844009530266e-5 894 15 1 0.04 2 1.9450195370713674e-7 0.9998666666666668 22.7881467
true 1.0921288039811294e-5 4047 15 1 0.04 3 1.9450195370713674e-7 0.9998666666666668 125.5703126
true 2.007585683988511e-5 5749 15 1 0.04 4 1.9450195370713674e-7 0.9998666666666668 276.3846813
true 0.1250001327341095 659 15 8 0.04 1 1.9450195370713674e-7 0.9998666666666668 7.8298345
true 4.089950517968677e-6 5256 15 8 0.04 2 1.9450195370713674e-7 0.9998666666666668 100.3608143
true 6.916559079722662e-6 4366 15 8 0.04 3 1.9450195370713674e-7 0.9998666666666668 147.8434636
true 3.178690185973165e-5 13643 15 8 0.04 4 1.9450195370713674e-7 0.9998666666666668 565.1458136
true 0.2666681944931175 1227 15 15 0.04 1 1.9450195370713674e-7 0.9998666666666668 14.987659
true 3.2203394187491076e-5 23433 15 15 0.04 2 1.9450195370713674e-7 0.9998666666666668 445.1869676
true 1.1680668593535189e-5 16025 15 15 0.04 3 1.9450195370713674e-7 0.9998666666666668 472.4022593
true 0.00012959996654452835 35305 15 15 0.04 4 1.9450195370713674e-7 0.9998666666666668 1396.9033093
true 1.343759602479011e-7 641 15 1 0.06 1 9.041365978495186e-7 0.9997333333333334 7.1525708
true 5.576121839573345e-5 1159 15 1 0.06 2 9.041365978495186e-7 0.9997333333333334 27.1494036
true 1.9726563865729574e-7 1526 15 1 0.06 3 9.041365978495186e-7 0.9997333333333334 61.934675
true 2.8012066816685e-6 5421 15 1 0.06 4 9.041365978495186e-7 0.9997333333333334 272.9778186
true 0.12500022341991396 516 15 8 0.06 1 9.041365978495186e-7 0.9997333333333334 6.6178551
true 0.06182884366038288 6744 15 8 0.06 2 9.041365978495186e-7 0.9997333333333334 140.2148635
true 0.06250709070677588 4594 15 8 0.06 3 9.041365978495186e-7 0.9997333333333334 142.1824779
true 3.434090947431606e-5 13478 15 8 0.06 4 9.041365978495186e-7 0.9997333333333334 577.7101394
true 0.06667341384572222 1399 15 15 0.06 1 9.041365978495186e-7 0.9997333333333334 17.0392241
true 7.494007856747216e-5 29914 15 15 0.06 2 9.041365978495186e-7 0.9997333333333334 622.6488909
true 4.625823394420007e-5 29351 15 15 0.06 3 9.041365978495186e-7 0.9997333333333334 853.6658112
true 9.41136921905894e-6 6781 15 15 0.06 4 9.041365978495186e-7 0.9997333333333334 298.7797456
true 2.3788307312866408e-7 371 15 1 0.08 1 2.67980895271131e-6 0.9987333333333335 4.9278789
true 0.00011198130361722569 3140 15 1 0.08 2 2.67980895271131e-6 0.9987333333333335 68.5406239
true 9.136257248520963e-7 1396 15 1 0.08 3 2.67980895271131e-6 0.9987333333333335 55.6995929
true 2.172529110500143e-6 3412 15 1 0.08 4 2.67980895271131e-6 0.9987333333333335 168.6122978
true 0.25002274815893566 622 15 8 0.08 1 2.67980895271131e-6 0.9987333333333335 8.1754064
true 0.06250221448456146 8068 15 8 0.08 2 2.67980895271131e-6 0.9987333333333335 161.1800802
true 0.12502200452325574 8855 15 8 0.08 3 2.67980895271131e-6 0.9987333333333335 263.7739742
true 0.06391881974698753 52819 15 8 0.08 4 2.67980895271131e-6 0.9987333333333335 2191.9709772
true 0.13349109814295454 1418 15 15 0.08 1 2.67980895271131e-6 0.9987333333333335 16.3519923
true 0.03318671167897524 9857 15 15 0.08 2 2.67980895271131e-6 0.9987333333333335 200.0261172
true 0.06681525358447979 10419 15 15 0.08 3 2.67980895271131e-6 0.9987333333333335 312.0588314
true 8.024913106432126e-5 23304 15 15 0.08 4 2.67980895271131e-6 0.9987333333333335 902.7801707
true 4.667255995016717e-7 397 15 1 0.1 1 6.212647512238128e-6 0.9984666666666667 5.1826703
true 1.1366257244294076e-6 1360 15 1 0.1 2 6.212647512238128e-6 0.9984666666666667 34.3804304
true 2.048755128547519e-6 2134 15 1 0.1 3 6.212647512238128e-6 0.9984666666666667 76.8825699
true 8.769125661700627e-5 4652 15 1 0.1 4 6.212647512238128e-6 0.9984666666666667 267.5779926
true 0.12500046369629822 1578 15 8 0.1 1 6.212647512238128e-6 0.9984666666666667 17.6113513
true 2.8582853821845777e-6 6731 15 8 0.1 2 6.212647512238128e-6 0.9984666666666667 145.2266915
true 0.0633472297350153 18639 15 8 0.1 3 6.212647512238128e-6 0.9984666666666667 586.7922196
true 2.45534270167172e-5 5183 15 8 0.1 4 6.212647512238128e-6 0.9984666666666667 248.5947493
true 0.06667008899375881 2969 15 15 0.1 1 6.212647512238128e-6 0.9984666666666667 34.4853185
true 1.1207357841880317e-5 11387 15 15 0.1 2 6.212647512238128e-6 0.9984666666666667 243.6423545
true 0.0001722574801906814 35826 15 15 0.1 3 6.212647512238128e-6 0.9984666666666667 1026.4163025
true 0.10002276256433647 46993 15 15 0.1 4 6.212647512238128e-6 0.9984666666666667 1866.3184525
true 1.0377352597235046e-6 318 15 1 0.12 1 1.2336936484222826e-5 0.9973333333333332 4.4957987
true 2.179132540580664e-6 917 15 1 0.12 2 1.2336936484222826e-5 0.9973333333333332 25.8237032
true 3.167757106181668e-6 1676 15 1 0.12 3 1.2336936484222826e-5 0.9973333333333332 65.6404348
true 7.067210766820153e-6 1978 15 1 0.12 4 1.2336936484222826e-5 0.9973333333333332 109.2824157
true 0.37500140609500976 1206 15 8 0.12 1 1.2336936484222826e-5 0.9973333333333332 13.1164976
true 1.526330822486377e-5 7963 15 8 0.12 2 1.2336936484222826e-5 0.9973333333333332 172.8250901
true 6.340733519322184e-6 14334 15 8 0.12 3 1.2336936484222826e-5 0.9973333333333332 425.4870641
true 2.5119784957991498e-5 36995 15 8 0.12 4 1.2336936484222826e-5 0.9973333333333332 1475.2821146
true 0.266667305636811 759 15 15 0.12 1 1.2336936484222826e-5 0.9973333333333332 9.8235982
true 0.06667417424264084 17473 15 15 0.12 2 1.2336936484222826e-5 0.9973333333333332 371.2312186
true 0.0003429757280376089 40768 15 15 0.12 3 1.2336936484222826e-5 0.9973333333333332 1257.7043969
true 0.06669648078973124 13252 15 15 0.12 4 1.2336936484222826e-5 0.9973333333333332 547.9624448
true 1.9658500725050487e-6 528 15 1 0.14 1 2.2024723413851827e-5 0.9967999999999999 6.327053
true 1.0327662486653288e-5 1492 15 1 0.14 2 2.2024723413851827e-5 0.9967999999999999 34.4422305
true 1.3436863024185453e-5 3288 15 1 0.14 3 2.2024723413851827e-5 0.9967999999999999 107.8146063
true 0.0001225209118134729 5864 15 1 0.14 4 2.2024723413851827e-5 0.9967999999999999 317.4417783
true 0.25000333431861077 706 15 8 0.14 1 2.2024723413851827e-5 0.9967999999999999 8.6556157
true 8.453634986110847e-6 10848 15 8 0.14 2 2.2024723413851827e-5 0.9967999999999999 234.862328
true 0.00010047332530300351 7720 15 8 0.14 3 2.2024723413851827e-5 0.9967999999999999 244.6709443
true 1.857315376020685e-5 8588 15 8 0.14 4 2.2024723413851827e-5 0.9967999999999999 405.9821986
true 0.06667222427052291 2308 15 15 0.14 1 2.2024723413851827e-5 0.9967999999999999 28.7192705
true 1.4206905245021476e-5 5432 15 15 0.14 2 2.2024723413851827e-5 0.9967999999999999 114.9022865
true 2.7997514371606394e-5 24807 15 15 0.14 3 2.2024723413851827e-5 0.9967999999999999 810.9714763
true 0.03339735593701943 16293 15 15 0.14 4 2.2024723413851827e-5 0.9967999999999999 683.4011041
true 3.3312846059452283e-6 545 15 1 0.16 1 3.638435431855326e-5 0.9956666666666666 8.0502734
true 1.4907269581809768e-5 921 15 1 0.16 2 3.638435431855326e-5 0.9956666666666666 25.63237
true 2.0692945877254232e-5 2792 15 1 0.16 3 3.638435431855326e-5 0.9956666666666666 110.6678709
true 0.000164791200567449 9823 15 1 0.16 4 3.638435431855326e-5 0.9956666666666666 435.7803576
true 0.25000259886491644 582 15 8 0.16 1 3.638435431855326e-5 0.9956666666666666 8.2817522
true 0.25001516786919226 2751 15 8 0.16 2 3.638435431855326e-5 0.9956666666666666 66.9282959
true 7.885808192255317e-5 6714 15 8 0.16 3 3.638435431855326e-5 0.9956666666666666 213.9798946
true 3.0389419297296993e-5 13445 15 8 0.16 4 3.638435431855326e-5 0.9956666666666666 559.1387929
true 0.26667340814149676 1032 15 15 0.16 1 3.638435431855326e-5 0.9956666666666666 13.7155604
true 0.06661316453200121 9647 15 15 0.16 2 3.638435431855326e-5 0.9956666666666666 209.5836966
true 0.06672065241430308 4784 15 15 0.16 3 3.638435431855326e-5 0.9956666666666666 164.497238
true 0.06671228596287522 17381 15 15 0.16 4 3.638435431855326e-5 0.9956666666666666 771.6494069
true 5.6025355693045675e-6 709 15 1 0.18 1 5.666215822095644e-5 0.9944000000000003 9.1993965
true 1.3186197456604987e-5 1016 15 1 0.18 2 5.666215822095644e-5 0.9944000000000003 26.5866628
true 3.609906286317077e-5 4308 15 1 0.18 3 5.666215822095644e-5 0.9944000000000003 164.6713814
true 3.655163043331244e-5 3202 15 1 0.18 4 5.666215822095644e-5 0.9944000000000003 187.8943958
true 0.2500030317559293 487 15 8 0.18 1 5.666215822095644e-5 0.9944000000000003 7.0747939
true 8.690283509867058e-6 5362 15 8 0.18 2 5.666215822095644e-5 0.9944000000000003 120.7994016
true 8.44795909835036e-5 42441 15 8 0.18 3 5.666215822095644e-5 0.9944000000000003 1327.2712117
true 0.00010345606806683172 5410 15 8 0.18 4 5.666215822095644e-5 0.9944000000000003 253.6709622
true 0.06668066553337583 2260 15 15 0.18 1 5.666215822095644e-5 0.9944000000000003 29.9830784
true 3.409013116272286e-5 13014 15 15 0.18 2 5.666215822095644e-5 0.9944000000000003 274.6473646
true 0.13340712607470315 8240 15 15 0.18 3 5.666215822095644e-5 0.9944000000000003 267.5850036
true 0.033268508462889305 20042 15 15 0.18 4 5.666215822095644e-5 0.9944000000000003 884.9962575
true 9.005363801217747e-6 499 15 1 0.2 1 8.424689439829476e-5 0.9928666666666665 7.2198102
true 3.2172752455317255e-5 1786 15 1 0.2 2 8.424689439829476e-5 0.9928666666666665 46.280514
true 3.5888405309270066e-5 2480 15 1 0.2 3 8.424689439829476e-5 0.9928666666666665 91.6230758
true 3.788040690116956e-5 5871 15 1 0.2 4 8.424689439829476e-5 0.9928666666666665 264.180479
true 0.12500698202020372 694 15 8 0.2 1 8.424689439829476e-5 0.9928666666666665 9.6387221
true 2.0275410396015936e-5 3332 15 8 0.2 2 8.424689439829476e-5 0.9928666666666665 81.1041435
true 0.06255469943753919 6730 15 8 0.2 3 8.424689439829476e-5 0.9928666666666665 216.3522514
true 2.195919852195083e-5 12215 15 8 0.2 4 8.424689439829476e-5 0.9928666666666665 504.9031297
true 0.13335249129692472 1291 15 15 0.2 1 8.424689439829476e-5 0.9928666666666665 18.0437381
true 0.06670254678141536 7085 15 15 0.2 2 8.424689439829476e-5 0.9928666666666665 158.4605996
true 0.06673315386029659 7155 15 15 0.2 3 8.424689439829476e-5 0.9928666666666665 240.973199
true 0.0002221318327729464 28530 15 15 0.2 4 8.424689439829476e-5 0.9928666666666665 1179.2957534
true 1.4092062172843534e-5 443 15 1 0.22 1 0.0001206767989355488 0.9913333333333332 6.7108081
true 2.332735795679275e-5 942 15 1 0.22 2 0.0001206767989355488 0.9913333333333332 26.1981815
true 2.7349405436805085e-5 1673 15 1 0.22 3 0.0001206767989355488 0.9913333333333332 89.725225
true 3.5450182605700764e-5 4475 15 1 0.22 4 0.0001206767989355488 0.9913333333333332 236.8568543
true 0.12501071495493632 591 15 8 0.22 1 0.0001206767989355488 0.9913333333333332 9.4010919
true 0.12502664944457434 4141 15 8 0.22 2 0.0001206767989355488 0.9913333333333332 93.5139994
true 1.198962649320151e-5 17540 15 8 0.22 3 0.0001206767989355488 0.9913333333333332 592.0692129
true 0.000510075438118783 84798 15 8 0.22 4 0.0001206767989355488 0.9913333333333332 3569.5597602
true 0.20002728295029443 1637 15 15 0.22 1 0.0001206767989355488 0.9913333333333332 22.0115242
true 0.03263348914793631 12159 15 15 0.22 2 0.0001206767989355488 0.9913333333333332 273.9268208
true 6.83585447347664e-5 9964 15 15 0.22 3 0.0001206767989355488 0.9913333333333332 312.3876344
true 0.00013823621674569447 21426 15 15 0.22 4 0.0001206767989355488 0.9913333333333332 1007.1581045
true 2.1089367579774088e-5 880 15 1 0.24 1 0.00016764921839117265 0.9899333333333336 12.0133777
true 5.7922951848476956e-5 910 15 1 0.24 2 0.00016764921839117265 0.9899333333333336 25.7193352
true 4.5634019406215476e-5 2344 15 1 0.24 3 0.00016764921839117265 0.9899333333333336 88.9460087
true 0.00017338852647919012 4775 15 1 0.24 4 0.00016764921839117265 0.9899333333333336 233.2937025
true 0.12501576278863577 478 15 8 0.24 1 0.00016764921839117265 0.9899333333333336 7.4017205
true 3.12416368364668e-5 6148 15 8 0.24 2 0.00016764921839117265 0.9899333333333336 140.4186445
true 0.06262469803319641 2389 15 8 0.24 3 0.00016764921839117265 0.9899333333333336 91.1955677
true 0.00015401158700759782 4220 15 8 0.24 4 0.00016764921839117265 0.9899333333333336 203.7539408
true 0.1333504812249051 1761 15 15 0.24 1 0.00016764921839117265 0.9899333333333336 23.1647971
true 0.03309136342718795 9047 15 15 0.24 2 0.00016764921839117265 0.9899333333333336 197.8812562
true 0.06692527265849622 50282 15 15 0.24 3 0.00016764921839117265 0.9899333333333336 1651.7901972
true 0.06675988551629924 26552 15 15 0.24 4 0.00016764921839117265 0.9899333333333336 1104.9364826
true 3.0965870153720765e-5 360 15 1 0.26 1 0.0002270329396116816 0.9875333333333332 5.5148637
true 5.115226894181202e-5 1610 15 1 0.26 2 0.0002270329396116816 0.9875333333333332 39.6703931
true 2.550231337772324e-5 2169 15 1 0.26 3 0.0002270329396116816 0.9875333333333332 95.6367698
true 4.9378883888617775e-5 3206 15 1 0.26 4 0.0002270329396116816 0.9875333333333332 192.5966616
true 0.2500157970071328 496 15 8 0.26 1 0.0002270329396116816 0.9875333333333332 8.0482284
true 0.06255568047798252 5651 15 8 0.26 2 0.0002270329396116816 0.9875333333333332 125.2331923
true 0.06256545190703175 3301 15 8 0.26 3 0.0002270329396116816 0.9875333333333332 115.8063057
true 0.00019406007672521236 13473 15 8 0.26 4 0.0002270329396116816 0.9875333333333332 628.1155179
true 0.20002085143706216 2825 15 15 0.26 1 0.0002270329396116816 0.9875333333333332 38.4910233
true 0.16637583577790505 10941 15 15 0.26 2 0.0002270329396116816 0.9875333333333332 251.8713926
true 0.00018011851632744694 13115 15 15 0.26 3 0.0002270329396116816 0.9875333333333332 425.6316992
true 0.06714515787675295 11395 15 15 0.26 4 0.0002270329396116816 0.9875333333333332 540.5834498
true 4.423607939701979e-5 495 15 1 0.28 1 0.00030088344296167526 0.9857333333333335 7.2757289
true 9.974491066122582e-5 1073 15 1 0.28 2 0.00030088344296167526 0.9857333333333335 33.052333
true 0.00014432616908843787 2771 15 1 0.28 3 0.00030088344296167526 0.9857333333333335 99.707557
true 0.00011189821137758127 6077 15 1 0.28 4 0.00030088344296167526 0.9857333333333335 336.4027501
true 0.12503306766189642 972 15 8 0.28 1 0.00030088344296167526 0.9857333333333335 13.1901145
true 5.4668527149824564e-5 3633 15 8 0.28 2 0.00030088344296167526 0.9857333333333335 85.0025445
true 2.9809836713939886e-5 17671 15 8 0.28 3 0.00030088344296167526 0.9857333333333335 599.9081715
true 0.00019169450975071306 8326 15 8 0.28 4 0.00030088344296167526 0.9857333333333335 384.8331673
true 0.20006008103259962 885 15 15 0.28 1 0.00030088344296167526 0.9857333333333335 12.6654493
true 8.80014943933823e-5 12398 15 15 0.28 2 0.00030088344296167526 0.9857333333333335 275.8488508
true 0.00022522553412589834 13021 15 15 0.28 3 0.00030088344296167526 0.9857333333333335 410.3860686
true 0.0001072794239032134 9194 15 15 0.28 4 0.00030088344296167526 0.9857333333333335 421.7997341
true 6.212233067925954e-5 556 15 1 0.3 1 0.00039146143886601163 0.9831999999999999 7.91953
true 7.257017939915622e-5 1879 15 1 0.3 2 0.00039146143886601163 0.9831999999999999 45.8123445
true 0.00015515780278935187 1960 15 1 0.3 3 0.00039146143886601163 0.9831999999999999 82.9264321
true 0.00013720593917798674 3553 15 1 0.3 4 0.00039146143886601163 0.9831999999999999 218.6385091
true 0.12504706842059665 1802 15 8 0.3 1 0.00039146143886601163 0.9831999999999999 24.5241755
true 9.517940493384419e-5 1697 15 8 0.3 2 0.00039146143886601163 0.9831999999999999 42.1454699
true 0.00011883473314604209 4177 15 8 0.3 3 0.00039146143886601163 0.9831999999999999 145.4893941
true 0.06265145601552227 5617 15 8 0.3 4 0.00039146143886601163 0.9831999999999999 284.6308553
true 0.13344033191193647 2284 15 15 0.3 1 0.00039146143886601163 0.9831999999999999 31.8362708
true 0.10022158821052525 4473 15 15 0.3 2 0.00039146143886601163 0.9831999999999999 106.5923349
true 0.00014652508285639316 26250 15 15 0.3 3 0.00039146143886601163 0.9831999999999999 838.5522159
true 0.00024746328581735086 68072 15 15 0.3 4 0.00039146143886601163 0.9831999999999999 2911.8850705
true 8.566748732186102e-5 354 15 1 0.32 1 0.0005012552181454566 0.9811333333333334 5.7898745
true 0.00019971748694463942 4003 15 1 0.32 2 0.0005012552181454566 0.9811333333333334 92.5396887
true 0.00022326249266457765 1745 15 1 0.32 3 0.0005012552181454566 0.9811333333333334 77.1038919
true 0.0001345383815073986 3892 15 1 0.32 4 0.0005012552181454566 0.9811333333333334 210.5594757
true 0.1250638705001454 750 15 8 0.32 1 0.0005012552181454566 0.9811333333333334 10.7238492
true 0.00010971388203089016 11663 15 8 0.32 2 0.0005012552181454566 0.9811333333333334 272.9768841
true 5.45454173906737e-5 3446 15 8 0.32 3 0.0005012552181454566 0.9811333333333334 144.8457072
true 0.00014128393028540326 15387 15 8 0.32 4 0.0005012552181454566 0.9811333333333334 709.2456592
true 0.13347642122824815 1534 15 15 0.32 1 0.0005012552181454566 0.9811333333333334 21.5245624
true 0.03340105734875332 5776 15 15 0.32 2 0.0005012552181454566 0.9811333333333334 134.1907847
true 0.10028658739736059 11820 15 15 0.32 3 0.0005012552181454566 0.9811333333333334 389.4227579
true 0.0003842958193890911 23349 15 15 0.32 4 0.0005012552181454566 0.9811333333333334 1062.0233012
true 0.00011623283940853657 520 15 1 0.34 1 0.0006330079677817343 0.9783333333333333 7.4380743
true 0.00011970959112900248 734 15 1 0.34 2 0.0006330079677817343 0.9783333333333333 26.1941944
true 0.00023705843578630814 2682 15 1 0.34 3 0.0006330079677817343 0.9783333333333333 102.2043846
true 0.00022436998985425616 4166 15 1 0.34 4 0.0006330079677817343 0.9783333333333333 223.2656117
true 0.3750297034305596 594 15 8 0.34 1 0.0006330079677817343 0.9783333333333333 9.106058
true 0.0001227872837400515 5822 15 8 0.34 2 0.0006330079677817343 0.9783333333333333 134.4216149
true 0.00021325721820270732 7737 15 8 0.34 3 0.0006330079677817343 0.9783333333333333 257.1137654
true 0.12518025352981843 7071 15 8 0.34 4 0.0006330079677817343 0.9783333333333333 334.3428327
true 0.20016409445709565 1469 15 15 0.34 1 0.0006330079677817343 0.9783333333333333 20.2061266
true 0.00021589844459631857 17142 15 15 0.34 2 0.0006330079677817343 0.9783333333333333 383.7155491
true 0.06699898987848135 16865 15 15 0.34 3 0.0006330079677817343 0.9783333333333333 554.6591137
true 0.06703682354730621 20042 15 15 0.34 4 0.0006330079677817343 0.9783333333333333 893.2752329
true 0.00015612096444445056 1010 15 1 0.36 1 0.0007897507777549392 0.9755333333333333 13.7275111
true 0.00020570235859718178 2204 15 1 0.36 2 0.0007897507777549392 0.9755333333333333 54.4375425
true 0.0003247231857186339 2483 15 1 0.36 3 0.0007897507777549392 0.9755333333333333 97.7808056
true 0.0002424364294946746 4662 15 1 0.36 4 0.0007897507777549392 0.9755333333333333 296.4018932
true 0.25007626420680523 730 15 8 0.36 1 0.0007897507777549392 0.9755333333333333 10.853341
true 0.1250746207243524 3817 15 8 0.36 2 0.0007897507777549392 0.9755333333333333 88.9796327
true 0.0001752816094267723 4424 15 8 0.36 3 0.0007897507777549392 0.9755333333333333 154.0822048
true 0.00015468137270051308 8606 15 8 0.36 4 0.0007897507777549392 0.9755333333333333 426.4953275
true 0.13355381829668728 2387 15 15 0.36 1 0.0007897507777549392 0.9755333333333333 34.866673
true 0.03404776779775705 16056 15 15 0.36 2 0.0007897507777549392 0.9755333333333333 372.1119023
true 0.0004555627465108884 20147 15 15 0.36 3 0.0007897507777549392 0.9755333333333333 718.6075906
true 0.0003188056961619057 73984 15 15 0.36 4 0.0007897507777549392 0.9755333333333333 3359.6606521
true 0.0002181827222244026 366 15 1 0.38 1 0.0009748438819095093 0.9726 5.9237775
true 0.00035616991005771315 907 15 1 0.38 2 0.0009748438819095093 0.9726 26.297077
true 0.0005428101136355501 2539 15 1 0.38 3 0.0009748438819095093 0.9726 123.2400752
true 0.0004425558321207723 8750 15 1 0.38 4 0.0009748438819095093 0.9726 443.4024445
true 0.12515640587715507 892 15 8 0.38 1 0.0009748438819095093 0.9726 12.4356224
true 0.00039799544979975815 4442 15 8 0.38 2 0.0009748438819095093 0.9726 111.4393157
true 0.0003562574123049389 4528 15 8 0.38 3 0.0009748438819095093 0.9726 161.1868669
true 0.00041898807047144326 12546 15 8 0.38 4 0.0009748438819095093 0.9726 619.6170046
true 0.3335492773224766 557 15 15 0.38 1 0.0009748438819095093 0.9726 9.060499
true 0.00034471282662434564 5198 15 15 0.38 2 0.0009748438819095093 0.9726 121.4223146
true 0.06748658912527251 45366 15 15 0.38 3 0.0009748438819095093 0.9726 1539.7309613
true 0.034013846695326234 43423 15 15 0.38 4 0.0009748438819095093 0.9726 1976.5793486
true 0.00026835827302534865 442 15 1 0.4 1 0.0011920242814128634 0.9687999999999999 7.0695308
true 0.0002450018138098198 1343 15 1 0.4 2 0.0011920242814128634 0.9687999999999999 36.7895578
true 0.00043472256464954784 3897 15 1 0.4 3 0.0011920242814128634 0.9687999999999999 159.8343043
true 0.0003856084564487494 4517 15 1 0.4 4 0.0011920242814128634 0.9687999999999999 239.991464
true 0.12520201897861982 1934 15 8 0.4 1 0.0011920242814128634 0.9687999999999999 28.1236871
true 0.00020411159898717918 3705 15 8 0.4 2 0.0011920242814128634 0.9687999999999999 86.0172534
true 0.06298215978291963 18559 15 8 0.4 3 0.0011920242814128634 0.9687999999999999 636.840022
true 0.0006799310238625803 17653 15 8 0.4 4 0.0011920242814128634 0.9687999999999999 806.0447597
true 0.13374468361842112 1686 15 15 0.4 1 0.0011920242814128634 0.9687999999999999 24.8539003
true 0.03361202561183747 4086 15 15 0.4 2 0.0011920242814128634 0.9687999999999999 97.4962106
true 0.2005381468081272 7442 15 15 0.4 3 0.0011920242814128634 0.9687999999999999 260.5720636
true 0.06714851932905934 46151 15 15 0.4 4 0.0011920242814128634 0.9687999999999999 2215.1212115
true 0.0003476093803151947 772 15 1 0.42 1 0.0014454817097359059 0.9655999999999998 11.0543141
true 0.0002895755043735293 1023 15 1 0.42 2 0.0014454817097359059 0.9655999999999998 34.1356243
true 0.0006133558132261352 1625 15 1 0.42 3 0.0014454817097359059 0.9655999999999998 82.3018569
true 0.0004001610540805278 7597 15 1 0.42 4 0.0014454817097359059 0.9655999999999998 377.3724411
true 0.12526447542901953 413 15 8 0.42 1 0.0014454817097359059 0.9655999999999998 7.0657377
true 0.06253294752164523 2350 15 8 0.42 2 0.0014454817097359059 0.9655999999999998 60.2810838
true 0.06300709134578791 12182 15 8 0.42 3 0.0014454817097359059 0.9655999999999998 428.0652588
true 0.00042899637003940283 12680 15 8 0.42 4 0.0014454817097359059 0.9655999999999998 594.2971241
true 0.20041532613401847 1359 15 15 0.42 1 0.0014454817097359059 0.9655999999999998 19.7301706
true 0.13381529916144227 9446 15 15 0.42 2 0.0014454817097359059 0.9655999999999998 236.7655803
true 0.0006673293282645765 16485 15 15 0.42 3 0.0014454817097359059 0.9655999999999998 598.9564114
true 0.03398650511876934 13061 15 15 0.42 4 0.0014454817097359059 0.9655999999999998 657.1137769
true 0.00044377808546158803 368 15 1 0.44 1 0.0017399759409140836 0.9615333333333334 5.9747965
true 0.0005072513862197092 2171 15 1 0.44 2 0.0017399759409140836 0.9615333333333334 61.5539096
true 0.0006661426909252421 5610 15 1 0.44 3 0.0017399759409140836 0.9615333333333334 204.2736626
true 0.0007857959969336248 4228 15 1 0.44 4 0.0017399759409140836 0.9615333333333334 263.279388
true 0.00044490120211283096 623 15 8 0.44 1 0.0017399759409140836 0.9615333333333334 9.3538507
true 0.0004066013923044384 14198 15 8 0.44 2 0.0017399759409140836 0.9615333333333334 333.9372351
true 0.0005314913742767574 3717 15 8 0.44 3 0.0017399759409140836 0.9615333333333334 141.4942848
true 0.00043643370719197855 11683 15 8 0.44 4 0.0017399759409140836 0.9615333333333334 565.8422467
true 0.1339489533321553 1249 15 15 0.44 1 0.0017399759409140836 0.9615333333333334 18.1955464
true 0.06749111858260863 9292 15 15 0.44 2 0.0017399759409140836 0.9615333333333334 224.9284069
true 0.06718324412031931 4755 15 15 0.44 3 0.0017399759409140836 0.9615333333333334 177.1115604
true 0.0681203812345923 30481 15 15 0.44 4 0.0017399759409140836 0.9615333333333334 1470.2332016
true 0.000563017759607265 487 15 1 0.46 1 0.002081418490954243 0.9576666666666667 8.0194004
true 0.00047117212744079984 1004 15 1 0.46 2 0.002081418490954243 0.9576666666666667 32.952852
true 0.0007822100866967663 2899 15 1 0.46 3 0.002081418490954243 0.9576666666666667 116.9323877
true 0.0004967159700538515 3036 15 1 0.46 4 0.002081418490954243 0.9576666666666667 263.5277153
true 0.1254052457011689 1953 15 8 0.46 1 0.002081418490954243 0.9576666666666667 29.7760532
true 0.0005280584984434858 4716 15 8 0.46 2 0.002081418490954243 0.9576666666666667 118.7946612
true 0.06309017832960323 16720 15 8 0.46 3 0.002081418490954243 0.9576666666666667 629.8630274
true 0.0007894205073490576 11241 15 8 0.46 4 0.002081418490954243 0.9576666666666667 557.0177354
true 0.13411166859186846 1506 15 15 0.46 1 0.002081418490954243 0.9576666666666667 22.4682288
true 0.034577635343339845 4626 15 15 0.46 2 0.002081418490954243 0.9576666666666667 112.6664142
true 0.0669908341761591 7799 15 15 0.46 3 0.002081418490954243 0.9576666666666667 295.2569459
true 0.1006329848860826 13291 15 15 0.46 4 0.002081418490954243 0.9576666666666667 663.3191752
true 0.0007083351620366662 344 15 1 0.48 1 0.0024761775437260685 0.9532 6.0682247
true 0.0006193469840368726 1401 15 1 0.48 2 0.0024761775437260685 0.9532 44.2708704
true 0.0005854500024946585 9955 15 1 0.48 3 0.0024761775437260685 0.9532 383.3695678
true 0.0011385271193362634 9199 15 1 0.48 4 0.0024761775437260685 0.9532 547.0326343
true 0.0007081526949583652 1738 15 8 0.48 1 0.0024761775437260685 0.9532 26.3130547
true 0.0005756547156098579 4453 15 8 0.48 2 0.0024761775437260685 0.9532 110.687179
true 0.0006809945422879757 7546 15 8 0.48 3 0.0024761775437260685 0.9532 283.6304093
true 0.0006661251572601182 10101 15 8 0.48 4 0.0024761775437260685 0.9532 532.3469327
true 0.13427466157051085 1963 15 15 0.48 1 0.0024761775437260685 0.9532 30.1047045
true 0.06776674800123385 5437 15 15 0.48 2 0.0024761775437260685 0.9532 138.9222611
true 0.0014502242558136146 11523 15 15 0.48 3 0.0024761775437260685 0.9532 442.393481
true 0.0011055683036761076 52090 15 15 0.48 4 0.0024761775437260685 0.9532 2524.6616291
true 0.0008847720403071246 431 15 1 0.5 1 0.002935673896547059 0.9484666666666667 7.0849587
true 0.000926424983667351 1693 15 1 0.5 2 0.002935673896547059 0.9484666666666667 45.8189826
true 0.0005913347679366576 2648 15 1 0.5 3 0.002935673896547059 0.9484666666666667 132.7337582
true 0.0006370467668348478 3140 15 1 0.5 4 0.002935673896547059 0.9484666666666667 211.5809881
true 0.12566563085360785 1486 15 8 0.5 1 0.002935673896547059 0.9484666666666667 21.7706523
true 0.0007541532679709931 3578 15 8 0.5 2 0.002935673896547059 0.9484666666666667 94.4151414
true 0.0004957329834423055 12295 15 8 0.5 3 0.002935673896547059 0.9484666666666667 513.3906524
true 0.0035225538597128334 10667 15 8 0.5 4 0.002935673896547059 0.9484666666666667 605.2829255
true 0.06795370398489577 2755 15 15 0.5 1 0.002935673896547059 0.9484666666666667 41.8265295
true 0.0010977363595222574 17219 15 15 0.5 2 0.002935673896547059 0.9484666666666667 463.0436774
true 0.06837842538278828 15415 15 15 0.5 3 0.002935673896547059 0.9484666666666667 600.9867651
true 0.06853774609269572 12057 15 15 0.5 4 0.002935673896547059 0.9484666666666667 648.7086821