g_converged min_loss iter nsites nqubits0 h nlayers SvN m time
true 0.03400106433838651 101 6 1 1.51 1 0.14860607298695988 0.0 0.5532931
true 0.001054019330015088 475 6 1 1.51 2 0.14860607298695988 0.0 4.2043947
true 0.0003244489563190567 1810 6 1 1.51 3 0.14860607298695988 0.0 21.2485504
true 0.0008853225050716174 1991 6 1 1.51 4 0.14860607298695988 0.0 29.7389327
true 0.03364338652722332 124 6 2 1.51 1 0.14860607298695988 0.0 0.6885253
true 0.0009651486328461356 948 6 2 1.51 2 0.14860607298695988 0.0 8.1808654
true 0.0001604150787320735 4999 6 2 1.51 3 0.14860607298695988 0.0 56.2063636
true 0.00021509079804735154 6735 6 2 1.51 4 0.14860607298695988 0.0 96.7323897
true 0.0335245629713938 97 6 3 1.51 1 0.14860607298695988 0.0 0.5850941
true 0.000980490357562258 665 6 3 1.51 2 0.14860607298695988 0.0 6.11639
true 0.032213200421797115 940 6 3 1.51 3 0.14860607298695988 0.0 11.7068195
true 0.0008505557728433385 3316 6 3 1.51 4 0.14860607298695988 0.0 47.5716228
true 0.03243047910670231 143 6 4 1.51 1 0.14860607298695988 0.0 0.8155013
true 0.0008025758949666562 1102 6 4 1.51 2 0.14860607298695988 0.0 9.2262825
true 0.00023235058306830814 3662 6 4 1.51 3 0.14860607298695988 0.0 42.3524488
true 0.00035581060889891547 2978 6 4 1.51 4 0.14860607298695988 0.0 45.4066083
true 0.21817418763213667 142 6 5 1.51 1 0.14860607298695988 0.0 0.8718285
true 0.0012706473312151024 730 6 5 1.51 2 0.14860607298695988 0.0 6.7779684
true 0.019307417898424217 2484 6 5 1.51 3 0.14860607298695988 0.0 28.5369098
true 0.0014925751358103368 7751 6 5 1.51 4 0.14860607298695988 0.0 113.2829192
true 0.026479187376314828 172 6 6 1.51 1 0.14860607298695988 0.0 0.9905762
true 0.0007004444513352692 1922 6 6 1.51 2 0.14860607298695988 0.0 16.5305572
true 0.01109125869596786 3782 6 6 1.51 3 0.14860607298695988 0.0 44.8217369
true 0.0008397900122550372 7001 6 6 1.51 4 0.14860607298695988 0.0 103.5067204
true 0.033455666475539825 122 6 1 1.52 1 0.14676781227962965 0.0 0.6927785
true 0.0010232982875720276 550 6 1 1.52 2 0.14676781227962965 0.0 5.0083974
true 0.0016832100824418772 2657 6 1 1.52 3 0.14676781227962965 0.0 31.307032
true 0.0001996184385588684 2420 6 1 1.52 4 0.14676781227962965 0.0 35.4222219
true 0.03311059058533297 124 6 2 1.52 1 0.14676781227962965 0.0 0.7010467
true 0.0009378580322648988 549 6 2 1.52 2 0.14676781227962965 0.0 4.7355804
true 0.00017258666867139838 3558 6 2 1.52 3 0.14676781227962965 0.0 39.8571761
true 0.0007260014583978791 4606 6 2 1.52 4 0.14676781227962965 0.0 68.2011691
true 0.03299618423321854 164 6 3 1.52 1 0.14676781227962965 0.0 0.9075989
true 0.0009521202366591189 1089 6 3 1.52 2 0.14676781227962965 0.0 9.2977637
true 0.020947473629637486 1693 6 3 1.52 3 0.14676781227962965 0.0 21.1783273
true 0.00017410242595342998 5218 6 3 1.52 4 0.14676781227962965 0.0 75.3584073
true 0.03193271108045011 176 6 4 1.52 1 0.14676781227962965 0.0 0.9559163
true 0.0007690485581314521 1222 6 4 1.52 2 0.14676781227962965 0.0 10.3305313
true 0.0008829836319829698 2284 6 4 1.52 3 0.14676781227962965 0.0 26.9796287
true 0.000435543001799904 6642 6 4 1.52 4 0.14676781227962965 0.0 96.0905865
true 0.03129422433823466 178 6 5 1.52 1 0.14676781227962965 0.0 0.9991094
true 0.0007754275200509197 878 6 5 1.52 2 0.14676781227962965 0.0 7.3577974
true 0.00888427104227335 1455 6 5 1.52 3 0.14676781227962965 0.0 17.5203072
true 0.0004595888615944177 4648 6 5 1.52 4 0.14676781227962965 0.0 69.3101003
true 0.026078602699334014 212 6 6 1.52 1 0.14676781227962965 0.0 1.192065
true 0.001092950850068275 511 6 6 1.52 2 0.14676781227962965 0.0 5.0356076
true 0.0001370570559911984 2702 6 6 1.52 3 0.14676781227962965 0.0 31.2656098
true 0.0007186982274056583 7618 6 6 1.52 4 0.14676781227962965 0.0 113.0702824
true 0.03292429029415134 108 6 1 1.53 1 0.14496629210198328 0.0 0.6242784
true 0.0009939208904812258 758 6 1 1.53 2 0.14496629210198328 0.0 6.2678055
true 2.55005176855172e-5 2996 6 1 1.53 3 0.14496629210198328 0.0 34.0187767
true 0.0006996910434126646 3234 6 1 1.53 4 0.14496629210198328 0.0 47.9092964
true 0.032591063510832796 153 6 2 1.53 1 0.14496629210198328 0.0 0.8622601
true 0.000912152128408783 1988 6 2 1.53 2 0.14496629210198328 0.0 16.7427062
true 0.03084032618668439 1689 6 2 1.53 3 0.14496629210198328 0.0 20.0687019
true 0.0003169351141521781 6493 6 2 1.53 4 0.14496629210198328 0.0 92.5643164
true 0.03248019709001443 159 6 3 1.53 1 0.14496629210198328 0.0 0.9088154
true 0.0009250089786811966 932 6 3 1.53 2 0.14496629210198328 0.0 8.1353624
true 0.0003177051056651818 1967 6 3 1.53 3 0.14496629210198328 0.0 22.7809409
true 0.0004412657699896701 5064 6 3 1.53 4 0.14496629210198328 0.0 73.9623402
true 0.03144576714786965 181 6 4 1.53 1 0.14496629210198328 0.0 0.9905377
true 0.0008080592677412041 360 6 4 1.53 2 0.14496629210198328 0.0 3.5564395
true 0.0010252001292180568 2103 6 4 1.53 3 0.14496629210198328 0.0 25.0408611
true 0.000301575080053032 4573 6 4 1.53 4 0.14496629210198328 0.0 68.0511181
true 0.03082539557204018 146 6 5 1.53 1 0.14496629210198328 0.0 0.8946674
true 0.0007517569492851317 1206 6 5 1.53 2 0.14496629210198328 0.0 10.019777
true 8.24585078517348e-5 3974 6 5 1.53 3 0.14496629210198328 0.0 44.2547886
true 0.00015502783438039457 1768 6 5 1.53 4 0.14496629210198328 0.0 27.3675838
true 0.18160180440678583 147 6 6 1.53 1 0.14496629210198328 0.0 0.8439122
true 0.0006597040865987669 1547 6 6 1.53 2 0.14496629210198328 0.0 13.6149701
true 0.00017128181893469319 2630 6 6 1.53 3 0.14496629210198328 0.0 30.3515134
true 0.0003712604050148949 7532 6 6 1.53 4 0.14496629210198328 0.0 109.8340412
true 0.03240464723117348 110 6 1 1.54 1 0.14320052060549301 0.0 0.6421105
true 0.0009654310670950128 1149 6 1 1.54 2 0.14320052060549301 0.0 9.748546
true 0.02772644785261197 1620 6 1 1.54 3 0.14320052060549301 0.0 19.1824591
true 8.399864751995612e-5 3828 6 1 1.54 4 0.14320052060549301 0.0 55.4557045
true 0.0320837661884186 107 6 2 1.54 1 0.14320052060549301 0.0 0.6170447
true 0.0008858362234165085 1156 6 2 1.54 2 0.14320052060549301 0.0 9.795827
true 0.0008913840502806913 3385 6 2 1.54 3 0.14320052060549301 0.0 39.3894079
true 0.00010014325976512306 5077 6 2 1.54 4 0.14320052060549301 0.0 71.8664713
true 0.031977132336990254 140 6 3 1.54 1 0.14320052060549301 0.0 0.7728682
true 0.0009003265128748605 580 6 3 1.54 2 0.14320052060549301 0.0 5.2327376
true 8.987716509234467e-5 2222 6 3 1.54 3 0.14320052060549301 0.0 25.8036768
true 0.0006043883352649752 4073 6 3 1.54 4 0.14320052060549301 0.0 58.0459455
true 0.030971185098213894 185 6 4 1.54 1 0.14320052060549301 0.0 1.0767159
true 0.0007293497074400135 1504 6 4 1.54 2 0.14320052060549301 0.0 12.6659497
true 0.01562867942800729 1240 6 4 1.54 3 0.14320052060549301 0.0 16.7145138
true 0.0001705968305250466 6613 6 4 1.54 4 0.14320052060549301 0.0 94.6291412
true 0.03036711558512205 153 6 5 1.54 1 0.14320052060549301 0.0 0.8890212
true 0.0007318649173541303 1247 6 5 1.54 2 0.14320052060549301 0.0 10.4620269
true 0.00029417410820663513 3292 6 5 1.54 3 0.14320052060549301 0.0 37.9084367
true 0.0001908289673736019 6386 6 5 1.54 4 0.14320052060549301 0.0 93.1726472
true 0.02530646717677436 384 6 6 1.54 1 0.14320052060549301 0.0 2.2401089
true 0.1671520220301447 795 6 6 1.54 2 0.14320052060549301 0.0 6.9450724
true 0.015577889153721778 3960 6 6 1.54 3 0.14320052060549301 0.0 47.0036197
true 0.00010223729211998138 3411 6 6 1.54 4 0.14320052060549301 0.0 50.0023375
true 0.031897845935343894 95 6 1 1.55 1 0.14146953786835154 0.0 0.5629329
true 0.0009378752340803431 443 6 1 1.55 2 0.14146953786835154 0.0 3.8409973
true 0.00010132528589312795 2241 6 1 1.55 3 0.14146953786835154 0.0 24.7960371
true 0.001134980606397995 1603 6 1 1.55 4 0.14146953786835154 0.0 26.3389535
true 0.03158893965897239 136 6 2 1.55 1 0.14146953786835154 0.0 0.7584355
true 0.0008609741600836551 1385 6 2 1.55 2 0.14146953786835154 0.0 11.9483459
true 0.0007343803765557377 686 6 2 1.55 3 0.14146953786835154 0.0 9.2565393
true 0.0005864228906865554 6110 6 2 1.55 4 0.14146953786835154 0.0 88.355421
true 0.03148604822899742 137 6 3 1.55 1 0.14146953786835154 0.0 0.8209103
true 0.0008737698943117045 1254 6 3 1.55 2 0.14146953786835154 0.0 10.7268423
true 0.001254242761040562 1062 6 3 1.55 3 0.14146953786835154 0.0 13.3093747
true 0.0008074185359725669 1776 6 3 1.55 4 0.14146953786835154 0.0 28.1388152
true 0.03050742147967557 128 6 4 1.55 1 0.14146953786835154 0.0 0.7573889
true 0.0007122746710219868 1096 6 4 1.55 2 0.14146953786835154 0.0 9.2439562
true 8.552707521101988e-5 3666 6 4 1.55 3 0.14146953786835154 0.0 40.4211411
true 0.00028497282332362595 2148 6 4 1.55 4 0.14146953786835154 0.0 33.2027278
true 0.21740775294709933 169 6 5 1.55 1 0.14146953786835154 0.0 1.0035445
true 0.0007113584152096619 2190 6 5 1.55 2 0.14146953786835154 0.0 18.8281816
true 0.012375374485659252 1617 6 5 1.55 3 0.14146953786835154 0.0 19.8652687
true 0.0006355401804559402 6531 6 5 1.55 4 0.14146953786835154 0.0 94.0661852
true 0.024933063850042986 172 6 6 1.55 1 0.14146953786835154 0.0 1.0446622
true 0.0006244494610398074 1842 6 6 1.55 2 0.14146953786835154 0.0 15.9998112
true 0.00013294399942136623 5295 6 6 1.55 3 0.14146953786835154 0.0 60.6710989
true 0.0005387110835565109 5411 6 6 1.55 4 0.14146953786835154 0.0 77.8685959
true 0.03140404661339252 90 6 1 1.56 1 0.13977241481340572 0.0 0.5371403
true 0.0009204640054648605 303 6 1 1.56 2 0.13977241481340572 0.0 3.166086
true 0.0009637962249524623 792 6 1 1.56 3 0.13977241481340572 0.0 9.6503193
true 0.0007704363223035582 675 6 1 1.56 4 0.13977241481340572 0.0 14.6756772
true 0.031105622270412192 112 6 2 1.56 1 0.13977241481340572 0.0 0.6853563
true 0.05358006966581036 315 6 2 1.56 2 0.13977241481340572 0.0 3.0935963
true 0.000479159547355279 5165 6 2 1.56 3 0.13977241481340572 0.0 56.9601332
true 0.0005035604478937084 3852 6 2 1.56 4 0.13977241481340572 0.0 55.251356
true 0.03100633189238927 118 6 3 1.56 1 0.13977241481340572 0.0 0.7341265
true 0.0008496543410755711 762 6 3 1.56 2 0.13977241481340572 0.0 6.6839217
true 0.0002481990760548151 9234 6 3 1.56 3 0.13977241481340572 0.0 106.493573
true 0.00021452824042894614 4357 6 3 1.56 4 0.13977241481340572 0.0 63.5007787
true 0.26464997212464336 108 6 4 1.56 1 0.13977241481340572 0.0 0.6468393
true 0.0006868693817458776 1291 6 4 1.56 2 0.13977241481340572 0.0 10.6965413
true 0.0005704411198968612 1958 6 4 1.56 3 0.13977241481340572 0.0 23.3977501
true 0.0007521809746928315 2556 6 4 1.56 4 0.13977241481340572 0.0 37.3199914
true 0.21692028108539643 155 6 5 1.56 1 0.13977241481340572 0.0 0.9056422
true 0.0006984937110006917 1484 6 5 1.56 2 0.13977241481340572 0.0 12.3355571
true 0.000252073529068364 5995 6 5 1.56 3 0.13977241481340572 0.0 69.8925675
true 0.000619389332392728 4394 6 5 1.56 4 0.13977241481340572 0.0 62.7130783
true 0.18096618884081384 130 6 6 1.56 1 0.13977241481340572 0.0 0.822549
true 0.0006133626632210213 1728 6 6 1.56 2 0.13977241481340572 0.0 14.4721379
true 0.00011527463679763168 1872 6 6 1.56 3 0.13977241481340572 0.0 22.7118511
true 0.0005682386667143954 4760 6 6 1.56 4 0.13977241481340572 0.0 70.4792691
true 0.03092139051148851 117 6 1 1.57 1 0.1381082521562763 0.0 0.6239949
true 0.0008862653245700347 1051 6 1 1.57 2 0.1381082521562763 0.0 8.7620241
true 0.00022120179464241163 2532 6 1 1.57 3 0.1381082521562763 0.0 28.6052131
true 3.768106690116291e-5 2938 6 1 1.57 4 0.1381082521562763 0.0 43.943708
true 0.03063370569229079 222 6 2 1.57 1 0.1381082521562763 0.0 1.167224
true 0.02883429821959907 526 6 2 1.57 2 0.1381082521562763 0.0 4.9520657
true 0.02514385554862944 2701 6 2 1.57 3 0.1381082521562763 0.0 31.4723707
true 0.0004437999934162329 7189 6 2 1.57 4 0.1381082521562763 0.0 102.5993843
true 0.343640470106668 110 6 3 1.57 1 0.1381082521562763 0.0 0.652503
true 0.0008259563545360282 1577 6 3 1.57 2 0.1381082521562763 0.0 13.7767241
true 0.00016696457971857961 2994 6 3 1.57 3 0.1381082521562763 0.0 34.6148017
true 0.0007557868968108653 2563 6 3 1.57 4 0.1381082521562763 0.0 38.1945665
true 0.02961064549193934 229 6 4 1.57 1 0.1381082521562763 0.0 1.2538577
true 0.0007119741817982334 596 6 4 1.57 2 0.1381082521562763 0.0 5.416268
true 0.000944890383555344 3834 6 4 1.57 3 0.1381082521562763 0.0 43.8474351
true 0.0005394393613716991 2581 6 4 1.57 4 0.1381082521562763 0.0 39.641242
true 0.02905424717920633 113 6 5 1.57 1 0.1381082521562763 0.0 0.6831436
true 0.0007116553494251998 991 6 5 1.57 2 0.1381082521562763 0.0 8.8127899
true 0.017795380842251574 3484 6 5 1.57 3 0.1381082521562763 0.0 40.6939392
true 0.00050168745336302 4761 6 5 1.57 4 0.1381082521562763 0.0 70.2982875
true 0.02421163471653054 192 6 6 1.57 1 0.1381082521562763 0.0 1.1064636
true 0.0006001737663007637 1982 6 6 1.57 2 0.1381082521562763 0.0 16.8612746
true 0.0003310290623981434 2132 6 6 1.57 3 0.1381082521562763 0.0 24.9622601
true 0.0004775446695856241 4448 6 6 1.57 4 0.1381082521562763 0.0 65.5521826
true 0.03045043854324625 101 6 1 1.58 1 0.13647617938387846 0.0 0.5591183
true 0.0008608403845950519 701 6 1 1.58 2 0.13647617938387846 0.0 6.0027125
true 0.0008293542597788139 675 6 1 1.58 3 0.13647617938387846 0.0 9.3601154
true 0.0006930235884307079 2728 6 1 1.58 4 0.13647617938387846 0.0 40.1018067
true 0.030172934687678843 123 6 2 1.58 1 0.13647617938387846 0.0 0.6593431
true 0.052205918302228954 310 6 2 1.58 2 0.13647617938387846 0.0 3.3309731
true 5.699706987061237e-5 3391 6 2 1.58 3 0.13647617938387846 0.0 38.1258479
true 0.0003469852474914381 8446 6 2 1.58 4 0.13647617938387846 0.0 118.3528884
true 0.030080390633471826 144 6 3 1.58 1 0.13647617938387846 0.0 0.7850243
true 0.0008038263629658685 1107 6 3 1.58 2 0.13647617938387846 0.0 9.4831622
true 0.028923560403464593 974 6 3 1.58 3 0.13647617938387846 0.0 12.3895724
true 0.00043410340409819986 4404 6 3 1.58 4 0.13647617938387846 0.0 61.9500361
true 0.029177725067077553 277 6 4 1.58 1 0.13647617938387846 0.0 1.4955835
true 0.0006486873965203671 1403 6 4 1.58 2 0.13647617938387846 0.0 11.7453721
true 0.00011564292185345382 3032 6 4 1.58 3 0.13647617938387846 0.0 35.423981
true 0.0007815067247673446 6119 6 4 1.58 4 0.13647617938387846 0.0 86.4003205
true 0.21667776972361077 150 6 5 1.58 1 0.13647617938387846 0.0 0.900675
true 0.0006569019470459181 1452 6 5 1.58 2 0.13647617938387846 0.0 12.4881152
true 0.02319472154666854 1065 6 5 1.58 3 0.13647617938387846 0.0 13.7207987
true 0.0006129118401255629 6133 6 5 1.58 4 0.13647617938387846 0.0 87.1782979
true 0.023863310894811873 248 6 6 1.58 1 0.13647617938387846 0.0 1.4966825
true 0.0005716617023926543 2768 6 6 1.58 2 0.13647617938387846 0.0 23.5970569
true 0.00036783475128234394 3289 6 6 1.58 3 0.13647617938387846 0.0 37.9449826
true 0.16707801441574546 1247 6 6 1.58 4 0.13647617938387846 0.0 20.4110348
true 0.029990741843417656 106 6 1 1.59 1 0.13487535376348045 0.0 0.6034594
true 0.0008398790153182345 772 6 1 1.59 2 0.13487535376348045 0.0 6.565463
true 0.0002569334404364243 1119 6 1 1.59 3 0.13487535376348045 0.0 14.3358363
true 0.00013228600413228708 4897 6 1 1.59 4 0.13487535376348045 0.0 69.5242622
true 0.029722635248949136 117 6 2 1.59 1 0.13487535376348045 0.0 0.6270096
true 0.0007707636607082735 825 6 2 1.59 2 0.13487535376348045 0.0 7.3728125
true 0.0006843340203006032 957 6 2 1.59 3 0.13487535376348045 0.0 12.0199412
true 0.001524807727053823 4210 6 2 1.59 4 0.13487535376348045 0.0 60.4065587
true 0.029633455436339846 132 6 3 1.59 1 0.13487535376348045 0.0 0.7398898
true 0.000781655471124465 1125 6 3 1.59 2 0.13487535376348045 0.0 9.6194063
true 0.00014024821995609985 3873 6 3 1.59 3 0.13487535376348045 0.0 43.1862497
true 0.0008224889569686256 3350 6 3 1.59 4 0.13487535376348045 0.0 48.0226931
true 0.02875431793331619 184 6 4 1.59 1 0.13487535376348045 0.0 1.0570557
true 0.0006303290057170785 1613 6 4 1.59 2 0.13487535376348045 0.0 13.6219252
true 0.0026256352545297457 4630 6 4 1.59 3 0.13487535376348045 0.0 54.6543824
true 0.0002598152103844842 7917 6 4 1.59 4 0.13487535376348045 0.0 114.1503971
true 0.028227056362406522 120 6 5 1.59 1 0.13487535376348045 0.0 0.7496358
true 0.0006410984224522575 1139 6 5 1.59 2 0.13487535376348045 0.0 9.34309
true 0.005078126042252473 2356 6 5 1.59 3 0.13487535376348045 0.0 28.0322964
true 0.0012136944911685821 4665 6 5 1.59 4 0.13487535376348045 0.0 68.5096489
true 0.023522648678889563 196 6 6 1.59 1 0.13487535376348045 0.0 1.1259474
true 0.0005613420349938428 1760 6 6 1.59 2 0.13487535376348045 0.0 14.8098113
true 0.0005608916132485061 3764 6 6 1.59 3 0.13487535376348045 0.0 43.9646195
true 0.00024848393634089677 6368 6 6 1.59 4 0.13487535376348045 0.0 94.8657159
true 0.029541530273903605 113 6 1 1.6 1 0.1333049593821452 0.0 0.6114101
true 0.02893873037678507 593 6 1 1.6 2 0.1333049593821452 0.0 5.5851611
true 0.029021788814290073 942 6 1 1.6 3 0.1333049593821452 0.0 11.6461074
true 0.0007462711389021326 7135 6 1 1.6 4 0.1333049593821452 0.0 101.9241964
true 0.029283192355884474 103 6 2 1.6 1 0.1333049593821452 0.0 0.6221119
true 0.0007500395589270237 1071 6 2 1.6 2 0.1333049593821452 0.0 9.0413874
true 3.9555667279672635e-5 4332 6 2 1.6 3 0.1333049593821452 0.0 48.9627225
true 9.790678022894572e-5 5845 6 2 1.6 4 0.1333049593821452 0.0 84.0060881
true 0.02919843379691761 121 6 3 1.6 1 0.1333049593821452 0.0 0.6958472
true 0.0007601185651831358 1458 6 3 1.6 2 0.1333049593821452 0.0 12.3976975
true 0.0001326649754659348 1832 6 3 1.6 3 0.1333049593821452 0.0 21.1000817
true 8.639146139756877e-5 9072 6 3 1.6 4 0.1333049593821452 0.0 129.3053571
true 0.028340777889622554 137 6 4 1.6 1 0.1333049593821452 0.0 0.8014963
true 0.0006160843197397792 2055 6 4 1.6 2 0.1333049593821452 0.0 16.5772718
true 0.0001038709778093394 2629 6 4 1.6 3 0.1333049593821452 0.0 30.0657585
true 0.0007839975935083482 2831 6 4 1.6 4 0.1333049593821452 0.0 41.6551863
true 0.21621761118419042 155 6 5 1.6 1 0.1333049593821452 0.0 0.9499961
true 0.0006231707985850487 1567 6 5 1.6 2 0.1333049593821452 0.0 13.391462
true 0.00014914445880497284 8864 6 5 1.6 3 0.1333049593821452 0.0 101.4378455
true 0.0006407323706315027 5676 6 5 1.6 4 0.1333049593821452 0.0 85.3081866
true 0.023189099572234233 281 6 6 1.6 1 0.1333049593821452 0.0 1.5548658
true 0.0005451523299725517 1494 6 6 1.6 2 0.1333049593821452 0.0 12.442514
true 0.0001112083602951471 3836 6 6 1.6 3 0.1333049593821452 0.0 43.4725102
true 0.000470622465369247 3957 6 6 1.6 4 0.1333049593821452 0.0 57.9945688
true 0.029103177354350085 95 6 1 1.61 1 0.13176420621645163 0.0 0.5874078
true 0.0007914552561887889 1301 6 1 1.61 2 0.13176420621645163 0.0 11.5999666
true 2.535180288859573e-5 1740 6 1 1.61 3 0.13176420621645163 0.0 20.5409026
true 0.0007408204694359655 1400 6 1 1.61 4 0.13176420621645163 0.0 21.9317084
true 0.028853447215203692 166 6 2 1.61 1 0.13176420621645163 0.0 0.8963601
true 0.02726356658939172 471 6 2 1.61 2 0.13176420621645163 0.0 4.4026952
true 0.026985884169868052 900 6 2 1.61 3 0.13176420621645163 0.0 11.713931
true 0.00033251675058407204 6451 6 2 1.61 4 0.13176420621645163 0.0 89.9971793
true 0.028769970787027404 158 6 3 1.61 1 0.13176420621645163 0.0 0.8529687
true 0.0011609837499699793 407 6 3 1.61 2 0.13176420621645163 0.0 3.9026031
true 0.00014671530439049527 1390 6 3 1.61 3 0.13176420621645163 0.0 17.2820903
true 0.0004940883210953947 2388 6 3 1.61 4 0.13176420621645163 0.0 34.8356148
true 0.027936360913410285 126 6 4 1.61 1 0.13176420621645163 0.0 0.7148558
true 0.0006057412391814315 825 6 4 1.61 2 0.13176420621645163 0.0 6.8900433
true 0.014035635452574663 3709 6 4 1.61 3 0.13176420621645163 0.0 41.6974715
true 0.0002695826547027824 7777 6 4 1.61 4 0.13176420621645163 0.0 112.6882619
true 0.02743552648454507 174 6 5 1.61 1 0.13176420621645163 0.0 1.014814
true 0.0006024908060948908 1221 6 5 1.61 2 0.13176420621645163 0.0 10.2538787
true 0.005355952917702867 4822 6 5 1.61 3 0.13176420621645163 0.0 54.7812252
true 0.0006630873864502451 2270 6 5 1.61 4 0.13176420621645163 0.0 35.1379709
true 0.022864556028063837 162 6 6 1.61 1 0.13176420621645163 0.0 0.938902
true 0.0005296562038252054 1497 6 6 1.61 2 0.13176420621645163 0.0 12.2683756
true 0.0001513500375320831 4619 6 6 1.61 3 0.13176420621645163 0.0 54.212246
true 0.000500017517184805 7640 6 6 1.61 4 0.13176420621645163 0.0 109.0990844
true 0.028674346347882407 119 6 1 1.62 1 0.1302523292320997 0.0 0.6426604
true 0.0007698365559487552 462 6 1 1.62 2 0.1302523292320997 0.0 4.1516073
true 0.00021531724097390015 2064 6 1 1.62 3 0.1302523292320997 0.0 23.9013778
true 0.00019770617145559166 3811 6 1 1.62 4 0.1302523292320997 0.0 54.0182836
true 0.028433012538326946 117 6 2 1.62 1 0.1302523292320997 0.0 0.6939501
true 0.026816682260596497 655 6 2 1.62 2 0.1302523292320997 0.0 5.9389603
true 0.0009673185300082265 2404 6 2 1.62 3 0.1302523292320997 0.0 26.5254098
true 0.013868622324292756 3096 6 2 1.62 4 0.1302523292320997 0.0 45.7358434
true 0.02835252096198021 117 6 3 1.62 1 0.1302523292320997 0.0 0.7012362
true 0.0007202941992627832 1967 6 3 1.62 2 0.1302523292320997 0.0 16.326367
true 0.0008301803900817214 3804 6 3 1.62 3 0.1302523292320997 0.0 42.7960768
true 0.00014463532494514894 7512 6 3 1.62 4 0.1302523292320997 0.0 104.2854484
true 0.027540449792016572 135 6 4 1.62 1 0.1302523292320997 0.0 0.8051939
true 0.0005965574809822655 1596 6 4 1.62 2 0.1302523292320997 0.0 13.3381717
true 0.00010599656542041591 2609 6 4 1.62 3 0.1302523292320997 0.0 30.112287
true 0.0004634702238584948 1590 6 4 1.62 4 0.1302523292320997 0.0 26.3640376
true 0.21558316582356082 89 6 5 1.62 1 0.1302523292320997 0.0 0.6054086
true 0.0005895378652620243 1190 6 5 1.62 2 0.1302523292320997 0.0 10.1350674
true 0.00017126897461576806 4602 6 5 1.62 3 0.1302523292320997 0.0 51.4120533
true 0.0005998387051852183 4232 6 5 1.62 4 0.1302523292320997 0.0 60.4975395
true 0.022544708964102295 137 6 6 1.62 1 0.1302523292320997 0.0 0.8370504
true 0.0005201217756181838 4603 6 6 1.62 2 0.1302523292320997 0.0 39.1552237
true 0.018258298929685307 2001 6 6 1.62 3 0.1302523292320997 0.0 24.0721075
true 0.000478913843354208 4850 6 6 1.62 4 0.1302523292320997 0.0 70.6626947
true 0.028255474314374585 86 6 1 1.63 1 0.1287685875130133 0.0 0.492223
true 0.0007490137565175914 465 6 1 1.63 2 0.1287685875130133 0.0 4.0524686
true 0.00014966139556771285 3111 6 1 1.63 3 0.1287685875130133 0.0 34.3742702
true 0.0006139626165023171 2596 6 1 1.63 4 0.1287685875130133 0.0 37.4796434
true 0.028022450795934906 136 6 2 1.63 1 0.1287685875130133 0.0 0.7156119
true 0.04886353298753204 327 6 2 1.63 2 0.1287685875130133 0.0 3.2264039
true 0.0010689472412198087 1704 6 2 1.63 3 0.1287685875130133 0.0 20.1818645
true 0.0003852772026640694 7248 6 2 1.63 4 0.1287685875130133 0.0 101.7501377
true 0.027944798256782626 290 6 3 1.63 1 0.1287685875130133 0.0 1.5842435
true 0.0007007293358368138 1336 6 3 1.63 2 0.1287685875130133 0.0 11.3843162
true 0.018559035272036024 918 6 3 1.63 3 0.1287685875130133 0.0 11.5267725
true 0.0008845136105014954 4155 6 3 1.63 4 0.1287685875130133 0.0 60.7382474
true 0.027153276983328478 151 6 4 1.63 1 0.1287685875130133 0.0 0.8763175
true 0.0005663980028711296 1368 6 4 1.63 2 0.1287685875130133 0.0 11.219936
true 0.00684795866685356 2369 6 4 1.63 3 0.1287685875130133 0.0 28.1766776
true 0.0004321091300192731 5654 6 4 1.63 4 0.1287685875130133 0.0 79.7786504
true 0.026678328570977496 180 6 5 1.63 1 0.1287685875130133 0.0 1.0503813
true 0.0007397660169010334 885 6 5 1.63 2 0.1287685875130133 0.0 7.6865239
true 0.20009662242683096 4912 6 5 1.63 3 0.1287685875130133 0.0 56.3708622
true 0.0005599055200506409 2849 6 5 1.63 4 0.1287685875130133 0.0 41.5084807
true 0.33788864453309086 128 6 6 1.63 1 0.1287685875130133 0.0 0.797868
true 0.000503773545784079 1980 6 6 1.63 2 0.1287685875130133 0.0 16.6523773
true 0.00015816602927422782 8622 6 6 1.63 3 0.1287685875130133 0.0 99.0304688
true 0.00028053597761096283 6310 6 6 1.63 4 0.1287685875130133 0.0 89.4486633
true 0.02784595857163291 88 6 1 1.64 1 0.12731226341949994 0.0 0.5605175
true 0.0007291336772203283 877 6 1 1.64 2 0.12731226341949994 0.0 7.2344243
true 0.0007101373247743181 858 6 1 1.64 3 0.12731226341949994 0.0 11.3241833
true 0.00016167962814261916 3079 6 1 1.64 4 0.12731226341949994 0.0 45.8098457
true 0.027620968823518083 131 6 2 1.64 1 0.12731226341949994 0.0 0.7324266
true 0.04831331906462363 509 6 2 1.64 2 0.12731226341949994 0.0 4.7618059
true 0.00029714406678921224 3683 6 2 1.64 3 0.12731226341949994 0.0 39.9934649
true 0.00014908192163970435 3227 6 2 1.64 4 0.12731226341949994 0.0 47.573882
true 0.0275458199318027 188 6 3 1.64 1 0.12731226341949994 0.0 1.0521529
true 0.000683295422984953 1176 6 3 1.64 2 0.12731226341949994 0.0 9.5495893
true 0.017479123706582295 1940 6 3 1.64 3 0.12731226341949994 0.0 23.2733572
true 0.00047575227527107966 2110 6 3 1.64 4 0.12731226341949994 0.0 31.649917
true 0.026774664005408053 136 6 4 1.64 1 0.12731226341949994 0.0 0.7743531
true 0.0005541105988188244 838 6 4 1.64 2 0.12731226341949994 0.0 6.9663553
true 0.026341691234502765 1372 6 4 1.64 3 0.12731226341949994 0.0 16.1265677
true 0.0007037872589924082 5062 6 4 1.64 4 0.12731226341949994 0.0 71.6066201
true 0.2151741459625331 185 6 5 1.64 1 0.12731226341949994 0.0 1.0205213
true 0.0005590729124108184 1482 6 5 1.64 2 0.12731226341949994 0.0 12.210055
true 0.010878102426436331 3259 6 5 1.64 3 0.12731226341949994 0.0 38.3513734
true 0.0005115236546553547 6137 6 5 1.64 4 0.12731226341949994 0.0 87.821863
true 0.021926866522745742 142 6 6 1.64 1 0.12731226341949994 0.0 0.8352585
true 0.0004928225092040809 1719 6 6 1.64 2 0.12731226341949994 0.0 14.4777602
true 0.00023436671078245577 8793 6 6 1.64 3 0.12731226341949994 0.0 101.3145473
true 0.0004428561382040878 7688 6 6 1.64 4 0.12731226341949994 0.0 110.2736059
true 0.027446065999081004 101 6 1 1.65 1 0.125882661774852 0.0 0.561491
true 0.04888239205235384 247 6 1 1.65 2 0.125882661774852 0.0 2.6416551
true 0.0006449693293927306 3888 6 1 1.65 3 0.125882661774852 0.0 44.1672712
true 0.0002023872292951645 4280 6 1 1.65 4 0.125882661774852 0.0 61.1565776
true 0.027228229266472087 162 6 2 1.65 1 0.125882661774852 0.0 0.8424953
true 0.02579201065248876 901 6 2 1.65 2 0.125882661774852 0.0 7.6383678
true 5.13393326067868e-5 7576 6 2 1.65 3 0.125882661774852 0.0 84.1535252
true 0.0009434642080140276 3810 6 2 1.65 4 0.125882661774852 0.0 56.0275279
true 0.027155834630589976 147 6 3 1.65 1 0.125882661774852 0.0 0.8112776
true 0.0006648749036193465 1414 6 3 1.65 2 0.125882661774852 0.0 12.078549
true 0.0004481399922349194 1366 6 3 1.65 3 0.125882661774852 0.0 16.6704379
true 6.654057868415997e-5 8562 6 3 1.65 4 0.125882661774852 0.0 119.2845341
true 0.26268136224205174 128 6 4 1.65 1 0.125882661774852 0.0 0.7040113
true 0.00055201875347477 1571 6 4 1.65 2 0.125882661774852 0.0 12.602932
true 0.019684721277937217 2070 6 4 1.65 3 0.125882661774852 0.0 23.4649007
true 0.0007770865426832141 7650 6 4 1.65 4 0.125882661774852 0.0 109.2587665
true 0.025952848684383422 134 6 5 1.65 1 0.125882661774852 0.0 0.8189522
true 0.0005366909957359334 722 6 5 1.65 2 0.125882661774852 0.0 6.8085342
true 0.021083626315840064 4502 6 5 1.65 3 0.125882661774852 0.0 51.0750938
true 0.0005164249632994778 4093 6 5 1.65 4 0.125882661774852 0.0 58.6431209
true 0.021627847591362503 225 6 6 1.65 1 0.125882661774852 0.0 1.2489968
true 0.0007101795851209755 530 6 6 1.65 2 0.125882661774852 0.0 4.9837953
true 0.009022965814634595 5769 6 6 1.65 3 0.125882661774852 0.0 65.7426777
true 0.0018286573113508175 4119 6 6 1.65 4 0.125882661774852 0.0 59.6399534
true 0.027054519530838594 103 6 1 1.66 1 0.12447910907986316 0.0 0.5722762
true 0.0006906422957062008 462 6 1 1.66 2 0.12447910907986316 0.0 4.0473169
true 0.0001904056246639918 2581 6 1 1.66 3 0.12447910907986316 0.0 28.9310616
true 0.000560757135348755 2355 6 1 1.66 4 0.12447910907986316 0.0 33.6942775
true 0.026844694483606685 129 6 2 1.66 1 0.12447910907986316 0.0 0.7174004
true 0.0006408773929439393 1593 6 2 1.66 2 0.12447910907986316 0.0 12.9789229
true 0.00037191582372003706 1410 6 2 1.66 3 0.12447910907986316 0.0 16.5395306
true 0.0004024102732721746 4332 6 2 1.66 4 0.12447910907986316 0.0 63.2394044
true 0.026774274673840154 159 6 3 1.66 1 0.12447910907986316 0.0 0.8707863
true 0.0006473134615437118 877 6 3 1.66 2 0.12447910907986316 0.0 7.5288634
true 0.0004076872831345428 1811 6 3 1.66 3 0.12447910907986316 0.0 21.0698039
true 0.0009356636884219985 4083 6 3 1.66 4 0.12447910907986316 0.0 59.1320771
true 0.02604126602251325 129 6 4 1.66 1 0.12447910907986316 0.0 0.7202527
true 0.0005287120265351497 2184 6 4 1.66 2 0.12447910907986316 0.0 18.3066844
true 0.006441285343794373 2326 6 4 1.66 3 0.12447910907986316 0.0 25.9606072
true 6.345513757935461e-5 2891 6 4 1.66 4 0.12447910907986316 0.0 41.8462728
true 0.21606460924320067 142 6 5 1.66 1 0.12447910907986316 0.0 0.8125076
true 0.000667837746879163 600 6 5 1.66 2 0.12447910907986316 0.0 5.3456738
true 0.020743827682323322 2909 6 5 1.66 3 0.12447910907986316 0.0 34.0564863
true 0.0008539557113760199 5510 6 5 1.66 4 0.12447910907986316 0.0 77.9633554
true 0.021334909858799645 176 6 6 1.66 1 0.12447910907986316 0.0 1.0412202
true 0.0004617449082187919 1534 6 6 1.66 2 0.12447910907986316 0.0 12.6721349
true 0.0005549390106342015 7470 6 6 1.66 3 0.12447910907986316 0.0 85.8162685
true 7.11658345589709e-5 5973 6 6 1.66 4 0.12447910907986316 0.0 86.4866894
true 0.026671729748696138 108 6 1 1.67 1 0.12310095275454412 0.0 0.6015286
true 0.0006742819814679613 1710 6 1 1.67 2 0.12310095275454412 0.0 14.4447421
true 0.0006742100493971059 669 6 1 1.67 3 0.12310095275454412 0.0 8.9622782
true 0.0010550704040596104 2787 6 1 1.67 4 0.12310095275454412 0.0 40.0595909
true 0.026468538691824278 120 6 2 1.67 1 0.12310095275454412 0.0 0.6847786
true 0.0249343993521301 537 6 2 1.67 2 0.12310095275454412 0.0 4.9044339
true 0.0011263862795242718 3347 6 2 1.67 3 0.12310095275454412 0.0 37.3439832
true 0.0013365934114566158 5401 6 2 1.67 4 0.12310095275454412 0.0 76.0190425
true 0.3422240547361799 94 6 3 1.67 1 0.12310095275454412 0.0 0.5779139
true 0.0006308479067589542 780 6 3 1.67 2 0.12310095275454412 0.0 6.524912
true 0.000389496207545396 5827 6 3 1.67 3 0.12310095275454412 0.0 66.2119196
true 0.00027993530890576174 9861 6 3 1.67 4 0.12310095275454412 0.0 142.0894926
true 0.025686223794192914 230 6 4 1.67 1 0.12310095275454412 0.0 1.2865531
true 0.000504074427233589 1411 6 4 1.67 2 0.12310095275454412 0.0 12.1463562
true 0.012677755093438658 4995 6 4 1.67 3 0.12310095275454412 0.0 55.9465464
true 0.0006172441009166529 2598 6 4 1.67 4 0.12310095275454412 0.0 38.6625341
true 0.025257523253079107 283 6 5 1.67 1 0.12310095275454412 0.0 1.566954
true 0.005165248210689854 1121 6 5 1.67 2 0.12310095275454412 0.0 9.7653619
true 0.02042652277613253 887 6 5 1.67 3 0.12310095275454412 0.0 11.2915745
true 0.00018412859061156528 6015 6 5 1.67 4 0.12310095275454412 0.0 84.9063313
true 0.02104843969709569 195 6 6 1.67 1 0.12310095275454412 0.0 1.058999
true 0.00046012288934807466 2171 6 6 1.67 2 0.12310095275454412 0.0 18.1217321
true 0.0006388475380299704 3038 6 6 1.67 3 0.12310095275454412 0.0 35.5537794
true 0.0003013216686370279 6407 6 6 1.67 4 0.12310095275454412 0.0 93.1584376
true 0.026297373706288985 117 6 1 1.68 1 0.12174756040643517 0.0 0.6945841
true 0.0006551374683390621 1230 6 1 1.68 2 0.12174756040643517 0.0 10.1948367
true 0.000614248437300513 1476 6 1 1.68 3 0.12174756040643517 0.0 16.8879826
true 0.00016939555670059114 9931 6 1 1.68 4 0.12174756040643517 0.0 140.9582754
true 0.02610105796692372 117 6 2 1.68 1 0.12174756040643517 0.0 0.6617425
true 0.0006066832474412309 656 6 2 1.68 2 0.12174756040643517 0.0 5.6747129
true 0.00032112295684305625 2783 6 2 1.68 3 0.12174756040643517 0.0 31.0955922
true 0.00014264735730412648 5362 6 2 1.68 4 0.12174756040643517 0.0 75.2970956
true 0.02603560073106524 127 6 3 1.68 1 0.12174756040643517 0.0 0.7173984
true 0.000614592389075741 1027 6 3 1.68 2 0.12174756040643517 0.0 8.6305522
true 0.0001218202992875339 1914 6 3 1.68 3 0.12174756040643517 0.0 21.3403288
true 0.0004601977508394417 2588 6 3 1.68 4 0.12174756040643517 0.0 38.0119083
true 0.02533899993569727 136 6 4 1.68 1 0.12174756040643517 0.0 0.8038008
true 0.0005087817470435657 1317 6 4 1.68 2 0.12174756040643517 0.0 10.7570052
true 9.437730788122711e-5 838 6 4 1.68 3 0.12174756040643517 0.0 11.3921501
true 0.0005072449435565979 3280 6 4 1.68 4 0.12174756040643517 0.0 47.6202935
true 0.024920944586223893 138 6 5 1.68 1 0.12174756040643517 0.0 0.835418
true 0.0004998891287144147 485 6 5 1.68 2 0.12174756040643517 0.0 4.5215492
true 0.017329637476902693 1824 6 5 1.68 3 0.12174756040643517 0.0 21.7114621
true 0.0003821960878701458 4718 6 5 1.68 4 0.12174756040643517 0.0 69.5760664
true 0.02076726822825256 210 6 6 1.68 1 0.12174756040643517 0.0 1.2227007
true 0.0004359423645432607 720 6 6 1.68 2 0.12174756040643517 0.0 6.5472282
true 0.00028181457565385853 3695 6 6 1.68 3 0.12174756040643517 0.0 42.2144684
true 0.00025707327243413663 5014 6 6 1.68 4 0.12174756040643517 0.0 71.3261061
true 0.025931371925081825 104 6 1 1.69 1 0.12041831912479119 0.0 0.6171638
true 0.0006389963607280613 1315 6 1 1.69 2 0.12041831912479119 0.0 10.7932904
true 0.024818816282217326 1717 6 1 1.69 3 0.12041831912479119 0.0 20.5220211
true 0.0005022797281665214 1311 6 1 1.69 4 0.12041831912479119 0.0 20.9030186
true 0.025741260692359658 151 6 2 1.69 1 0.12041831912479119 0.0 0.8500033
true 0.0005914139553286346 920 6 2 1.69 2 0.12041831912479119 0.0 7.6175754
true 8.121985392325892e-5 1555 6 2 1.69 3 0.12041831912479119 0.0 18.8311038
true 0.0001341657339854474 6233 6 2 1.69 4 0.12041831912479119 0.0 88.1359632
true 0.025678165009072218 176 6 3 1.69 1 0.12041831912479119 0.0 0.9761447
true 0.0006100372336924434 490 6 3 1.69 2 0.12041831912479119 0.0 4.4256815
true 8.200645771435273e-5 3625 6 3 1.69 3 0.12041831912479119 0.0 42.2773689
true 0.0006299567519291357 6247 6 3 1.69 4 0.12041831912479119 0.0 88.1614365
true 0.02499838003933158 181 6 4 1.69 1 0.12041831912479119 0.0 0.9863665
true 0.0004810030560922496 593 6 4 1.69 2 0.12041831912479119 0.0 5.1607204
true 0.00024212180463510646 3120 6 4 1.69 3 0.12041831912479119 0.0 35.1864212
true 0.0006621239448537791 7440 6 4 1.69 4 0.12041831912479119 0.0 106.5671964
true 0.2109502295177344 164 6 5 1.69 1 0.12041831912479119 0.0 0.99218
true 0.0004932853180113384 1666 6 5 1.69 2 0.12041831912479119 0.0 13.6754694
true 8.197329874796156e-5 5113 6 5 1.69 3 0.12041831912479119 0.0 58.5072826
true 0.0006125384913400423 8377 6 5 1.69 4 0.12041831912479119 0.0 121.3399196
true 0.020492414505730444 446 6 6 1.69 1 0.12041831912479119 0.0 2.513698
true 0.00042858724534540943 1639 6 6 1.69 2 0.12041831912479119 0.0 13.4977048
true 0.00012063047764851453 2847 6 6 1.69 3 0.12041831912479119 0.0 31.6937673
true 0.0005891486034458882 4379 6 6 1.69 4 0.12041831912479119 0.0 62.299367
true 0.025572974921822866 113 6 1 1.7 1 0.11911263479990587 0.0 0.6050439
true 0.025121159243723157 486 6 1 1.7 2 0.11911263479990587 0.0 4.2364221
true 0.0001705226902356527 1922 6 1 1.7 3 0.11911263479990587 0.0 21.9025134
true 0.0007342805649278583 2713 6 1 1.7 4 0.11911263479990587 0.0 40.3369075
true 0.02538948996126275 123 6 2 1.7 1 0.11911263479990587 0.0 0.6732006
true 0.0005763074517508848 356 6 2 1.7 2 0.11911263479990587 0.0 3.3248359
true 0.0005277269316666389 2133 6 2 1.7 3 0.11911263479990587 0.0 25.2315223
true 0.0003620281066187836 4483 6 2 1.7 4 0.11911263479990587 0.0 62.9986992
true 0.025328166621256993 141 6 3 1.7 1 0.11911263479990587 0.0 0.836354
true 0.0005834922088786554 565 6 3 1.7 2 0.11911263479990587 0.0 4.8838815
true 0.02455687092253946 1656 6 3 1.7 3 0.11911263479990587 0.0 19.7329804
true 0.00015403438454112775 2282 6 3 1.7 4 0.11911263479990587 0.0 33.2365651
true 0.02466538955477522 240 6 4 1.7 1 0.11911263479990587 0.0 1.2828557
true 0.03869391552941681 916 6 4 1.7 2 0.11911263479990587 0.0 7.8663584
true 9.279976288532887e-5 4078 6 4 1.7 3 0.11911263479990587 0.0 46.3527415
true 0.0002155478612717726 5864 6 4 1.7 4 0.11911263479990587 0.0 85.0758015
true 0.02426747655157956 224 6 5 1.7 1 0.11911263479990587 0.0 1.2396638
true 0.0004810587966783242 2285 6 5 1.7 2 0.11911263479990587 0.0 19.1434593
true 0.0006998361443886547 2773 6 5 1.7 3 0.11911263479990587 0.0 33.8829508
true 0.00040978716804362936 2670 6 5 1.7 4 0.11911263479990587 0.0 41.5857893
true 0.02022367551608706 289 6 6 1.7 1 0.11911263479990587 0.0 1.6678718
true 0.00046446364199119 1077 6 6 1.7 2 0.11911263479990587 0.0 9.5239795
true 9.208523756389549e-5 4723 6 6 1.7 3 0.11911263479990587 0.0 57.0070383
true 0.0001860889391322821 9595 6 6 1.7 4 0.11911263479990587 0.0 143.8396322
true 0.02522233206163349 106 6 1 1.71 1 0.11782993146688864 0.0 0.630091
true 0.023586091397516995 801 6 1 1.71 2 0.11782993146688864 0.0 6.8448514
true 0.0006246416653376552 1798 6 1 1.71 3 0.11782993146688864 0.0 21.6809848
true 0.0002449132762728512 7055 6 1 1.71 4 0.11782993146688864 0.0 101.4302678
true 0.025044598254119227 114 6 2 1.71 1 0.11782993146688864 0.0 0.6431071
true 0.0005619606579549408 1515 6 2 1.71 2 0.11782993146688864 0.0 12.8278378
true 0.00039233936040200534 1574 6 2 1.71 3 0.11782993146688864 0.0 19.899478
true 0.012761748083238433 1671 6 2 1.71 4 0.11782993146688864 0.0 26.4463819
true 0.02498564464330379 97 6 3 1.71 1 0.11782993146688864 0.0 0.6135688
true 0.000568407958857912 1089 6 3 1.71 2 0.11782993146688864 0.0 9.2470812
true 0.00010963571586277328 3290 6 3 1.71 3 0.11782993146688864 0.0 38.5007845
true 0.0008284480727251039 1381 6 3 1.71 4 0.11782993146688864 0.0 25.5294071
true 0.02433873957255181 148 6 4 1.71 1 0.11782993146688864 0.0 0.8607643
true 0.00046896024347535537 1519 6 4 1.71 2 0.11782993146688864 0.0 12.9986363
true 0.0011908783586652427 2383 6 4 1.71 3 0.11782993146688864 0.0 30.1995008
true 0.0004209044593498912 5118 6 4 1.71 4 0.11782993146688864 0.0 82.5191357
true 0.02395066930921369 151 6 5 1.71 1 0.11782993146688864 0.0 1.0198492
true 0.0004694083183625963 1563 6 5 1.71 2 0.11782993146688864 0.0 14.2786912
true 0.00032130844056460495 2159 6 5 1.71 3 0.11782993146688864 0.0 28.816431
true 0.0003956606896866388 5774 6 5 1.71 4 0.11782993146688864 0.0 95.3496172
true 0.019959176166852926 207 6 6 1.71 1 0.11782993146688864 0.0 1.3863769
true 0.00041822052490990874 1684 6 6 1.71 2 0.11782993146688864 0.0 15.7134232
true 0.016113672665082412 1876 6 6 1.71 3 0.11782993146688864 0.0 26.7741935
true 0.0004899291346664447 4722 6 6 1.71 4 0.11782993146688864 0.0 78.0551392
true 0.02487902513840573 114 6 1 1.72 1 0.11656965067313527 0.0 0.7674687
true 0.0005918565527798791 1378 6 1 1.72 2 0.11656965067313527 0.0 13.2928472
true 0.00048113670947175224 2099 6 1 1.72 3 0.11656965067313527 0.0 27.1087977
true 0.0004716208156937407 2915 6 1 1.72 4 0.11656965067313527 0.0 49.6147725
true 0.024708253162850052 116 6 2 1.72 1 0.11656965067313527 0.0 0.7810186
true 0.0437857375832596 305 6 2 1.72 2 0.11656965067313527 0.0 3.4030269
true 0.0005067459115796757 2492 6 2 1.72 3 0.11656965067313527 0.0 33.9218446
true 0.0012232482546344903 2026 6 2 1.72 4 0.11656965067313527 0.0 34.3297597
true 0.02464988139273157 212 6 3 1.72 1 0.11656965067313527 0.0 1.3384872
true 0.0005558890642112605 917 6 3 1.72 2 0.11656965067313527 0.0 8.8304682
true 8.952405244500028e-5 2662 6 3 1.72 3 0.11656965067313527 0.0 34.0543197
true 0.0003557591225802533 2554 6 3 1.72 4 0.11656965067313527 0.0 44.2687985
true 0.024019084551921588 163 6 4 1.72 1 0.11656965067313527 0.0 1.0165396
true 0.0005018187339555641 780 6 4 1.72 2 0.11656965067313527 0.0 7.7472102
true 0.017883215140593337 581 6 4 1.72 3 0.11656965067313527 0.0 9.7355207
true 0.0003450816895428088 4727 6 4 1.72 4 0.11656965067313527 0.0 78.210688
true 0.21368893279818688 145 6 5 1.72 1 0.11656965067313527 0.0 1.0297287
true 0.00045811374041301314 1637 6 5 1.72 2 0.11656965067313527 0.0 15.7334174
true 0.00026970568460097375 2421 6 5 1.72 3 0.11656965067313527 0.0 32.4643824
true 0.0004265819249602454 8253 6 5 1.72 4 0.11656965067313527 0.0 138.4519238
true 0.17818881202830347 194 6 6 1.72 1 0.11656965067313527 0.0 1.3072441
true 0.0004164196304120478 1595 6 6 1.72 2 0.11656965067313527 0.0 15.0875911
true 0.0004303967494456347 3616 6 6 1.72 3 0.11656965067313527 0.0 45.8914295
true 0.0002056593869403748 6361 6 6 1.72 4 0.11656965067313527 0.0 104.3332781
true 0.024543183611777153 91 6 1 1.73 1 0.11533125086878497 0.0 0.6078961
true 0.0005751882153056109 420 6 1 1.73 2 0.11533125086878497 0.0 4.2000084
true 0.000558387503425295 952 6 1 1.73 3 0.11533125086878497 0.0 14.1836117
true 1.0111814249813555e-5 3437 6 1 1.73 4 0.11533125086878497 0.0 56.6076937
true 0.02437686466684913 161 6 2 1.73 1 0.11533125086878497 0.0 0.9868262
true 0.0005347468071940364 2018 6 2 1.73 2 0.11533125086878497 0.0 19.787558
true 0.0003602211415803247 1153 6 2 1.73 3 0.11533125086878497 0.0 16.1394049
true 0.00010396398993425815 5345 6 2 1.73 4 0.11533125086878497 0.0 87.7939858
true 0.02432168040152599 118 6 3 1.73 1 0.11533125086878497 0.0 0.7871007
true 0.0005413099944960864 901 6 3 1.73 2 0.11533125086878497 0.0 8.5540295
true 0.0002571208887066634 2681 6 3 1.73 3 0.11533125086878497 0.0 35.4954337
true 0.0006523848920692021 4022 6 3 1.73 4 0.11533125086878497 0.0 68.0328129
true 0.02370546116755963 241 6 4 1.73 1 0.11533125086878497 0.0 1.5365359
true 0.00044099618392938467 1917 6 4 1.73 2 0.11533125086878497 0.0 18.3680364
true 0.00035886862931459873 4263 6 4 1.73 3 0.11533125086878497 0.0 55.1824958
true 0.0003288046118105903 8821 6 4 1.73 4 0.11533125086878497 0.0 143.5635245
true 0.023335869137030996 149 6 5 1.73 1 0.11533125086878497 0.0 1.0067309
true 0.0004459949785729944 1448 6 5 1.73 2 0.11533125086878497 0.0 13.8610995
true 0.0007263114238272195 2040 6 5 1.73 3 0.11533125086878497 0.0 29.1811323
true 0.0005124201752823243 1118 6 5 1.73 4 0.11533125086878497 0.0 21.2978369
true 0.01944680561200557 137 6 6 1.73 1 0.11533125086878497 0.0 0.9322719
true 0.00039087826445468227 1809 6 6 1.73 2 0.11533125086878497 0.0 17.2609302
true 6.84865027949048e-5 4756 6 6 1.73 3 0.11533125086878497 0.0 61.5890494
true 0.0003879648824849276 6022 6 6 1.73 4 0.11533125086878497 0.0 99.148262
true 0.024214076550663266 90 6 1 1.74 1 0.11411420681941019 0.0 0.6080364
true 0.024195538445987375 302 6 1 1.74 2 0.11411420681941019 0.0 3.7449944
true 0.0001442135652161003 2582 6 1 1.74 3 0.11411420681941019 0.0 35.023188
true 0.0002013553720037753 1076 6 1 1.74 4 0.11411420681941019 0.0 21.5035567
true 0.02405298347760479 155 6 2 1.74 1 0.11411420681941019 0.0 0.9983387
true 0.0005209747723679825 726 6 2 1.74 2 0.11411420681941019 0.0 6.8700164
true 8.554496220739005e-5 3772 6 2 1.74 3 0.11411420681941019 0.0 48.9673547
true 0.0012635611068618213 13879 6 2 1.74 4 0.11411420681941019 0.0 223.8288456
true 0.023999446355650062 115 6 3 1.74 1 0.11411420681941019 0.0 0.7963536
true 0.0005273491488685204 1265 6 3 1.74 2 0.11411420681941019 0.0 12.1925932
true 0.0003234762551258911 3887 6 3 1.74 3 0.11411420681941019 0.0 50.257109
true 0.0005102170721580183 4407 6 3 1.74 4 0.11411420681941019 0.0 74.3184653
true 0.023398972330049644 202 6 4 1.74 1 0.11411420681941019 0.0 1.3184591
true 0.00043080085968479065 1503 6 4 1.74 2 0.11411420681941019 0.0 13.5201259
true 0.0009779984413733345 997 6 4 1.74 3 0.11411420681941019 0.0 14.5007227
true 5.8614348549035356e-5 4169 6 4 1.74 4 0.11411420681941019 0.0 68.9518594
true 0.023037692950419318 179 6 5 1.74 1 0.11411420681941019 0.0 1.1518837
true 0.00044036483437535077 1825 6 5 1.74 2 0.11411420681941019 0.0 17.2329335
true 0.0001669451628382168 1645 6 5 1.74 3 0.11411420681941019 0.0 22.4751835
true 0.0006908447540224349 6084 6 5 1.74 4 0.11411420681941019 0.0 101.0751556
true 0.17779353799479322 132 6 6 1.74 1 0.11411420681941019 0.0 0.9628137
true 0.1669043600221423 760 6 6 1.74 2 0.11411420681941019 0.0 7.7378751
true 0.022627103104477724 1670 6 6 1.74 3 0.11411420681941019 0.0 23.0134225
true 0.00041828576140076623 10775 6 6 1.74 4 0.11411420681941019 0.0 176.2928602
true 0.02389184513500825 93 6 1 1.75 1 0.11291800904022412 0.0 0.616488
true 0.0005464749055109075 749 6 1 1.75 2 0.11291800904022412 0.0 7.2087053
true 0.0001517074082594272 2092 6 1 1.75 3 0.11291800904022412 0.0 28.2021023
true 0.0004493248899570257 3104 6 1 1.75 4 0.11291800904022412 0.0 50.0024058
true 0.02373617841347997 116 6 2 1.75 1 0.11291800904022412 0.0 0.8131874
true 0.0005096792225032509 649 6 2 1.75 2 0.11291800904022412 0.0 6.2943431
true 0.023062260010486474 702 6 2 1.75 3 0.11291800904022412 0.0 10.4798485
true 0.0002488914598900993 10559 6 2 1.75 4 0.11291800904022412 0.0 168.6785428
true 0.023684831845468823 115 6 3 1.75 1 0.11291800904022412 0.0 0.7635867
true 0.0005142268991256508 1926 6 3 1.75 2 0.11291800904022412 0.0 18.0562903
true 0.00764159875910068 2308 6 3 1.75 3 0.11291800904022412 0.0 29.8145747
true 0.0005961808729019561 3717 6 3 1.75 4 0.11291800904022412 0.0 61.7199504
true 0.023097423765074995 129 6 4 1.75 1 0.11291800904022412 0.0 0.8231812
true 0.00042038997931018174 1179 6 4 1.75 2 0.11291800904022412 0.0 11.2331011
true 0.00017076056433529274 5132 6 4 1.75 3 0.11291800904022412 0.0 66.3654248
true 0.0004007111389175422 3747 6 4 1.75 4 0.11291800904022412 0.0 62.0363632
true 0.022745520651893725 183 6 5 1.75 1 0.11291800904022412 0.0 1.229695
true 0.014127929107008852 684 6 5 1.75 2 0.11291800904022412 0.0 7.132292
true 0.01392374216878004 2418 6 5 1.75 3 0.11291800904022412 0.0 33.412041
true 0.00068872959511318 3635 6 5 1.75 4 0.11291800904022412 0.0 59.7805932
true 0.018955374183359103 220 6 6 1.75 1 0.11291800904022412 0.0 1.4698402
true 0.00037415337680167066 1453 6 6 1.75 2 0.11291800904022412 0.0 13.8987872
true 5.8367136084156814e-5 3791 6 6 1.75 3 0.11291800904022412 0.0 49.5871032
true 0.1667979694779277 2736 6 6 1.75 4 0.11291800904022412 0.0 47.1340669
true 0.023576406007570272 93 6 1 1.76 1 0.1117421632510926 0.0 0.6195685
true 0.0005331713411268479 1219 6 1 1.76 2 0.1117421632510926 0.0 11.3062092
true 0.00044285149933304124 1080 6 1 1.76 3 0.1117421632510926 0.0 14.2681849
true 7.621295012805174e-5 4222 6 1 1.76 4 0.1117421632510926 0.0 69.4024375
true 0.02342564699045724 136 6 2 1.76 1 0.1117421632510926 0.0 0.8516743
true 0.0004967914545226104 555 6 2 1.76 2 0.1117421632510926 0.0 5.5974626
true 0.02227559274548621 1261 6 2 1.76 3 0.1117421632510926 0.0 17.094191
true 0.0002502020089768242 3126 6 2 1.76 4 0.1117421632510926 0.0 52.6854045
true 0.02337532989557739 131 6 3 1.76 1 0.1117421632510926 0.0 0.8212662
true 0.0005026206800430311 1780 6 3 1.76 2 0.1117421632510926 0.0 17.1806452
true 0.02264399325736614 802 6 3 1.76 3 0.1117421632510926 0.0 11.7838853
true 0.0004732011594518193 5075 6 3 1.76 4 0.1117421632510926 0.0 83.0457694
true 0.26116527591693495 141 6 4 1.76 1 0.1117421632510926 0.0 0.9146377
true 0.000416791939999675 1265 6 4 1.76 2 0.1117421632510926 0.0 12.1075264
true 0.0002457474870289217 5097 6 4 1.76 3 0.1117421632510926 0.0 67.3549187
true 0.0006498443421157213 3711 6 4 1.76 4 0.1117421632510926 0.0 60.9544986
true 0.022458887660730585 174 6 5 1.76 1 0.1117421632510926 0.0 1.2181649
true 0.0006850848522997 1807 6 5 1.76 2 0.1117421632510926 0.0 18.024365
true 0.0003114346555286418 2291 6 5 1.76 3 0.1117421632510926 0.0 29.6177625
true 0.00034594293526152287 5371 6 5 1.76 4 0.1117421632510926 0.0 87.7868033
true 0.3365335824046716 152 6 6 1.76 1 0.1117421632510926 0.0 0.9996301
true 0.00037968116189852447 370 6 6 1.76 2 0.1117421632510926 0.0 4.2072618
true 6.309100009938932e-5 6418 6 6 1.76 3 0.1117421632510926 0.0 84.2483207
true 0.0007409162816990611 7376 6 6 1.76 4 0.1117421632510926 0.0 121.0545037
true 0.02326751566906282 82 6 1 1.77 1 0.11058618985163844 0.0 0.5693402
true 0.0005206605171747536 805 6 1 1.77 2 0.11058618985163844 0.0 7.5099174
true 0.000483901034239953 4062 6 1 1.77 3 0.11058618985163844 0.0 52.89966
true 0.00010238232004078363 2081 6 1 1.77 4 0.11058618985163844 0.0 36.0853541
true 0.023122152443691868 117 6 2 1.77 1 0.11058618985163844 0.0 0.7751462
true 0.0004850742495745297 867 6 2 1.77 2 0.11058618985163844 0.0 8.4221389
true 9.158727987032544e-5 1805 6 2 1.77 3 0.11058618985163844 0.0 22.7542702
true 0.0002716170231210069 5450 6 2 1.77 4 0.11058618985163844 0.0 85.9104825
true 0.023072772672630304 123 6 3 1.77 1 0.11058618985163844 0.0 0.8307283
true 0.0004898079736462835 1116 6 3 1.77 2 0.11058618985163844 0.0 10.5073815
true 0.02237385995508064 1154 6 3 1.77 3 0.11058618985163844 0.0 15.9123313
true 0.00035951778755096325 4654 6 3 1.77 4 0.11058618985163844 0.0 76.5833561
true 0.02251338808804422 214 6 4 1.77 1 0.11058618985163844 0.0 1.4032837
true 0.00040280722741067865 2154 6 4 1.77 2 0.11058618985163844 0.0 20.7786743
true 0.0005993634301347806 1006 6 4 1.77 3 0.11058618985163844 0.0 14.3017474
true 0.0004956737487317175 2555 6 4 1.77 4 0.11058618985163844 0.0 43.761743
true 0.022177693082573557 131 6 5 1.77 1 0.11058618985163844 0.0 0.9104934
true 0.0005620438133385308 410 6 5 1.77 2 0.11058618985163844 0.0 4.5593718
true 0.00012873983888564978 5853 6 5 1.77 3 0.11058618985163844 0.0 76.9796343
true 0.0006527410002177935 7079 6 5 1.77 4 0.11058618985163844 0.0 116.4109162
true 0.1773931164753567 171 6 6 1.77 1 0.11058618985163844 0.0 1.1664351
true 0.00035342347132408247 2009 6 6 1.77 2 0.11058618985163844 0.0 19.3969427
true 0.011337690094284444 2244 6 6 1.77 3 0.11058618985163844 0.0 29.9019392
true 0.00028581964609750155 7508 6 6 1.77 4 0.11058618985163844 0.0 121.406078
true 0.022965013280556612 102 6 1 1.78 1 0.10944962341575272 0.0 0.6245946
true 0.0005290348129361466 846 6 1 1.78 2 0.10944962341575272 0.0 8.3082328
true 0.022503066223693857 849 6 1 1.78 3 0.10944962341575272 0.0 13.15261
true 0.0005837944750459734 2646 6 1 1.78 4 0.10944962341575272 0.0 45.3253877
true 0.022823079618515513 119 6 2 1.78 1 0.10944962341575272 0.0 0.7402419
true 0.00047332318770462734 1480 6 2 1.78 2 0.10944962341575272 0.0 13.9259846
true 0.0002225021630436197 3814 6 2 1.78 3 0.10944962341575272 0.0 50.0094525
true 0.0002764350179557673 5685 6 2 1.78 4 0.10944962341575272 0.0 92.6461904
true 0.34098840421102267 88 6 3 1.78 1 0.10944962341575272 0.0 0.6647627
true 0.0004783359897392499 817 6 3 1.78 2 0.10944962341575272 0.0 7.6712497
true 0.000577612167366052 1927 6 3 1.78 3 0.10944962341575272 0.0 25.479489
true 0.00037582561082131577 4861 6 3 1.78 4 0.10944962341575272 0.0 78.967258
true 0.02223018265789918 204 6 4 1.78 1 0.10944962341575272 0.0 1.2997787
true 0.0003867038783199328 702 6 4 1.78 2 0.10944962341575272 0.0 7.1717613
true 0.00044681584125966234 4087 6 4 1.78 3 0.10944962341575272 0.0 52.3171495
true 0.0004175676818268942 3684 6 4 1.78 4 0.10944962341575272 0.0 60.814618
true 0.02190221654551703 211 6 5 1.78 1 0.10944962341575272 0.0 1.4192005
true 0.0004049985511590526 1658 6 5 1.78 2 0.10944962341575272 0.0 15.6951862
true 0.00023044219556386247 2984 6 5 1.78 3 0.10944962341575272 0.0 41.4946306
true 0.0009552783680858767 4456 6 5 1.78 4 0.10944962341575272 0.0 71.8592471
true 0.17726395595778252 134 6 6 1.78 1 0.10944962341575272 0.0 0.908052
true 0.00034988834457077195 1237 6 6 1.78 2 0.10944962341575272 0.0 11.5106619
true 0.1740008503965972 2387 6 6 1.78 3 0.10944962341575272 0.0 31.7391389
true 0.00016209580486698885 6352 6 6 1.78 4 0.10944962341575272 0.0 104.2937861
true 0.02266798787616736 111 6 1 1.79 1 0.10833201220480698 0.0 0.6939293
true 0.022343950663260004 614 6 1 1.79 2 0.10833201220480698 0.0 6.3340673
true 6.392333262017491e-5 2020 6 1 1.79 3 0.10833201220480698 0.0 26.1560782
true 0.0004278529428777267 1737 6 1 1.79 4 0.10833201220480698 0.0 30.1019597
true 0.02253087851129848 111 6 2 1.79 1 0.10833201220480698 0.0 0.7391041
true 0.021371607273378557 518 6 2 1.79 2 0.10833201220480698 0.0 5.4726306
true 0.020316735662174373 2215 6 2 1.79 3 0.10833201220480698 0.0 29.0356198
true 0.0009426191800119277 3643 6 2 1.79 4 0.10833201220480698 0.0 58.5783629
true 0.02248507354184598 106 6 3 1.79 1 0.10833201220480698 0.0 0.7294232
true 0.00046748618758455746 1252 6 3 1.79 2 0.10833201220480698 0.0 12.3395449
true 0.0003539936798499325 4433 6 3 1.79 3 0.10833201220480698 0.0 56.6432069
true 0.0006818120614315489 2794 6 3 1.79 4 0.10833201220480698 0.0 46.3381959
true 0.02195174745347825 142 6 4 1.79 1 0.10833201220480698 0.0 0.9622302
true 0.00040932793091150166 1448 6 4 1.79 2 0.10833201220480698 0.0 14.2269981
true 0.022142757526131485 735 6 4 1.79 3 0.10833201220480698 0.0 11.2612251
true 0.0002361742940023004 6019 6 4 1.79 4 0.10833201220480698 0.0 97.5241373
true 0.21267404469160142 119 6 5 1.79 1 0.10833201220480698 0.0 0.8416998
true 0.00040578395276107403 1370 6 5 1.79 2 0.10833201220480698 0.0 12.9800005
true 0.0003483713918020381 4577 6 5 1.79 3 0.10833201220480698 0.0 59.4764918
true 9.616412840610656e-5 3899 6 5 1.79 4 0.10833201220480698 0.0 64.3370004
true 0.17791048791700606 131 6 6 1.79 1 0.10833201220480698 0.0 0.8964858
true 0.0003458425319794826 1695 6 6 1.79 2 0.10833201220480698 0.0 16.3832943
true 0.1740080963527221 2311 6 6 1.79 3 0.10833201220480698 0.0 30.5917486
true 0.0003572103005902531 6995 6 6 1.79 4 0.10833201220480698 0.0 115.8726737
true 0.022377064553779635 119 6 1 1.8 1 0.10723291769893503 0.0 0.817355
true 0.00048224149843245634 422 6 1 1.8 2 0.10723291769893503 0.0 4.2750877
true 7.481319568219957e-5 1957 6 1 1.8 3 0.10723291769893503 0.0 24.5353821
true 3.1654768593902816e-5 1558 6 1 1.8 4 0.10723291769893503 0.0 26.5205869
true 0.022244322895684787 108 6 2 1.8 1 0.10723291769893503 0.0 0.6907204
true 0.02124506030361359 573 6 2 1.8 2 0.10723291769893503 0.0 5.9773945
true 0.0006551397674963433 2338 6 2 1.8 3 0.10723291769893503 0.0 30.0877735
true 0.000273347424238235 4557 6 2 1.8 4 0.10723291769893503 0.0 71.7880399
true 0.3407923652160025 103 6 3 1.8 1 0.10723291769893503 0.0 0.7232756
true 0.00045528376682468785 597 6 3 1.8 2 0.10723291769893503 0.0 6.0540246
true 7.715189653016245e-5 3809 6 3 1.8 3 0.10723291769893503 0.0 50.4942088
true 0.0003991445045535835 1563 6 3 1.8 4 0.10723291769893503 0.0 28.0322864
true 0.021679368186006118 171 6 4 1.8 1 0.10723291769893503 0.0 1.1195261
true 0.00037600872178376876 500 6 4 1.8 2 0.10723291769893503 0.0 5.4360275
true 7.623449876116573e-5 1365 6 4 1.8 3 0.10723291769893503 0.0 18.9275485
true 0.0005219498172221171 5195 6 4 1.8 4 0.10723291769893503 0.0 82.7209859
true 0.0213660768904139 177 6 5 1.8 1 0.10723291769893503 0.0 1.1712977
true 0.20022835095430375 1380 6 5 1.8 2 0.10723291769893503 0.0 12.8546226
true 0.0008358482952749213 5108 6 5 1.8 3 0.10723291769893503 0.0 66.9020001
true 0.0001829577102630875 6874 6 5 1.8 4 0.10723291769893503 0.0 113.5033353
true 0.01780753840091957 285 6 6 1.8 1 0.10723291769893503 0.0 1.8931462
true 0.00034479683092380103 1993 6 6 1.8 2 0.10723291769893503 0.0 19.1959067
true 0.008264529331723142 2810 6 6 1.8 3 0.10723291769893503 0.0 36.614601
true 0.0008511716254698357 5135 6 6 1.8 4 0.10723291769893503 0.0 86.5854386
true 0.022092223900056995 117 6 1 1.81 1 0.10615191414570589 0.0 0.7550354
true 0.00047063752972181794 758 6 1 1.81 2 0.10615191414570589 0.0 6.9526576
true 0.0007930225775063526 1756 6 1 1.81 3 0.10615191414570589 0.0 23.0219216
true 0.00041453954501341483 3867 6 1 1.81 4 0.10615191414570589 0.0 61.9278695
true 0.021963681458742862 97 6 2 1.81 1 0.10615191414570589 0.0 0.6974285
true 0.0004398485032966748 611 6 2 1.81 2 0.10615191414570589 0.0 6.1378763
true 9.328991801932363e-5 1796 6 2 1.81 3 0.10615191414570589 0.0 24.1583467
true 0.0001339961660454525 4548 6 2 1.81 4 0.10615191414570589 0.0 72.6437342
true 0.021920484768769715 201 6 3 1.81 1 0.10615191414570589 0.0 1.3142929
true 0.0004442891004993917 935 6 3 1.81 2 0.10615191414570589 0.0 8.7008857
true 0.0001307621094714014 4317 6 3 1.81 3 0.10615191414570589 0.0 56.2706721
true 0.00034346993157842914 3888 6 3 1.81 4 0.10615191414570589 0.0 63.9833342
true 0.021411420605529474 161 6 4 1.81 1 0.10615191414570589 0.0 1.0029163
true 0.03524433130158626 364 6 4 1.81 2 0.10615191414570589 0.0 4.1768415
true 0.013677576463960589 2839 6 4 1.81 3 0.10615191414570589 0.0 35.8731874
true 0.00037288527328478704 2036 6 4 1.81 4 0.10615191414570589 0.0 34.5554313
true 0.02110660579613788 169 6 5 1.81 1 0.10615191414570589 0.0 1.1356546
true 0.2001835015047778 538 6 5 1.81 2 0.10615191414570589 0.0 5.5199279
true 3.161481070029781e-5 1974 6 5 1.81 3 0.10615191414570589 0.0 26.2449555
true 0.0001858361236547812 3775 6 5 1.81 4 0.10615191414570589 0.0 63.0201829
true 0.017588699704159005 199 6 6 1.81 1 0.10615191414570589 0.0 1.3211892
true 0.00032844721353734546 1585 6 6 1.81 2 0.10615191414570589 0.0 15.3366278
true 5.212820410877006e-5 2763 6 6 1.81 3 0.10615191414570589 0.0 35.3208351
true 0.0003122972194276134 3998 6 6 1.81 4 0.10615191414570589 0.0 66.3478496
true 0.021812563506925897 107 6 1 1.82 1 0.10508858812552895 0.0 0.6729271
true 0.02153798445603683 379 6 1 1.82 2 0.10508858812552895 0.0 4.0690408
true 0.00011320528477187786 3555 6 1 1.82 3 0.10508858812552895 0.0 44.9782277
true 0.00039231088349372945 2832 6 1 1.82 4 0.10508858812552895 0.0 47.1177844
true 0.021688356443346102 106 6 2 1.82 1 0.10508858812552895 0.0 0.6745893
true 0.0005654107010586162 302 6 2 1.82 2 0.10508858812552895 0.0 3.735533
true 0.020685561480284276 1316 6 2 1.82 3 0.10508858812552895 0.0 18.0213274
true 0.00026594948738464796 11706 6 2 1.82 4 0.10508858812552895 0.0 188.3344035
true 0.021646428873151363 112 6 3 1.82 1 0.10508858812552895 0.0 0.7753078
true 0.00043494326896944174 975 6 3 1.82 2 0.10508858812552895 0.0 9.1248169
true 5.482916962309033e-5 1368 6 3 1.82 3 0.10508858812552895 0.0 18.6476123
true 0.0002789804715828681 2200 6 3 1.82 4 0.10508858812552895 0.0 37.2730104
true 0.021149090286630354 146 6 4 1.82 1 0.10508858812552895 0.0 0.943674
true 0.0003600153464696637 1519 6 4 1.82 2 0.10508858812552895 0.0 14.4400476
true 0.020915801829653816 1023 6 4 1.82 3 0.10508858812552895 0.0 14.6147246
true 0.0003608551581069652 6723 6 4 1.82 4 0.10508858812552895 0.0 108.662433
true 0.2129884886120051 126 6 5 1.82 1 0.10508858812552895 0.0 0.8708452
true 0.0003681257856693376 1319 6 5 1.82 2 0.10508858812552895 0.0 12.4644346
true 0.004111593410515491 4083 6 5 1.82 3 0.10508858812552895 0.0 54.628277
true 0.0006660785766364974 3784 6 5 1.82 4 0.10508858812552895 0.0 62.0996104
true 0.017375812048852912 235 6 6 1.82 1 0.10508858812552895 0.0 1.4943661
true 0.0003756777665926507 1038 6 6 1.82 2 0.10508858812552895 0.0 10.3404344
true 0.014179555163238452 1548 6 6 1.82 3 0.10508858812552895 0.0 21.0229418
true 0.0004504318919605066 3071 6 6 1.82 4 0.10508858812552895 0.0 51.4215463
true 0.021538574255077936 122 6 1 1.83 1 0.1040425381333935 0.0 0.740533
true 0.0212256673273557 432 6 1 1.83 2 0.1040425381333935 0.0 4.3615772
true 0.00010269235162879697 1095 6 1 1.83 3 0.1040425381333935 0.0 14.9804438
true 0.00047420092072952835 2468 6 1 1.83 4 0.1040425381333935 0.0 41.388816
true 0.021418073915032643 109 6 2 1.83 1 0.1040425381333935 0.0 0.6915607
true 0.00042016914702783237 486 6 2 1.83 2 0.1040425381333935 0.0 5.0763499
true 0.02154041945682672 601 6 2 1.83 3 0.1040425381333935 0.0 9.3219878
true 0.00038007307730558715 3789 6 2 1.83 4 0.1040425381333935 0.0 61.4886493
true 0.021377743345961858 178 6 3 1.83 1 0.1040425381333935 0.0 1.1118751
true 0.00042502427301819673 862 6 3 1.83 2 0.1040425381333935 0.0 7.953715
true 0.0002555150652577831 3682 6 3 1.83 3 0.1040425381333935 0.0 48.415176
true 0.0006451734928287581 3187 6 3 1.83 4 0.1040425381333935 0.0 52.0863878
true 0.020891460325903152 236 6 4 1.83 1 0.1040425381333935 0.0 1.4920465
true 0.00035106953328366275 1260 6 4 1.83 2 0.1040425381333935 0.0 11.9455487
true 0.000227533918409073 4678 6 4 1.83 3 0.1040425381333935 0.0 60.1149299
true 0.0003188351192504185 5105 6 4 1.83 4 0.1040425381333935 0.0 84.1167253
true 0.21208082691110866 242 6 5 1.83 1 0.1040425381333935 0.0 1.5450579
true 0.00035981376767839633 2532 6 5 1.83 2 0.1040425381333935 0.0 24.1877171
true 0.20796038939898454 1393 6 5 1.83 3 0.1040425381333935 0.0 18.9085497
true 0.00023166294930569985 11497 6 5 1.83 4 0.1040425381333935 0.0 186.6820976
true 0.01716862054254034 273 6 6 1.83 1 0.1040425381333935 0.0 1.7962664
true 0.00031775218139617106 1855 6 6 1.83 2 0.1040425381333935 0.0 18.0938915
true 0.0012261496596780534 7849 6 6 1.83 3 0.1040425381333935 0.0 105.8832965
true 0.00026698878288322625 11840 6 6 1.83 4 0.1040425381333935 0.0 195.326609
true 0.021270047565022987 113 6 1 1.84 1 0.10301337417579307 0.0 0.7545689
true 0.0004381046012830736 710 6 1 1.84 2 0.10301337417579307 0.0 6.7791751
true 0.000803357884130218 2464 6 1 1.84 3 0.10301337417579307 0.0 32.7755927
true 0.0004135302871948743 2105 6 1 1.84 4 0.10301337417579307 0.0 36.648618
true 0.021153156596616512 157 6 2 1.84 1 0.10301337417579307 0.0 0.9504924
true 0.00040969924077205455 844 6 2 1.84 2 0.10301337417579307 0.0 7.9272084
true 0.019191454226516108 1027 6 2 1.84 3 0.10301337417579307 0.0 14.5356319
true 0.00021207951556889704 4012 6 2 1.84 4 0.10301337417579307 0.0 64.1372902
true 0.34042354306101624 112 6 3 1.84 1 0.10301337417579307 0.0 0.7658706
true 0.00041445698929680014 1034 6 3 1.84 2 0.10301337417579307 0.0 10.0357243
true 7.255964382076503e-5 2139 6 3 1.84 3 0.10301337417579307 0.0 28.646998
true 0.0004415022340359398 2583 6 3 1.84 4 0.10301337417579307 0.0 45.1532441
true 0.020638769148295336 184 6 4 1.84 1 0.10301337417579307 0.0 1.2020525
true 0.00034308239255863293 1096 6 4 1.84 2 0.10301337417579307 0.0 10.5859409
true 0.01066262558578314 2410 6 4 1.84 3 0.10301337417579307 0.0 31.5046107
true 0.000618983600070816 5243 6 4 1.84 4 0.10301337417579307 0.0 84.7164072
true 0.02035359503747758 170 6 5 1.84 1 0.10301337417579307 0.0 1.1362536
true 0.00034638683483899645 1229 6 5 1.84 2 0.10301337417579307 0.0 12.220994
true 0.00026158832980219813 6643 6 5 1.84 3 0.10301337417579307 0.0 86.1523471
true 0.00037953974028676063 5869 6 5 1.84 4 0.10301337417579307 0.0 95.0830151
true 0.15466155673184853 223 6 6 1.84 1 0.10301337417579307 0.0 1.5073311
true 0.000317785494884056 1362 6 6 1.84 2 0.10301337417579307 0.0 13.3913565
true 6.437704476947026e-5 2169 6 6 1.84 3 0.10301337417579307 0.0 29.2472472
true 0.0002781309572669477 6971 6 6 1.84 4 0.10301337417579307 0.0 111.5904561
true 0.021006634665399204 98 6 1 1.85 1 0.10200071738298862 0.0 0.6790696
true 0.00042754954131946077 668 6 1 1.85 2 0.10200071738298862 0.0 6.4772647
true 0.00040823858382199596 2654 6 1 1.85 3 0.10200071738298862 0.0 34.4674506
true 6.700602363740593e-5 2020 6 1 1.85 4 0.10200071738298862 0.0 34.6660678
true 0.020893243425287922 261 6 2 1.85 1 0.10200071738298862 0.0 1.4949859
true 0.00039999383442815284 1343 6 2 1.85 2 0.10200071738298862 0.0 12.6683391
true 0.019510511903770816 1525 6 2 1.85 3 0.10200071738298862 0.0 20.5931338
true 0.027861328502495675 973 6 2 1.85 4 0.10200071738298862 0.0 19.4696601
true 0.020855442574108058 107 6 3 1.85 1 0.10200071738298862 0.0 0.7704962
true 0.0004047383633971428 854 6 3 1.85 2 0.10200071738298862 0.0 8.2450119
true 0.020457985973864206 750 6 3 1.85 3 0.10200071738298862 0.0 11.1590116
true 0.0005034671254336801 3504 6 3 1.85 4 0.10200071738298862 0.0 57.9464288
true 0.2598878008159133 245 6 4 1.85 1 0.10200071738298862 0.0 1.4943406
true 0.00034213785115536077 1712 6 4 1.85 2 0.10200071738298862 0.0 15.9460183
true 4.9863754786758085e-5 5172 6 4 1.85 3 0.10200071738298862 0.0 65.6354775
true 0.0002632806574470875 6043 6 4 1.85 4 0.10200071738298862 0.0 96.7197306
true 0.020112141449125254 152 6 5 1.85 1 0.10200071738298862 0.0 0.9856169
true 0.00034008481627458844 1641 6 5 1.85 2 0.10200071738298862 0.0 16.0766811
true 0.016257655114305193 1026 6 5 1.85 3 0.10200071738298862 0.0 14.2333524
true 9.946993902234524e-5 5974 6 5 1.85 4 0.10200071738298862 0.0 97.8176092
true 0.3362408297221628 211 6 6 1.85 1 0.10200071738298862 0.0 1.3390779
true 0.00030658680789263 1415 6 6 1.85 2 0.10200071738298862 0.0 13.0676009
true 0.00010615790157852041 5279 6 6 1.85 3 0.10200071738298862 0.0 69.4061538
true 0.0002925682687566304 3998 6 6 1.85 4 0.10200071738298862 0.0 65.1240915
true 0.020748115860067196 108 6 1 1.86 1 0.101004199635488 0.0 0.6851843
true 0.00041886979995803264 699 6 1 1.86 2 0.101004199635488 0.0 6.8261534
true 9.776300727298848e-5 1586 6 1 1.86 3 0.101004199635488 0.0 20.8221477
true 0.00046173477317257294 3363 6 1 1.86 4 0.101004199635488 0.0 56.2241468
true 0.02063818670586054 120 6 2 1.86 1 0.101004199635488 0.0 0.7889672
true 0.037249123553670604 364 6 2 1.86 2 0.101004199635488 0.0 3.9669303
true 0.00025748348925447306 1211 6 2 1.86 3 0.101004199635488 0.0 16.8732659
true 0.00023210047783456256 4173 6 2 1.86 4 0.101004199635488 0.0 67.707528
true 0.020601439266777915 152 6 3 1.86 1 0.101004199635488 0.0 0.9478641
true 0.00042399743515421823 677 6 3 1.86 2 0.101004199635488 0.0 6.6925925
true 0.01337241351124796 1276 6 3 1.86 3 0.101004199635488 0.0 17.2558287
true 0.000289430575714474 4077 6 3 1.86 4 0.101004199635488 0.0 66.8174469
true 0.02014732204534632 153 6 4 1.86 1 0.101004199635488 0.0 0.98414
true 0.2503168147621132 484 6 4 1.86 2 0.101004199635488 0.0 5.1254053
true 0.010036695597058873 2642 6 4 1.86 3 0.101004199635488 0.0 34.107542
true 0.00018400302023501014 3784 6 4 1.86 4 0.101004199635488 0.0 61.9255241
true 0.21166337068912228 249 6 5 1.86 1 0.101004199635488 0.0 1.6197657
true 0.00034843346885370384 1590 6 5 1.86 2 0.101004199635488 0.0 15.100473
true 0.011928502278992115 3509 6 5 1.86 3 0.101004199635488 0.0 46.6089398
true 0.00031211568247156983 3963 6 5 1.86 4 0.101004199635488 0.0 64.1485906
true 0.016562483323671606 237 6 6 1.86 1 0.101004199635488 0.0 1.586293
true 0.00030720948471020065 1877 6 6 1.86 2 0.101004199635488 0.0 17.8522095
true 8.544441158294298e-5 5848 6 6 1.86 3 0.101004199635488 0.0 77.5938952
true 0.0002683383439260241 4090 6 6 1.86 4 0.101004199635488 0.0 67.9118182
true 0.02049450148187021 101 6 1 1.87 1 0.10002346320442916 0.0 0.69028
true 0.020237222140389255 527 6 1 1.87 2 0.10002346320442916 0.0 5.5516038
true 0.0003939834909757467 2076 6 1 1.87 3 0.10002346320442916 0.0 26.5026463
true 0.00019088206116357753 3429 6 1 1.87 4 0.10002346320442916 0.0 56.5087116
true 0.02038826760379897 118 6 2 1.87 1 0.10002346320442916 0.0 0.7325624
true 0.0003828918205945886 328 6 2 1.87 2 0.10002346320442916 0.0 3.8715295
true 0.00022536299900932644 751 6 2 1.87 3 0.10002346320442916 0.0 11.0398205
true 0.0008339321013534073 5920 6 2 1.87 4 0.10002346320442916 0.0 97.006061
true 0.0203523972926636 94 6 3 1.87 1 0.10002346320442916 0.0 0.6235373
true 0.00038656106458330913 1834 6 3 1.87 2 0.10002346320442916 0.0 17.6849847
true 4.91775125027738e-5 4098 6 3 1.87 3 0.10002346320442916 0.0 52.2934309
true 0.000444891326163895 3696 6 3 1.87 4 0.10002346320442916 0.0 61.1591908
true 0.01990830796576465 189 6 4 1.87 1 0.10002346320442916 0.0 1.2366978
true 0.00031530341727571687 1410 6 4 1.87 2 0.10002346320442916 0.0 14.3674595
true 0.0002944467386177818 3038 6 4 1.87 3 0.10002346320442916 0.0 39.1163747
true 0.0005392200691739096 5497 6 4 1.87 4 0.10002346320442916 0.0 87.7704186
true 0.4040996033712146 126 6 5 1.87 1 0.10002346320442916 0.0 0.8508615
true 0.00032922028716105836 1394 6 5 1.87 2 0.10002346320442916 0.0 13.0985914
true 0.20008496157370156 1562 6 5 1.87 3 0.10002346320442916 0.0 21.8627188
true 0.00033776816545275643 4527 6 5 1.87 4 0.10002346320442916 0.0 76.2355541
true 0.0163685837045142 241 6 6 1.87 1 0.10002346320442916 0.0 1.6154278
true 0.0002853082594754623 2908 6 6 1.87 2 0.10002346320442916 0.0 28.6397897
true 0.01006344177809266 2410 6 6 1.87 3 0.10002346320442916 0.0 32.1267949
true 0.00047794227806993717 6562 6 6 1.87 4 0.10002346320442916 0.0 105.8108757
true 0.020246082504574492 128 6 1 1.88 1 0.0990581604052917 0.0 0.7777356
true 0.0003987483047039886 669 6 1 1.88 2 0.0990581604052917 0.0 6.5916054
true 0.0003957284183909171 1147 6 1 1.88 3 0.0990581604052917 0.0 16.5093319
true 0.00035600938357688294 8374 6 1 1.88 4 0.0990581604052917 0.0 134.1528514
true 0.020142870740526758 115 6 2 1.88 1 0.0990581604052917 0.0 0.783687
true 0.036441010473289376 294 6 2 1.88 2 0.0990581604052917 0.0 3.5196601
true 0.0001221558250980581 2750 6 2 1.88 3 0.0990581604052917 0.0 34.7649009
true 0.00045374580349893945 3392 6 2 1.88 4 0.0990581604052917 0.0 55.6584985
true 0.020108019432173867 105 6 3 1.88 1 0.0990581604052917 0.0 0.697135
true 0.0003792375716567357 1808 6 3 1.88 2 0.0990581604052917 0.0 17.2318297
true 4.558888543776396e-5 1961 6 3 1.88 3 0.0990581604052917 0.0 26.7978168
true 0.0002789946095198004 1921 6 3 1.88 4 0.0990581604052917 0.0 32.727655
true 0.2595517355000149 107 6 4 1.88 1 0.0990581604052917 0.0 0.7492551
true 0.00031527656406020454 1058 6 4 1.88 2 0.0990581604052917 0.0 9.9857168
true 0.0004072353592470407 5205 6 4 1.88 3 0.0990581604052917 0.0 65.9810516
true 0.00023401643086159996 3590 6 4 1.88 4 0.0990581604052917 0.0 59.0207044
true 0.01941336523277708 215 6 5 1.88 1 0.0990581604052917 0.0 1.3279229
true 0.004146857623366862 989 6 5 1.88 2 0.0990581604052917 0.0 9.5086685
true 0.004072332620537633 1468 6 5 1.88 3 0.0990581604052917 0.0 19.7537916
true 0.0018507883724727448 5081 6 5 1.88 4 0.0990581604052917 0.0 85.9478747
true 0.1761649297757831 139 6 6 1.88 1 0.0990581604052917 0.0 0.976413
true 0.00033558090505344157 512 6 6 1.88 2 0.0990581604052917 0.0 5.6723962
true 0.0004065522140250892 1288 6 6 1.88 3 0.0990581604052917 0.0 17.8208636
true 0.0006778603682536429 4679 6 6 1.88 4 0.0990581604052917 0.0 80.8277608
true 0.020001935228603218 128 6 1 1.89 1 0.09810795326443694 0.0 0.784309
true 0.0004769972740387707 342 6 1 1.89 2 0.09810795326443694 0.0 3.6706044
true 9.30004673605489e-5 2321 6 1 1.89 3 0.09810795326443694 0.0 29.8636321
true 1.9466107203547356e-5 3545 6 1 1.89 4 0.09810795326443694 0.0 59.4409214
true 0.0199015854838403 117 6 2 1.89 1 0.09810795326443694 0.0 0.7610438
true 0.00036633979638972525 1651 6 2 1.89 2 0.09810795326443694 0.0 15.7411212
true 0.00030456214683410865 2396 6 2 1.89 3 0.09810795326443694 0.0 32.0259362
true 0.009444485706238709 3941 6 2 1.89 4 0.09810795326443694 0.0 65.9744548
true 0.019868373274259794 131 6 3 1.89 1 0.09810795326443694 0.0 0.899082
true 0.00036835781558639907 1331 6 3 1.89 2 0.09810795326443694 0.0 12.3516431
true 8.306007522834724e-5 2231 6 3 1.89 3 0.09810795326443694 0.0 28.3521819
true 0.00012597643737325784 5310 6 3 1.89 4 0.09810795326443694 0.0 85.2051968
true 0.019443279826295456 150 6 4 1.89 1 0.09810795326443694 0.0 0.9690056
true 0.00033052962606139324 568 6 4 1.89 2 0.09810795326443694 0.0 5.8303208
true 0.00025857454056556206 3277 6 4 1.89 3 0.09810795326443694 0.0 43.1629129
true 0.00014297683750336132 6604 6 4 1.89 4 0.09810795326443694 0.0 107.1175301
true 0.01918844333409072 195 6 5 1.89 1 0.09810795326443694 0.0 1.2716927
true 0.02847065363936514 973 6 5 1.89 2 0.09810795326443694 0.0 9.9891616
true 0.0003794454303398087 3672 6 5 1.89 3 0.09810795326443694 0.0 48.3529098
true 5.584851280197034e-5 6684 6 5 1.89 4 0.09810795326443694 0.0 108.8455431
true 0.015990972646083578 221 6 6 1.89 1 0.09810795326443694 0.0 1.4430802
true 0.003948878305345553 1230 6 6 1.89 2 0.09810795326443694 0.0 12.426982
true 0.0003011486723344207 987 6 6 1.89 3 0.09810795326443694 0.0 14.5611995
true 0.0006348115750498077 3872 6 6 1.89 4 0.09810795326443694 0.0 65.8033859
true 0.019762385235465973 108 6 1 1.9 1 0.09717251319796773 0.0 0.6942038
true 0.00038066222173527287 803 6 1 1.9 2 0.09717251319796773 0.0 7.848361
true 0.0005766472477763962 1054 6 1 1.9 3 0.09717251319796773 0.0 14.0523977
true 0.0003249425742969936 3435 6 1 1.9 4 0.09717251319796773 0.0 59.0732382
true 0.019665073948016698 153 6 2 1.9 1 0.09717251319796773 0.0 0.9666119
true 0.00035798867131323076 1388 6 2 1.9 2 0.09717251319796773 0.0 13.1245794
true 0.0005293407830183061 3518 6 2 1.9 3 0.09717251319796773 0.0 43.6380979
true 0.0006862176553254495 5625 6 2 1.9 4 0.09717251319796773 0.0 90.0237458
true 0.019632895011003664 146 6 3 1.9 1 0.09717251319796773 0.0 0.9294291
true 0.00036099970681124915 1517 6 3 1.9 2 0.09717251319796773 0.0 14.2100842
true 0.0005488488432103996 3407 6 3 1.9 3 0.09717251319796773 0.0 44.1134671
true 0.006948379447552629 2307 6 3 1.9 4 0.09717251319796773 0.0 38.2449102
true 0.019217099302589663 124 6 4 1.9 1 0.09717251319796773 0.0 0.8472003
true 0.0003098541273798272 2075 6 4 1.9 2 0.09717251319796773 0.0 19.8015882
true 0.0001934543418991852 1970 6 4 1.9 3 0.09717251319796773 0.0 25.4981791
true 0.0002241767142664719 7032 6 4 1.9 4 0.09717251319796773 0.0 114.139219
true 0.21114069838328767 114 6 5 1.9 1 0.09717251319796773 0.0 0.8301148
true 0.00030975737021332606 1335 6 5 1.9 2 0.09717251319796773 0.0 12.6937094
true 0.01433514108436269 3608 6 5 1.9 3 0.09717251319796773 0.0 47.3152932
true 4.51719883671653e-5 2855 6 5 1.9 4 0.09717251319796773 0.0 46.8158796
true 0.015806731765779153 402 6 6 1.9 1 0.09717251319796773 0.0 2.6830969
true 0.00028800744655948135 2254 6 6 1.9 2 0.09717251319796773 0.0 20.8913353
true 0.000504835002464186 712 6 6 1.9 3 0.09717251319796773 0.0 11.3781206
true 0.000535031141697608 5967 6 6 1.9 4 0.09717251319796773 0.0 96.9582519
true 0.019527300796633285 100 6 1 1.91 1 0.09625152070246154 0.0 0.6846021
true 0.018632805710839362 429 6 1 1.91 2 0.09625152070246154 0.0 4.5509436
true 8.700720050242028e-5 3933 6 1 1.91 3 0.09625152070246154 0.0 49.5883557
true 0.00030468244345271955 8048 6 1 1.91 4 0.09625152070246154 0.0 128.7366332
true 0.019433546238031896 175 6 2 1.91 1 0.09625152070246154 0.0 1.0155859
true 0.00035070271664341957 1643 6 2 1.91 2 0.09625152070246154 0.0 15.4904361
true 0.0002560818043350066 2870 6 2 1.91 3 0.09625152070246154 0.0 36.9446135
true 0.0007828797765344342 5006 6 2 1.91 4 0.09625152070246154 0.0 84.6262932
true 0.019401547085702242 118 6 3 1.91 1 0.09625152070246154 0.0 0.7942862
true 0.00035266572683369707 1520 6 3 1.91 2 0.09625152070246154 0.0 14.3915358
true 0.0004775900929757844 620 6 3 1.91 3 0.09625152070246154 0.0 9.7491458
true 0.00034553528598028443 3256 6 3 1.91 4 0.09625152070246154 0.0 52.1594091
true 0.018995173581556113 147 6 4 1.91 1 0.09625152070246154 0.0 0.9724357
true 0.00030062182661877435 1353 6 4 1.91 2 0.09625152070246154 0.0 12.7182471
true 0.00016064423785919213 4979 6 4 1.91 3 0.09625152070246154 0.0 64.4180595
true 0.00018495299430038026 6251 6 4 1.91 4 0.09625152070246154 0.0 99.1572624
true 0.018751101381079095 121 6 5 1.91 1 0.09625152070246154 0.0 0.8123954
true 0.0003065254418925023 1700 6 5 1.91 2 0.09625152070246154 0.0 15.7675509
true 0.00030083310661634945 3823 6 5 1.91 3 0.09625152070246154 0.0 49.4312933
true 0.00016036858374420814 5276 6 5 1.91 4 0.09625152070246154 0.0 85.3238381
true 0.015626088587788866 303 6 6 1.91 1 0.09625152070246154 0.0 1.9536821
true 0.00026446401162807015 1919 6 6 1.91 2 0.09625152070246154 0.0 18.0816794
true 0.1729812458307415 2846 6 6 1.91 3 0.09625152070246154 0.0 37.9836332
true 0.00105540875034917 3328 6 6 1.91 4 0.09625152070246154 0.0 55.234114
true 0.01929648967921016 127 6 1 1.92 1 0.09534466505708565 0.0 0.8083831
true 0.00036338238022010083 1402 6 1 1.92 2 0.09534466505708565 0.0 13.0607244
true 0.0006913542481883916 1207 6 1 1.92 3 0.09534466505708565 0.0 17.1817772
true 1.9168428155136308e-5 3576 6 1 1.92 4 0.09534466505708565 0.0 58.1021865
true 0.01920546481406965 92 6 2 1.92 1 0.09534466505708565 0.0 0.6379148
true 0.000341662521306213 1186 6 2 1.92 2 0.09534466505708565 0.0 10.8127128
true 0.000503024990667178 904 6 2 1.92 3 0.09534466505708565 0.0 13.0810249
true 0.00025376688678430126 4301 6 2 1.92 4 0.09534466505708565 0.0 68.2046597
true 0.01917420532202772 114 6 3 1.92 1 0.09534466505708565 0.0 0.8027831
true 0.0003444078809769861 922 6 3 1.92 2 0.09534466505708565 0.0 8.7551603
true 0.01813607318718513 2444 6 3 1.92 3 0.09534466505708565 0.0 32.4882787
true 0.00035933117699140277 3633 6 3 1.92 4 0.09534466505708565 0.0 58.368431
true 0.018776856015518387 186 6 4 1.92 1 0.09534466505708565 0.0 1.2076427
true 0.0002729067801976598 645 6 4 1.92 2 0.09534466505708565 0.0 6.2751413
true 0.014141809922315951 1096 6 4 1.92 3 0.09534466505708565 0.0 15.2770829
true 0.0005257048909027978 6979 6 4 1.92 4 0.09534466505708565 0.0 113.1532391
true 0.018538581114138586 193 6 5 1.92 1 0.09534466505708565 0.0 1.2215205
true 0.00029798341628118897 742 6 5 1.92 2 0.09534466505708565 0.0 7.6106421
true 4.186187746763048e-5 4197 6 5 1.92 3 0.09534466505708565 0.0 54.5247957
true 0.00020738772714820052 2348 6 5 1.92 4 0.09534466505708565 0.0 40.3734352
true 0.17574549947155127 132 6 6 1.92 1 0.09534466505708565 0.0 0.9569776
true 0.0002656777494310092 1637 6 6 1.92 2 0.09534466505708565 0.0 15.4123292
true 0.17307999782191916 2828 6 6 1.92 3 0.09534466505708565 0.0 37.9004272
true 0.0002472785544082127 5837 6 6 1.92 4 0.09534466505708565 0.0 92.9340941
true 0.019069878845663968 122 6 1 1.93 1 0.09445164403667455 0.0 0.7309555
true 0.0003550190352987759 1843 6 1 1.93 2 0.09445164403667455 0.0 16.9277633
true 0.00013259066222404137 3416 6 1 1.93 3 0.09445164403667455 0.0 43.5905257
true 0.00029883580904038753 5521 6 1 1.93 4 0.09445164403667455 0.0 90.258673
true 0.0189810110181603 125 6 2 1.93 1 0.09445164403667455 0.0 0.7441506
true 0.0004562158624311641 293 6 2 1.93 2 0.09445164403667455 0.0 3.3679863
true 0.018123076225681323 2308 6 2 1.93 3 0.09445164403667455 0.0 30.3333113
true 0.0001791674971787227 3003 6 2 1.93 4 0.09445164403667455 0.0 48.2008983
true 0.018951607760272715 171 6 3 1.93 1 0.09445164403667455 0.0 1.1105037
true 0.000337670681663312 1326 6 3 1.93 2 0.09445164403667455 0.0 12.628715
true 0.00021691628026793142 1830 6 3 1.93 3 0.09445164403667455 0.0 24.0830058
true 0.0002736495142052209 2221 6 3 1.93 4 0.09445164403667455 0.0 37.3110322
true 0.25911642255216627 161 6 4 1.93 1 0.09445164403667455 0.0 1.0130167
true 0.0002941749157019252 1863 6 4 1.93 2 0.09445164403667455 0.0 17.3667957
true 0.0004415494478120091 1955 6 4 1.93 3 0.09445164403667455 0.0 25.9138477
true 0.000484351132242683 4868 6 4 1.93 4 0.09445164403667455 0.0 78.0221883
true 0.018331574764833058 119 6 5 1.93 1 0.09445164403667455 0.0 0.8449155
true 0.20016723169249442 1005 6 5 1.93 2 0.09445164403667455 0.0 9.9475576
true 5.569711902572161e-5 4140 6 5 1.93 3 0.09445164403667455 0.0 53.6759093
true 0.00015435535944655632 8875 6 5 1.93 4 0.09445164403667455 0.0 142.1884381
true 0.015274375206726531 141 6 6 1.93 1 0.09445164403667455 0.0 0.9730468
true 0.0002728793376200282 1484 6 6 1.93 2 0.09445164403667455 0.0 14.4916192
true 0.009279714990619489 2705 6 6 1.93 3 0.09445164403667455 0.0 36.9133119
true 0.0010796310147825894 3645 6 6 1.93 4 0.09445164403667455 0.0 61.4965786
true 0.01884751681982949 106 6 1 1.94 1 0.09357216363534221 0.0 0.7068945
true 0.0003479023830049721 995 6 1 1.94 2 0.09357216363534221 0.0 9.4849994
true 0.018507643501548376 603 6 1 1.94 3 0.09357216363534221 0.0 9.1462465
true 3.2062983016167834e-5 3528 6 1 1.94 4 0.09357216363534221 0.0 58.59488
true 0.01876234383243608 145 6 2 1.94 1 0.09357216363534221 0.0 0.8705949
true 0.018005919305393164 786 6 2 1.94 2 0.09357216363534221 0.0 7.5272266
true 0.00033273382397489004 3990 6 2 1.94 3 0.09357216363534221 0.0 51.5795883
true 0.0008390679025289671 2439 6 2 1.94 4 0.09357216363534221 0.0 44.1557625
true 0.01873240573403308 122 6 3 1.94 1 0.09357216363534221 0.0 0.8224338
true 0.0005785366433446552 443 6 3 1.94 2 0.09357216363534221 0.0 4.7037498
true 0.018297126332644204 1282 6 3 1.94 3 0.09357216363534221 0.0 17.5187998
true 0.00010517479626209747 4015 6 3 1.94 4 0.09357216363534221 0.0 65.0617008
true 0.018351517781896864 227 6 4 1.94 1 0.09357216363534221 0.0 1.5204485
true 0.0002845681731991484 2231 6 4 1.94 2 0.09357216363534221 0.0 20.8801657
true 0.013429698750894295 2264 6 4 1.94 3 0.09357216363534221 0.0 29.0422089
true 0.0002214155345803548 7528 6 4 1.94 4 0.09357216363534221 0.0 121.813594
true 0.21065353359128522 127 6 5 1.94 1 0.09357216363534221 0.0 0.9111601
true 0.00029489077645418195 1539 6 5 1.94 2 0.09357216363534221 0.0 14.6961437
true 0.020656483739542063 1798 6 5 1.94 3 0.09357216363534221 0.0 24.7431237
true 0.20019777068796252 2707 6 5 1.94 4 0.09357216363534221 0.0 46.1017324
true 0.015102985864087407 235 6 6 1.94 1 0.09357216363534221 0.0 1.4903162
true 0.0002854461889761258 1146 6 6 1.94 2 0.09357216363534221 0.0 11.2355043
true 0.00010735567013510823 5934 6 6 1.94 3 0.09357216363534221 0.0 77.4536269
true 0.00029833630939191114 2739 6 6 1.94 4 0.09357216363534221 0.0 47.2376662
true 0.018629017960820893 220 6 1 1.95 1 0.09270593780019673 0.0 1.2897699
true 0.00033957581027915795 879 6 1 1.95 2 0.09270593780019673 0.0 8.3976487
true 2.3102756026849303e-5 1665 6 1 1.95 3 0.09270593780019673 0.0 21.0728473
true 0.000322864444723181 2038 6 1 1.95 4 0.09270593780019673 0.0 35.6792303
true 0.018545266203930266 107 6 2 1.95 1 0.09270593780019673 0.0 0.6942166
true 0.01781583014150326 473 6 2 1.95 2 0.09270593780019673 0.0 4.8232237
true 0.00031285958726057217 2240 6 2 1.95 3 0.09270593780019673 0.0 28.5188954
true 0.025093305029572938 1994 6 2 1.95 4 0.09270593780019673 0.0 35.0575272
true 0.018517645126336968 108 6 3 1.95 1 0.09270593780019673 0.0 0.7364022
true 0.00032217114705559063 1127 6 3 1.95 2 0.09270593780019673 0.0 10.3999957
true 0.012059853580807115 1262 6 3 1.95 3 0.09270593780019673 0.0 16.8979305
true 0.00029795698020309197 7538 6 3 1.95 4 0.09270593780019673 0.0 121.4439471
true 0.25883081985297685 165 6 4 1.95 1 0.09270593780019673 0.0 1.0436717
true 0.0002757913394513395 1109 6 4 1.95 2 0.09270593780019673 0.0 10.5066162
true 4.980552311989461e-5 4809 6 4 1.95 3 0.09270593780019673 0.0 60.2725675
true 0.00034093037295458706 7050 6 4 1.95 4 0.09270593780019673 0.0 113.2803924
true 0.40365957805172226 101 6 5 1.95 1 0.09270593780019673 0.0 0.7938757
true 0.0002843765191322456 1834 6 5 1.95 2 0.09270593780019673 0.0 17.4923475
true 0.014179636214615432 1804 6 5 1.95 3 0.09270593780019673 0.0 24.9495669
true 0.00039115843610366686 5688 6 5 1.95 4 0.09270593780019673 0.0 93.7309261
true 0.17592590094933025 258 6 6 1.95 1 0.09270593780019673 0.0 1.7170152
true 0.0010958868616117075 1333 6 6 1.95 2 0.09270593780019673 0.0 13.3813176
true 0.00917632459784636 3791 6 6 1.95 3 0.09270593780019673 0.0 49.8302709
true 0.0005588529307413714 7213 6 6 1.95 4 0.09270593780019673 0.0 118.5056771
true 0.01841453314396224 138 6 1 1.96 1 0.09185268817481701 0.0 0.8077832
true 0.018234978722190487 767 6 1 1.96 2 0.09185268817481701 0.0 7.5757977
true 0.0003067673329360532 1118 6 1 1.96 3 0.09185268817481701 0.0 15.1824448
true 9.966713581721631e-6 3716 6 1 1.96 4 0.09185268817481701 0.0 62.8754334
true 0.01833333096752096 131 6 2 1.96 1 0.09185268817481701 0.0 0.8246636
true 0.01752070294488864 434 6 2 1.96 2 0.09185268817481701 0.0 4.704626
true 8.364295866419846e-5 1090 6 2 1.96 3 0.09185268817481701 0.0 14.6607415
true 0.0002473784825813563 3140 6 2 1.96 4 0.09185268817481701 0.0 50.5421743
true 0.33947158777885783 111 6 3 1.96 1 0.09185268817481701 0.0 0.7309292
true 0.00031555264642294895 928 6 3 1.96 2 0.09185268817481701 0.0 8.7639146
true 0.0178438113058673 713 6 3 1.96 3 0.09185268817481701 0.0 11.2698943
true 0.0002735021767823291 4625 6 3 1.96 4 0.09185268817481701 0.0 73.7208243
true 0.017941307531943923 197 6 4 1.96 1 0.09185268817481701 0.0 1.2710515
true 0.00027579217741402484 1810 6 4 1.96 2 0.09185268817481701 0.0 16.9629966
true 0.00020765530316292635 3488 6 4 1.96 3 0.09185268817481701 0.0 44.147549
true 4.413443360661018e-5 3715 6 4 1.96 4 0.09185268817481701 0.0 62.9857341
true 0.01772258284467817 119 6 5 1.96 1 0.09185268817481701 0.0 0.826879
true 0.00030498688877077517 381 6 5 1.96 2 0.09185268817481701 0.0 4.2159221
true 3.8447633903448965e-5 3593 6 5 1.96 3 0.09185268817481701 0.0 46.5754843
true 0.00035007985518175077 7108 6 5 1.96 4 0.09185268817481701 0.0 116.9301191
true 0.014769020882628362 265 6 6 1.96 1 0.09185268817481701 0.0 1.7474333
true 0.0002492188374086009 1801 6 6 1.96 2 0.09185268817481701 0.0 16.9645922
true 0.0011878354466304992 5514 6 6 1.96 3 0.09185268817481701 0.0 75.0988992
true 0.00021191568508944583 4832 6 6 1.96 4 0.09185268817481701 0.0 76.9497003
true 0.0182039873327417 112 6 1 1.97 1 0.09101214385204551 0.0 0.6868674
true 0.00032490006243546254 816 6 1 1.97 2 0.09101214385204551 0.0 7.7857453
true 0.0003091812067309574 1433 6 1 1.97 3 0.09101214385204551 0.0 18.6816973
true 1.4811426736760502e-5 7071 6 1 1.97 4 0.09101214385204551 0.0 111.4720412
true 0.018124806462404247 123 6 2 1.97 1 0.09101214385204551 0.0 0.7394503
true 0.017255707783271762 429 6 2 1.97 2 0.09101214385204551 0.0 4.4211207
true 0.00017057328070904654 3221 6 2 1.97 3 0.09101214385204551 0.0 41.0752904
true 0.00021697636109985208 8306 6 2 1.97 4 0.09101214385204551 0.0 132.2994096
true 0.018098818044073206 118 6 3 1.97 1 0.09101214385204551 0.0 0.8063271
true 0.0003081197851387274 670 6 3 1.97 2 0.09101214385204551 0.0 6.4899363
true 0.0002429987726848548 2917 6 3 1.97 3 0.09101214385204551 0.0 36.4415172
true 0.0003132543768951483 3301 6 3 1.97 4 0.09101214385204551 0.0 55.9316465
true 0.01774126255232307 169 6 4 1.97 1 0.09101214385204551 0.0 1.0555411
true 0.0002451423156184379 423 6 4 1.97 2 0.09101214385204551 0.0 4.4420948
true 0.008903036726405869 3424 6 4 1.97 3 0.09101214385204551 0.0 44.6141613
true 0.00022374164959160225 6559 6 4 1.97 4 0.09101214385204551 0.0 105.3040666
true 0.0175277681892257 146 6 5 1.97 1 0.09101214385204551 0.0 1.0133156
true 0.00028273738971882343 1883 6 5 1.97 2 0.09101214385204551 0.0 17.807681
true 0.0032576266409902856 4737 6 5 1.97 3 0.09101214385204551 0.0 61.1910823
true 0.00040982529155436653 5537 6 5 1.97 4 0.09101214385204551 0.0 90.2609256
true 0.014605874360243104 291 6 6 1.97 1 0.09101214385204551 0.0 1.8988723
true 0.0002713871299734975 1886 6 6 1.97 2 0.09101214385204551 0.0 17.9314213
true 0.011878681883775314 4298 6 6 1.97 3 0.09101214385204551 0.0 58.487397
true 0.00030263382327364957 2555 6 6 1.97 4 0.09101214385204551 0.0 43.1734318
true 0.017996826681697498 95 6 1 1.98 1 0.09018404113577616 0.0 0.6201833
true 0.0003171250844509754 440 6 1 1.98 2 0.09018404113577616 0.0 4.4749401
true 6.491515577305984e-5 5990 6 1 1.98 3 0.09018404113577616 0.0 75.7555901
true 0.00027209031543545814 2998 6 1 1.98 4 0.09018404113577616 0.0 51.4202444
true 0.017920087052714695 243 6 2 1.98 1 0.09018404113577616 0.0 1.4979182
true 0.0003000027557010232 1246 6 2 1.98 2 0.09018404113577616 0.0 11.0897886
true 0.0002133336880572323 1582 6 2 1.98 3 0.09018404113577616 0.0 20.2230231
true 0.0001861724300212253 5158 6 2 1.98 4 0.09018404113577616 0.0 79.106819
true 0.017894601801804595 119 6 3 1.98 1 0.09018404113577616 0.0 0.7735105
true 0.0003038639860071431 952 6 3 1.98 2 0.09018404113577616 0.0 9.3690347
true 0.0002334528996057091 4768 6 3 1.98 3 0.09018404113577616 0.0 62.4687144
true 0.0004388306214200832 7625 6 3 1.98 4 0.09018404113577616 0.0 123.741463
true 0.017544885942736108 132 6 4 1.98 1 0.09018404113577616 0.0 0.8568329
true 0.00025297440620099254 1887 6 4 1.98 2 0.09018404113577616 0.0 17.834349
true 0.0003229853036774699 3961 6 4 1.98 3 0.09018404113577616 0.0 50.0133157
true 0.0003275521887909083 5222 6 4 1.98 4 0.09018404113577616 0.0 83.4283872
true 0.017335244101909297 133 6 5 1.98 1 0.09018404113577616 0.0 0.900206
true 0.0002662654305042755 1307 6 5 1.98 2 0.09018404113577616 0.0 12.0568727
true 0.010548536140833387 3539 6 5 1.98 3 0.09018404113577616 0.0 45.6263432
true 0.00041605751979559844 5630 6 5 1.98 4 0.09018404113577616 0.0 90.3770205
true 0.014446307084021124 413 6 6 1.98 1 0.09018404113577616 0.0 2.6159967
true 0.00023799591849271717 2013 6 6 1.98 2 0.09018404113577616 0.0 18.9766313
true 0.00028183447599347544 2444 6 6 1.98 3 0.09018404113577616 0.0 31.6325077
true 0.00025237343478080415 12592 6 6 1.98 4 0.09018404113577616 0.0 202.3092936
true 0.017793506746192123 145 6 1 1.99 1 0.08936812331138665 0.0 0.8558909
true 0.033006427947377404 203 6 1 1.99 2 0.08936812331138665 0.0 2.5537764
true 0.00029273357932946276 2680 6 1 1.99 3 0.08936812331138665 0.0 34.1379209
true 0.00026957184280351765 6181 6 1 1.99 4 0.08936812331138665 0.0 99.1148775
true 0.01771883404844768 114 6 2 1.99 1 0.08936812331138665 0.0 0.7009871
true 0.00029305344841512593 2078 6 2 1.99 2 0.08936812331138665 0.0 18.7631134
true 0.00040651246235826055 3382 6 2 1.99 3 0.08936812331138665 0.0 42.9528065
true 0.0001986898774070378 1816 6 2 1.99 4 0.08936812331138665 0.0 30.5893043
true 0.01769415242066676 116 6 3 1.99 1 0.08936812331138665 0.0 0.7449413
true 0.0002976896782267979 1234 6 3 1.99 2 0.08936812331138665 0.0 11.6165686
true 0.0001945242656654448 2950 6 3 1.99 3 0.08936812331138665 0.0 36.990007
true 0.0009031321934421429 7311 6 3 1.99 4 0.08936812331138665 0.0 119.0776715
true 0.01735164052069313 136 6 4 1.99 1 0.08936812331138665 0.0 0.9037858
true 0.00025728083763611187 1207 6 4 1.99 2 0.08936812331138665 0.0 11.238761
true 0.0004324546477960378 580 6 4 1.99 3 0.08936812331138665 0.0 9.125908
true 0.00030646078166023105 4421 6 4 1.99 4 0.08936812331138665 0.0 72.4467536
true 0.21061685027358398 124 6 5 1.99 1 0.08936812331138665 0.0 0.8664561
true 0.0002721604036655556 1248 6 5 1.99 2 0.08936812331138665 0.0 11.796815
true 0.00014459578654040238 2964 6 5 1.99 3 0.08936812331138665 0.0 38.3387381
true 0.00023372964144007246 3119 6 5 1.99 4 0.08936812331138665 0.0 51.3404973
true 0.1750741144712322 196 6 6 1.99 1 0.08936812331138665 0.0 1.2675387
true 0.16714342249476033 538 6 6 1.99 2 0.08936812331138665 0.0 5.719241
true 0.000163275854557036 4937 6 6 1.99 3 0.08936812331138665 0.0 63.6996522
true 0.000245027288517589 5932 6 6 1.99 4 0.08936812331138665 0.0 95.0439316
true 0.017593613369025374 81 6 1 2.0 1 0.0885641404244465 0.0 0.5732068
true 0.017427434267801245 435 6 1 2.0 2 0.0885641404244465 0.0 4.4623475
true 0.017361883884990936 731 6 1 2.0 3 0.0885641404244465 0.0 11.9085575
true 0.0002628245915072269 2646 6 1 2.0 4 0.0885641404244465 0.0 44.797838
true 0.017521354090688834 155 6 2 2.0 1 0.0885641404244465 0.0 0.9193556
true 0.03207361900867364 545 6 2 2.0 2 0.0885641404244465 0.0 5.7934486
true 0.00045013170890131904 835 6 2 2.0 3 0.0885641404244465 0.0 12.7935935
true 7.987078650559254e-5 5626 6 2 2.0 4 0.0885641404244465 0.0 88.6184812
true 0.017497174150021777 193 6 3 2.0 1 0.0885641404244465 0.0 1.2579252
true 0.00028909804869203803 534 6 3 2.0 2 0.0885641404244465 0.0 5.4654307
true 6.754822950366668e-5 4728 6 3 2.0 3 0.0885641404244465 0.0 61.6026458
true 0.0003413351258563975 6301 6 3 2.0 4 0.0885641404244465 0.0 100.8331084
true 0.01716242261978497 128 6 4 2.0 1 0.0885641404244465 0.0 0.8631564
true 0.2501361065414775 1442 6 4 2.0 2 0.0885641404244465 0.0 13.8972777
true 0.005342281810538085 2843 6 4 2.0 3 0.0885641404244465 0.0 37.0200647
true 0.00019295518437878467 8526 6 4 2.0 4 0.0885641404244465 0.0 138.2889308
true 0.016960395150893825 167 6 5 2.0 1 0.0885641404244465 0.0 1.076091
true 0.0002587298800781901 2612 6 5 2.0 2 0.0885641404244465 0.0 25.2098292
true 0.011213890349708011 1158 6 5 2.0 3 0.0885641404244465 0.0 16.0896852
true 0.00016161603407257585 3989 6 5 2.0 4 0.0885641404244465 0.0 65.548109
true 0.01413537210601079 225 6 6 2.0 1 0.0885641404244465 0.0 1.4425075
true 0.003261515950280819 773 6 6 2.0 2 0.0885641404244465 0.0 7.8142984
true 3.327246259665628e-5 2933 6 6 2.0 3 0.0885641404244465 0.0 37.572275
true 0.0002302420555890435 5772 6 6 2.0 4 0.0885641404244465 0.0 94.2346536