g_converged min_loss iter nsites nqubits0 h nlayers SvN m time
true 0.0340009763266052 101 6 1 1.51 1 0.14860607298695988 0.0 6.5983295
true 0.001054372698690187 379 6 1 1.51 2 0.14860607298695988 0.0 2.7835793
true 0.0008326714429541804 872 6 1 1.51 3 0.14860607298695988 0.0 9.1907644
true 0.00078524933249835 4025 6 1 1.51 4 0.14860607298695988 0.0 47.9454243
true 0.03364382991099657 143 6 2 1.51 1 0.14860607298695988 0.0 0.6521002
true 0.0009651994595134827 835 6 2 1.51 2 0.14860607298695988 0.0 5.9001352
true 0.0004774828672218234 2365 6 2 1.51 3 0.14860607298695988 0.0 23.0024511
true 0.0007522451905542238 4231 6 2 1.51 4 0.14860607298695988 0.0 50.3757632
true 0.34466699209569324 144 6 3 1.51 1 0.14860607298695988 0.0 0.6957708
true 0.0009802290915005656 1024 6 3 1.51 2 0.14860607298695988 0.0 7.3191016
true 0.03216948720130747 532 6 3 1.51 3 0.14860607298695988 0.0 6.2332752
true 0.000491587970237554 7319 6 3 1.51 4 0.14860607298695988 0.0 85.4567413
true 0.03243073856571166 199 6 4 1.51 1 0.14860607298695988 0.0 0.9174898
true 0.0007915105287357865 943 6 4 1.51 2 0.14860607298695988 0.0 6.6210839
true 0.024136122609872218 1509 6 4 1.51 3 0.14860607298695988 0.0 15.1709882
true 0.0011676938655781621 1108 6 4 1.51 4 0.14860607298695988 0.0 15.965577
true 0.03177465053745704 128 6 5 1.51 1 0.14860607298695988 0.0 0.6955395
true 0.0007927485034928128 2381 6 5 1.51 2 0.14860607298695988 0.0 17.4516587
true 0.0002883128124292922 5045 6 5 1.51 3 0.14860607298695988 0.0 49.8567634
true 0.0009807094093095658 5607 6 5 1.51 4 0.14860607298695988 0.0 69.1198948
true 0.026479089945667073 178 6 6 1.51 1 0.14860607298695988 0.0 0.8857372
true 0.0007008067472799121 1537 6 6 1.51 2 0.14860607298695988 0.0 10.9880418
true 0.00031508281549620193 8599 6 6 1.51 3 0.14860607298695988 0.0 84.3404571
true 0.0006608360588936287 4407 6 6 1.51 4 0.14860607298695988 0.0 52.8600415
true 0.03345531931733714 101 6 1 1.52 1 0.14676781227962965 0.0 0.4883718
true 0.0010233929701291555 467 6 1 1.52 2 0.14676781227962965 0.0 3.4118786
true 0.0002668567863703952 2149 6 1 1.52 3 0.14676781227962965 0.0 19.9562399
true 0.0016565021908536148 1472 6 1 1.52 4 0.14676781227962965 0.0 19.1669309
true 0.03311315617567673 123 6 2 1.52 1 0.14676781227962965 0.0 0.6054988
true 0.000938055066877691 1531 6 2 1.52 2 0.14676781227962965 0.0 10.6013411
true 5.6183749679472594e-5 3902 6 2 1.52 3 0.14676781227962965 0.0 36.4408207
true 0.0007998125685902968 3243 6 2 1.52 4 0.14676781227962965 0.0 40.194179
true 0.34448575357046124 109 6 3 1.52 1 0.14676781227962965 0.0 0.6306593
true 0.0009524206102430877 866 6 3 1.52 2 0.14676781227962965 0.0 6.6608731
true 0.00021042677674408075 2434 6 3 1.52 3 0.14676781227962965 0.0 24.9658173
true 0.0010788708892579175 3140 6 3 1.52 4 0.14676781227962965 0.0 44.8633509
true 0.2655496815374194 129 6 4 1.52 1 0.14676781227962965 0.0 0.7857655
true 0.0007689767933361097 970 6 4 1.52 2 0.14676781227962965 0.0 8.1612577
true 0.0004250660637266229 3815 6 4 1.52 3 0.14676781227962965 0.0 47.8800889
true 0.0007202052492301519 5114 6 4 1.52 4 0.14676781227962965 0.0 88.6632906
true 0.03129419074884101 138 6 5 1.52 1 0.14676781227962965 0.0 0.973045
true 0.0007744430928163348 1721 6 5 1.52 2 0.14676781227962965 0.0 18.5612114
true 0.0010897499526444031 3203 6 5 1.52 3 0.14676781227962965 0.0 47.769149
true 0.00037678854829891194 9047 6 5 1.52 4 0.14676781227962965 0.0 160.0024922
true 0.026078657288387486 243 6 6 1.52 1 0.14676781227962965 0.0 1.7104787
true 0.16738442132228662 950 6 6 1.52 2 0.14676781227962965 0.0 10.577183
true 0.00040683670835341595 1623 6 6 1.52 3 0.14676781227962965 0.0 25.2977477
true 0.000794311657338472 8490 6 6 1.52 4 0.14676781227962965 0.0 153.3622843
true 0.03292340426135648 107 6 1 1.53 1 0.14496629210198328 0.0 0.7874834
true 0.030663266736315753 254 6 1 1.53 2 0.14496629210198328 0.0 3.4467367
true 0.0009304689190172688 1879 6 1 1.53 3 0.14496629210198328 0.0 26.9548167
true 0.001400565096709827 6569 6 1 1.53 4 0.14496629210198328 0.0 115.6121991
true 0.03259143788508248 113 6 2 1.53 1 0.14496629210198328 0.0 0.8525702
true 0.0009117932635602233 728 6 2 1.53 2 0.14496629210198328 0.0 7.2770121
true 0.00011648270566874674 3664 6 2 1.53 3 0.14496629210198328 0.0 51.1400408
true 0.0005990001092150143 8945 6 2 1.53 4 0.14496629210198328 0.0 152.7268476
true 0.03248028602175792 215 6 3 1.53 1 0.14496629210198328 0.0 1.3698542
true 0.0009255451116408908 651 6 3 1.53 2 0.14496629210198328 0.0 7.0885669
true 0.00016339377071826014 1278 6 3 1.53 3 0.14496629210198328 0.0 18.5648189
true 0.00012742411064675663 4607 6 3 1.53 4 0.14496629210198328 0.0 80.9916371
true 0.26498425118680746 129 6 4 1.53 1 0.14496629210198328 0.0 0.9501547
true 0.000749225853796387 1766 6 4 1.53 2 0.14496629210198328 0.0 18.1366748
true 0.02341309256332598 1586 6 4 1.53 3 0.14496629210198328 0.0 23.2906649
true 0.00017372263057753579 7069 6 4 1.53 4 0.14496629210198328 0.0 122.2055932
true 0.0308260639194624 341 6 5 1.53 1 0.14496629210198328 0.0 2.4191716
true 0.0007550879553873235 1726 6 5 1.53 2 0.14496629210198328 0.0 18.0343011
true 0.00014661180456433388 5982 6 5 1.53 3 0.14496629210198328 0.0 85.5660962
true 0.0009716196238710118 7802 6 5 1.53 4 0.14496629210198328 0.0 135.7049599
true 0.1816019610902062 191 6 6 1.53 1 0.14496629210198328 0.0 1.4099508
true 0.0006612024168612118 1657 6 6 1.53 2 0.14496629210198328 0.0 17.1206012
true 0.010802429183036496 2426 6 6 1.53 3 0.14496629210198328 0.0 34.6492576
true 0.0010214745316627176 4516 6 6 1.53 4 0.14496629210198328 0.0 80.7661423
true 0.03240460066647588 133 6 1 1.54 1 0.14320052060549301 0.0 0.8217554
true 0.0009653897474460327 1172 6 1 1.54 2 0.14320052060549301 0.0 12.2204352
true 0.0009330149099017193 1004 6 1 1.54 3 0.14320052060549301 0.0 14.5761991
true 0.0006688361529840758 4472 6 1 1.54 4 0.14320052060549301 0.0 78.959619
true 0.03208434455435191 166 6 2 1.54 1 0.14320052060549301 0.0 1.0918154
true 0.0008860216370642215 1541 6 2 1.54 2 0.14320052060549301 0.0 15.9737129
true 0.0007098586504868387 2025 6 2 1.54 3 0.14320052060549301 0.0 29.0785474
true 0.0005207551128455778 4530 6 2 1.54 4 0.14320052060549301 0.0 77.9495842
true 0.03197790657578875 130 6 3 1.54 1 0.14320052060549301 0.0 0.9080095
true 0.0008993155675200056 1486 6 3 1.54 2 0.14320052060549301 0.0 15.8849268
true 0.00046805097627505843 3992 6 3 1.54 3 0.14320052060549301 0.0 55.2201204
true 0.0006111810693842553 3182 6 3 1.54 4 0.14320052060549301 0.0 56.7628218
true 0.030970784063563517 138 6 4 1.54 1 0.14320052060549301 0.0 1.0256783
true 0.0007287239421725072 1764 6 4 1.54 2 0.14320052060549301 0.0 18.1467075
true 0.03105698997658357 1086 6 4 1.54 3 0.14320052060549301 0.0 16.0635345
true 0.0005938595446825928 2239 6 4 1.54 4 0.14320052060549301 0.0 40.7179142
true 0.03036693541659551 152 6 5 1.54 1 0.14320052060549301 0.0 1.0908792
true 0.018590111654460173 666 6 5 1.54 2 0.14320052060549301 0.0 7.433323
true 0.00020983905611590136 4911 6 5 1.54 3 0.14320052060549301 0.0 67.8510726
true 0.00026490605705883354 3179 6 5 1.54 4 0.14320052060549301 0.0 58.7304519
true 0.025306411096328574 192 6 6 1.54 1 0.14320052060549301 0.0 1.3170473
true 0.0006989108605939728 603 6 6 1.54 2 0.14320052060549301 0.0 6.7919627
true 0.0001745843277136394 3445 6 6 1.54 3 0.14320052060549301 0.0 47.1978384
true 0.0005690550834843525 5883 6 6 1.54 4 0.14320052060549301 0.0 102.8947336
true 0.03189784412065688 123 6 1 1.55 1 0.14146953786835154 0.0 0.8978439
true 0.0009377450747979355 1468 6 1 1.55 2 0.14146953786835154 0.0 15.2100738
true 0.00029652472322905243 456 6 1 1.55 3 0.14146953786835154 0.0 8.0618381
true 0.0002610636747711337 5911 6 1 1.55 4 0.14146953786835154 0.0 102.6751793
true 0.03158873943614132 123 6 2 1.55 1 0.14146953786835154 0.0 0.8584421
true 0.031135101631814127 864 6 2 1.55 2 0.14146953786835154 0.0 9.5847096
true 0.0011161800292879276 2400 6 2 1.55 3 0.14146953786835154 0.0 32.8657085
true 5.979487967563979e-5 4329 6 2 1.55 4 0.14146953786835154 0.0 74.691885
true 0.031486033345011634 112 6 3 1.55 1 0.14146953786835154 0.0 0.7907809
true 0.0008741042686924438 1617 6 3 1.55 2 0.14146953786835154 0.0 16.5473461
true 0.0008216623826388658 3297 6 3 1.55 3 0.14146953786835154 0.0 47.4463525
true 0.000249168718616799 3862 6 3 1.55 4 0.14146953786835154 0.0 68.3907298
true 0.03050672787507698 285 6 4 1.55 1 0.14146953786835154 0.0 1.9630798
true 0.0007083906842914323 1056 6 4 1.55 2 0.14146953786835154 0.0 10.6127465
true 0.00014145787843097835 3528 6 4 1.55 3 0.14146953786835154 0.0 48.7846558
true 0.0003394704292338929 3551 6 4 1.55 4 0.14146953786835154 0.0 62.955944
true 0.02991925784779146 215 6 5 1.55 1 0.14146953786835154 0.0 1.5291263
true 0.0007096673349388238 2473 6 5 1.55 2 0.14146953786835154 0.0 25.8513379
true 0.00011184920823684719 2922 6 5 1.55 3 0.14146953786835154 0.0 42.565172
true 0.0003001279501958276 4132 6 5 1.55 4 0.14146953786835154 0.0 71.7534245
true 0.18241058352876593 221 6 6 1.55 1 0.14146953786835154 0.0 1.5666212
true 0.0006240345693970251 1519 6 6 1.55 2 0.14146953786835154 0.0 15.3159943
true 0.0004134561680805282 6372 6 6 1.55 3 0.14146953786835154 0.0 91.139141
true 0.0003040892543787384 9378 6 6 1.55 4 0.14146953786835154 0.0 165.206112
true 0.03140385650021227 101 6 1 1.56 1 0.13977241481340572 0.0 0.699
true 0.0009112296218755644 351 6 1 1.56 2 0.13977241481340572 0.0 4.0686935
true 0.000276236931893159 3089 6 1 1.56 3 0.13977241481340572 0.0 43.8516684
true 7.02961580423267e-5 3287 6 1 1.56 4 0.13977241481340572 0.0 56.8439804
true 0.031105837960458516 151 6 2 1.56 1 0.13977241481340572 0.0 1.0113831
true 0.0008425299385398377 484 6 2 1.56 2 0.13977241481340572 0.0 5.4507957
true 0.0290595899411204 1437 6 2 1.56 3 0.13977241481340572 0.0 21.0521034
true 0.0011767620210591523 3530 6 2 1.56 4 0.13977241481340572 0.0 61.4072083
true 0.031006351944452597 192 6 3 1.56 1 0.13977241481340572 0.0 1.2769295
true 0.0008498124295794515 613 6 3 1.56 2 0.13977241481340572 0.0 6.5853313
true 0.019449450490536774 2039 6 3 1.56 3 0.13977241481340572 0.0 28.7810131
true 0.0007331493296850641 6537 6 3 1.56 4 0.13977241481340572 0.0 113.9947506
true 0.030053511083511578 189 6 4 1.56 1 0.13977241481340572 0.0 1.2937008
true 0.0006860640619320013 1062 6 4 1.56 2 0.13977241481340572 0.0 10.9658953
true 0.0003507690508147976 5435 6 4 1.56 3 0.13977241481340572 0.0 77.3162458
true 0.00850021305447593 3276 6 4 1.56 4 0.13977241481340572 0.0 57.5104414
true 0.029482052456512087 211 6 5 1.56 1 0.13977241481340572 0.0 1.4077333
true 0.0014854172303200518 1330 6 5 1.56 2 0.13977241481340572 0.0 14.3088121
true 0.006038686863679909 4178 6 5 1.56 3 0.13977241481340572 0.0 59.62553
true 0.0008235693437205315 3412 6 5 1.56 4 0.13977241481340572 0.0 61.5378668
true 0.18217044021484372 167 6 6 1.56 1 0.13977241481340572 0.0 1.2630501
true 0.0006098923646750595 1501 6 6 1.56 2 0.13977241481340572 0.0 15.6001394
true 0.0001406925997904096 3809 6 6 1.56 3 0.13977241481340572 0.0 54.4873012
true 0.0005392133491075127 4942 6 6 1.56 4 0.13977241481340572 0.0 87.8921657
true 0.030921523571401932 86 6 1 1.57 1 0.1381082521562763 0.0 0.6423835
true 0.0008855130329166738 956 6 1 1.57 2 0.1381082521562763 0.0 9.650174
true 0.000885730008362895 2204 6 1 1.57 3 0.1381082521562763 0.0 31.2930994
true 0.000988175296424032 1857 6 1 1.57 4 0.1381082521562763 0.0 35.3226338
true 0.030634311690848348 103 6 2 1.57 1 0.1381082521562763 0.0 0.7050856
true 0.0008145606676427386 2207 6 2 1.57 2 0.1381082521562763 0.0 23.506529
true 0.00017523751944450994 3919 6 2 1.57 3 0.1381082521562763 0.0 54.7084585
true 0.000985829699308105 3051 6 2 1.57 4 0.1381082521562763 0.0 52.7093218
true 0.03053805031624048 112 6 3 1.57 1 0.1381082521562763 0.0 0.8199277
true 0.0008263862963617438 1164 6 3 1.57 2 0.1381082521562763 0.0 11.9550682
true 0.0010878689467856046 2943 6 3 1.57 3 0.1381082521562763 0.0 40.430088
true 0.0005984666564746166 7158 6 3 1.57 4 0.1381082521562763 0.0 124.1694773
true 0.02961080975446241 180 6 4 1.57 1 0.1381082521562763 0.0 1.2590304
true 0.0006655691908086653 1257 6 4 1.57 2 0.1381082521562763 0.0 12.9960579
true 0.022260601728749163 2515 6 4 1.57 3 0.1381082521562763 0.0 35.1569083
true 0.004522825880545339 4650 6 4 1.57 4 0.1381082521562763 0.0 80.3759423
true 0.21832286945958174 150 6 5 1.57 1 0.1381082521562763 0.0 1.0974965
true 0.0006789808797565855 1078 6 5 1.57 2 0.1381082521562763 0.0 11.2171629
true 0.00026232560187844367 5824 6 5 1.57 3 0.1381082521562763 0.0 79.6976965
true 0.0007350905526631202 5297 6 5 1.57 4 0.1381082521562763 0.0 97.6499834
true 0.02421210503782813 172 6 6 1.57 1 0.1381082521562763 0.0 1.1622151
true 0.0005932655561682968 1956 6 6 1.57 2 0.1381082521562763 0.0 20.1094173
true 0.0003220267854951257 3057 6 6 1.57 3 0.1381082521562763 0.0 43.9797802
true 0.00030099722788785405 6071 6 6 1.57 4 0.1381082521562763 0.0 107.8043021
true 0.03045053150376753 132 6 1 1.58 1 0.13647617938387846 0.0 0.8581899
true 0.0008646505272884575 431 6 1 1.58 2 0.13647617938387846 0.0 4.5830287
true 0.02993030770422983 998 6 1 1.58 3 0.13647617938387846 0.0 13.6435654
true 0.0009563281039716154 2608 6 1 1.58 4 0.13647617938387846 0.0 44.641054
true 0.030172833589563963 162 6 2 1.58 1 0.13647617938387846 0.0 0.9897234
true 0.0007949027310818202 501 6 2 1.58 2 0.13647617938387846 0.0 5.2632002
true 0.028269622614545326 857 6 2 1.58 3 0.13647617938387846 0.0 13.1777282
true 0.00015899049728165804 2847 6 2 1.58 4 0.13647617938387846 0.0 46.8838196
true 0.03008106896738259 103 6 3 1.58 1 0.13647617938387846 0.0 0.7040764
true 0.0008049700235717531 436 6 3 1.58 2 0.13647617938387846 0.0 4.4603448
true 0.0010483255606486182 1376 6 3 1.58 3 0.13647617938387846 0.0 18.5869166
true 0.0004982381238537633 4541 6 3 1.58 4 0.13647617938387846 0.0 70.3220831
true 0.263952381205381 176 6 4 1.58 1 0.13647617938387846 0.0 1.028097
true 0.0006565438977497867 1954 6 4 1.58 2 0.13647617938387846 0.0 17.98704
true 0.00028387128598482414 5558 6 4 1.58 3 0.13647617938387846 0.0 67.642422
true 0.0005570051665927805 4926 6 4 1.58 4 0.13647617938387846 0.0 74.5645577
true 0.21645548674168755 202 6 5 1.58 1 0.13647617938387846 0.0 1.2683364
true 0.20039187710978643 1045 6 5 1.58 2 0.13647617938387846 0.0 9.7022332
true 0.00015278432822669609 3253 6 5 1.58 3 0.13647617938387846 0.0 40.2156666
true 0.0005091278317652992 3841 6 5 1.58 4 0.13647617938387846 0.0 59.2809754
true 0.023863768049702288 524 6 6 1.58 1 0.13647617938387846 0.0 3.2302969
true 0.0005752767206143224 1571 6 6 1.58 2 0.13647617938387846 0.0 14.4206639
true 9.340886888541584e-5 6700 6 6 1.58 3 0.13647617938387846 0.0 82.9369903
true 0.00015565442642893426 9023 6 6 1.58 4 0.13647617938387846 0.0 142.8951788
true 0.02999073034122418 103 6 1 1.59 1 0.13487535376348045 0.0 0.6802842
true 0.0008428092546786115 1096 6 1 1.59 2 0.13487535376348045 0.0 9.9065351
true 0.0003372787373471797 1932 6 1 1.59 3 0.13487535376348045 0.0 23.5827712
true 0.0003220601786092514 4237 6 1 1.59 4 0.13487535376348045 0.0 68.1139289
true 0.02972327766324384 138 6 2 1.59 1 0.13487535376348045 0.0 0.8058948
true 0.0007705732774079266 1403 6 2 1.59 2 0.13487535376348045 0.0 12.5591604
true 0.02781214902609755 970 6 2 1.59 3 0.13487535376348045 0.0 14.0397141
true 0.0005214290930956322 1508 6 2 1.59 4 0.13487535376348045 0.0 25.9473203
true 0.029633444822732485 183 6 3 1.59 1 0.13487535376348045 0.0 1.0774056
true 0.0007813066597540849 868 6 3 1.59 2 0.13487535376348045 0.0 8.117071
true 0.0007218881042761657 3779 6 3 1.59 3 0.13487535376348045 0.0 46.6895567
true 0.0005737683987104466 4828 6 3 1.59 4 0.13487535376348045 0.0 75.6309348
true 0.02875458527461877 199 6 4 1.59 1 0.13487535376348045 0.0 1.2411925
true 0.0006341845099185617 1499 6 4 1.59 2 0.13487535376348045 0.0 13.2648437
true 0.000303502453723431 7083 6 4 1.59 3 0.13487535376348045 0.0 87.692637
true 0.0007333687598500005 4894 6 4 1.59 4 0.13487535376348045 0.0 76.1317778
true 0.02822745697236264 142 6 5 1.59 1 0.13487535376348045 0.0 0.8921565
true 0.22806759374199262 986 6 5 1.59 2 0.13487535376348045 0.0 10.0917282
true 0.01739123706091824 2331 6 5 1.59 3 0.13487535376348045 0.0 29.1490469
true 0.0006613349145834557 2952 6 5 1.59 4 0.13487535376348045 0.0 47.123801
true 0.18148348478039456 148 6 6 1.59 1 0.13487535376348045 0.0 0.9880652
true 0.0010295962664995106 869 6 6 1.59 2 0.13487535376348045 0.0 8.0946809
true 0.009859044198810785 2281 6 6 1.59 3 0.13487535376348045 0.0 28.7200949
true 0.00035464456808803613 6138 6 6 1.59 4 0.13487535376348045 0.0 99.0640177
true 0.02954154240917939 112 6 1 1.6 1 0.1333049593821452 0.0 0.6884526
true 0.027607958823129997 1067 6 1 1.6 2 0.1333049593821452 0.0 9.78458
true 0.00024041205986535807 2225 6 1 1.6 3 0.1333049593821452 0.0 27.1694282
true 0.00020585977500414687 2963 6 1 1.6 4 0.1333049593821452 0.0 46.6232012
true 0.029283296257445024 124 6 2 1.6 1 0.1333049593821452 0.0 0.7219657
true 0.0007504862649746757 1355 6 2 1.6 2 0.1333049593821452 0.0 12.1513773
true 0.027198527920228532 1054 6 2 1.6 3 0.1333049593821452 0.0 15.0526973
true 7.552004955624358e-5 3504 6 2 1.6 4 0.1333049593821452 0.0 56.975221
true 0.029196684641948467 157 6 3 1.6 1 0.1333049593821452 0.0 0.9109022
true 0.0007608122467320048 1335 6 3 1.6 2 0.1333049593821452 0.0 12.7286681
true 0.00044510657479929217 4974 6 3 1.6 3 0.1333049593821452 0.0 60.0203118
true 0.0003668127712936157 2545 6 3 1.6 4 0.1333049593821452 0.0 40.530967
true 0.028340622850714134 187 6 4 1.6 1 0.1333049593821452 0.0 1.0957803
true 0.0006171149951199606 1001 6 4 1.6 2 0.1333049593821452 0.0 9.3761321
true 0.0004612741071120391 9438 6 4 1.6 3 0.1333049593821452 0.0 117.1815878
true 0.00043012361031824486 3888 6 4 1.6 4 0.1333049593821452 0.0 59.9181771
true 0.02782687723431515 226 6 5 1.6 1 0.1333049593821452 0.0 1.4155045
true 0.000619706144980725 1485 6 5 1.6 2 0.1333049593821452 0.0 13.4873467
true 9.479770089546591e-5 4877 6 5 1.6 3 0.1333049593821452 0.0 60.1236231
true 0.0007411013473067162 6079 6 5 1.6 4 0.1333049593821452 0.0 95.1594292
true 0.18000896243691025 289 6 6 1.6 1 0.1333049593821452 0.0 1.7910149
true 0.0005451239317387594 1990 6 6 1.6 2 0.1333049593821452 0.0 17.819942
true 5.213038144090872e-5 2397 6 6 1.6 3 0.1333049593821452 0.0 29.887564
true 0.00039339744058590936 5998 6 6 1.6 4 0.1333049593821452 0.0 93.3025159
true 0.029103143135299603 119 6 1 1.61 1 0.13176420621645163 0.0 0.6944036
true 0.0007914548289297829 534 6 1 1.61 2 0.13176420621645163 0.0 5.1459723
true 0.0002184757522824543 1919 6 1 1.61 3 0.13176420621645163 0.0 23.2859415
true 0.000513643109680495 3771 6 1 1.61 4 0.13176420621645163 0.0 59.1540704
true 0.02885329140972756 207 6 2 1.61 1 0.13176420621645163 0.0 1.2583574
true 0.0272682242202949 937 6 2 1.61 2 0.13176420621645163 0.0 8.6807477
true 0.0015279593134879532 3544 6 2 1.61 3 0.13176420621645163 0.0 44.4214488
true 0.01444928329141934 5507 6 2 1.61 4 0.13176420621645163 0.0 86.8362954
true 0.028769937156024068 161 6 3 1.61 1 0.13176420621645163 0.0 0.9066774
true 0.0007395254358243397 973 6 3 1.61 2 0.13176420621645163 0.0 8.7435306
true 0.027687314850380174 636 6 3 1.61 3 0.13176420621645163 0.0 9.692567
true 0.0005894194669184468 4082 6 3 1.61 4 0.13176420621645163 0.0 63.5645921
true 0.02793627757560617 186 6 4 1.61 1 0.13176420621645163 0.0 1.0917276
true 0.0005989958988939365 1419 6 4 1.61 2 0.13176420621645163 0.0 12.7494095
true 0.00019925775224761966 5444 6 4 1.61 3 0.13176420621645163 0.0 67.3368506
true 8.150277374308068e-5 6657 6 4 1.61 4 0.13176420621645163 0.0 103.6956695
true 0.027435967697433172 151 6 5 1.61 1 0.13176420621645163 0.0 1.0450092
true 0.0006042122187047249 2036 6 5 1.61 2 0.13176420621645163 0.0 18.8085986
true 9.796454953000521e-5 3352 6 5 1.61 3 0.13176420621645163 0.0 41.1294931
true 0.20029045205819723 3035 6 5 1.61 4 0.13176420621645163 0.0 48.4913271
true 0.022863272003643725 156 6 6 1.61 1 0.13176420621645163 0.0 0.9045864
true 0.000610280449761876 998 6 6 1.61 2 0.13176420621645163 0.0 9.2230207
true 0.018683014308969542 1259 6 6 1.61 3 0.13176420621645163 0.0 17.0052563
true 0.00047202300919868545 4156 6 6 1.61 4 0.13176420621645163 0.0 66.5529449
true 0.028674398096792564 97 6 1 1.62 1 0.1302523292320997 0.0 0.5822177
true 0.02691340254626312 316 6 1 1.62 2 0.1302523292320997 0.0 3.2883756
true 0.0011201281593736234 2605 6 1 1.62 3 0.1302523292320997 0.0 31.7275478
true 0.0009649559790716467 1418 6 1 1.62 4 0.1302523292320997 0.0 25.7886419
true 0.028433116954382942 164 6 2 1.62 1 0.1302523292320997 0.0 1.0451089
true 0.0007373543381450631 394 6 2 1.62 2 0.1302523292320997 0.0 4.0447011
true 3.3387096263021165e-5 3801 6 2 1.62 3 0.1302523292320997 0.0 46.0157473
true 0.00046388542221884044 7975 6 2 1.62 4 0.1302523292320997 0.0 121.1764731
true 0.028352705035686748 141 6 3 1.62 1 0.1302523292320997 0.0 0.8684573
true 0.0007201354068699187 863 6 3 1.62 2 0.1302523292320997 0.0 7.674881
true 0.027297084862087095 797 6 3 1.62 3 0.1302523292320997 0.0 11.1291612
true 0.0002746242497193574 4035 6 3 1.62 4 0.1302523292320997 0.0 61.9301343
true 0.027540416200476717 174 6 4 1.62 1 0.1302523292320997 0.0 1.1203891
true 0.0005808895754180476 2708 6 4 1.62 2 0.1302523292320997 0.0 24.3116909
true 0.00013260820217397828 3782 6 4 1.62 3 0.1302523292320997 0.0 45.1799103
true 0.004118558321019469 11236 6 4 1.62 4 0.1302523292320997 0.0 173.9996946
true 0.02705291031755589 179 6 5 1.62 1 0.1302523292320997 0.0 1.0802596
true 0.0005933390039522645 1412 6 5 1.62 2 0.1302523292320997 0.0 12.4119767
true 8.372845323764144e-5 2641 6 5 1.62 3 0.1302523292320997 0.0 34.0711214
true 0.00040388423585768773 4240 6 5 1.62 4 0.1302523292320997 0.0 65.1020096
true 0.18084324238683794 192 6 6 1.62 1 0.1302523292320997 0.0 1.1600943
true 0.03292565360680189 528 6 6 1.62 2 0.1302523292320997 0.0 5.275262
true 0.16673973203508066 2642 6 6 1.62 3 0.1302523292320997 0.0 33.1193572
true 0.00020928114376397855 4609 6 6 1.62 4 0.1302523292320997 0.0 71.017401
true 0.028255368799430303 128 6 1 1.63 1 0.1287685875130133 0.0 0.6983292
true 0.000749010968157271 783 6 1 1.63 2 0.1287685875130133 0.0 7.0602995
true 0.000675160859777646 1666 6 1 1.63 3 0.1287685875130133 0.0 21.2467083
true 0.00159512667916889 3145 6 1 1.63 4 0.1287685875130133 0.0 50.0159821
true 0.02802266388835603 154 6 2 1.63 1 0.1287685875130133 0.0 0.8703941
true 0.0006917570152800145 1171 6 2 1.63 2 0.1287685875130133 0.0 10.8825289
true 0.02477633376830013 3368 6 2 1.63 3 0.1287685875130133 0.0 40.5398756
true 0.01385863563719375 3346 6 2 1.63 4 0.1287685875130133 0.0 53.7506355
true 0.027945008581633474 126 6 3 1.63 1 0.1287685875130133 0.0 0.8762779
true 0.0007009277534687497 1016 6 3 1.63 2 0.1287685875130133 0.0 9.2665682
true 0.0007164705928542348 5962 6 3 1.63 3 0.1287685875130133 0.0 71.0077299
true 0.0003235390651101233 4715 6 3 1.63 4 0.1287685875130133 0.0 71.1723605
true 0.027153779421742033 120 6 4 1.63 1 0.1287685875130133 0.0 0.802985
true 0.0005657972966458813 1707 6 4 1.63 2 0.1287685875130133 0.0 15.2325018
true 0.0007704477296575363 2884 6 4 1.63 3 0.1287685875130133 0.0 36.5689563
true 0.0009025393570351176 7483 6 4 1.63 4 0.1287685875130133 0.0 114.8747765
true 0.026678418070296573 159 6 5 1.63 1 0.1287685875130133 0.0 1.0217287
true 0.0005863385486286176 1552 6 5 1.63 2 0.1287685875130133 0.0 13.9596984
true 0.0008320556024608239 3894 6 5 1.63 3 0.1287685875130133 0.0 47.4892328
true 0.00015028847832402326 5116 6 5 1.63 4 0.1287685875130133 0.0 79.255143
true 0.17963678411318626 183 6 6 1.63 1 0.1287685875130133 0.0 1.2366777
true 0.0005088789176947531 1515 6 6 1.63 2 0.1287685875130133 0.0 13.7045013
true 0.0001489265460555278 8562 6 6 1.63 3 0.1287685875130133 0.0 107.2036947
true 0.0005125662972514563 5245 6 6 1.63 4 0.1287685875130133 0.0 81.6716145
true 0.027846147938586474 90 6 1 1.64 1 0.12731226341949994 0.0 0.6166529
true 0.0007288441210680507 471 6 1 1.64 2 0.12731226341949994 0.0 4.2931184
true 0.0008743671380778695 1306 6 1 1.64 3 0.12731226341949994 0.0 16.2556168
true 0.0003300423640449912 3997 6 1 1.64 4 0.12731226341949994 0.0 62.8952004
true 0.027621130996474175 119 6 2 1.64 1 0.12731226341949994 0.0 0.8082269
true 0.0006741227889900947 1374 6 2 1.64 2 0.12731226341949994 0.0 11.8835579
true 9.222759394103552e-5 3597 6 2 1.64 3 0.12731226341949994 0.0 45.5276012
true 0.0001755959152694997 6447 6 2 1.64 4 0.12731226341949994 0.0 98.5242482
true 0.3426158222491689 137 6 3 1.64 1 0.12731226341949994 0.0 0.8530282
true 0.0006822321070548328 683 6 3 1.64 2 0.12731226341949994 0.0 6.3432873
true 0.018165192543384057 2364 6 3 1.64 3 0.12731226341949994 0.0 29.6273122
true 9.086487616410954e-5 2760 6 3 1.64 4 0.12731226341949994 0.0 43.2333388
true 0.2630766867245554 116 6 4 1.64 1 0.12731226341949994 0.0 0.8098785
true 0.0005501675617231305 844 6 4 1.64 2 0.12731226341949994 0.0 7.8271276
true 0.00010327092001938265 1151 6 4 1.64 3 0.12731226341949994 0.0 14.9238029
true 0.00029181086140812884 4789 6 4 1.64 4 0.12731226341949994 0.0 72.8307917
true 0.026311918831131664 183 6 5 1.64 1 0.12731226341949994 0.0 1.0958485
true 0.0005671453804136584 1192 6 5 1.64 2 0.12731226341949994 0.0 10.78918
true 0.00025774873971112777 3339 6 5 1.64 3 0.12731226341949994 0.0 41.7554509
true 0.00012334524290691373 9038 6 5 1.64 4 0.12731226341949994 0.0 138.2256984
true 0.33797497845389984 156 6 6 1.64 1 0.12731226341949994 0.0 0.9332054
true 0.00048074693680502656 380 6 6 1.64 2 0.12731226341949994 0.0 4.2502804
true 0.004026618642515707 3826 6 6 1.64 3 0.12731226341949994 0.0 48.3834057
true 0.0001647566687469996 7015 6 6 1.64 4 0.12731226341949994 0.0 106.5695761
true 0.0274462631350178 105 6 1 1.65 1 0.125882661774852 0.0 0.6679112
true 0.0007093954271384373 569 6 1 1.65 2 0.125882661774852 0.0 5.4004636
true 0.0011861779976664044 1046 6 1 1.65 3 0.125882661774852 0.0 13.4131351
true 0.0006647049865229904 1024 6 1 1.65 4 0.125882661774852 0.0 18.3325933
true 0.027228438144795697 153 6 2 1.65 1 0.125882661774852 0.0 0.8353447
true 0.0006559357744647387 1091 6 2 1.65 2 0.125882661774852 0.0 10.4178429
true 0.0003206084787757135 4140 6 2 1.65 3 0.125882661774852 0.0 49.474007
true 0.0008497679555796167 4202 6 2 1.65 4 0.125882661774852 0.0 66.2654127
true 0.02715584016462343 158 6 3 1.65 1 0.125882661774852 0.0 0.9165158
true 0.000664961241302923 1242 6 3 1.65 2 0.125882661774852 0.0 11.1602782
true 0.0010306052106271075 2620 6 3 1.65 3 0.125882661774852 0.0 32.8121872
true 0.0007441392124006666 2639 6 3 1.65 4 0.125882661774852 0.0 41.4445909
true 0.2626843472526873 145 6 4 1.65 1 0.125882661774852 0.0 0.8658855
true 0.0005392689447304422 1591 6 4 1.65 2 0.125882661774852 0.0 13.5491732
true 0.000734249000946055 4449 6 4 1.65 3 0.125882661774852 0.0 54.595316
true 0.00025405941119986675 6958 6 4 1.65 4 0.125882661774852 0.0 107.2124576
true 0.02595318238829065 193 6 5 1.65 1 0.125882661774852 0.0 1.1616702
true 0.0005509051698146305 767 6 5 1.65 2 0.125882661774852 0.0 7.1071682
true 0.0007259832942361544 4066 6 5 1.65 3 0.125882661774852 0.0 49.1674239
true 0.00011254585414011142 2955 6 5 1.65 4 0.125882661774852 0.0 46.9523826
true 0.02162780396939203 204 6 6 1.65 1 0.125882661774852 0.0 1.2819719
true 0.00047983219929531584 1816 6 6 1.65 2 0.125882661774852 0.0 15.9933066
true 9.299999625941857e-5 3252 6 6 1.65 3 0.125882661774852 0.0 40.2759889
true 0.00015775385609027395 6293 6 6 1.65 4 0.125882661774852 0.0 96.8953541
true 0.027054688262673154 95 6 1 1.66 1 0.12447910907986316 0.0 0.5509335
true 0.0006908778738237142 1046 6 1 1.66 2 0.12447910907986316 0.0 9.0041226
true 0.026250383022457746 675 6 1 1.66 3 0.12447910907986316 0.0 9.5347111
true 0.00017987448825335095 5609 6 1 1.66 4 0.12447910907986316 0.0 84.1756298
true 0.02684452374198637 173 6 2 1.66 1 0.12447910907986316 0.0 0.9287651
true 0.000639087371245517 1151 6 2 1.66 2 0.12447910907986316 0.0 10.3377183
true 0.0007227420388849215 3270 6 2 1.66 3 0.12447910907986316 0.0 40.3231727
true 0.0008691700568301819 3139 6 2 1.66 4 0.12447910907986316 0.0 50.6394136
true 0.026774401716672818 222 6 3 1.66 1 0.12447910907986316 0.0 1.3097717
true 0.0006467951526432832 1420 6 3 1.66 2 0.12447910907986316 0.0 12.8647689
true 9.943835064093094e-5 1996 6 3 1.66 3 0.12447910907986316 0.0 24.695724
true 8.127583306275869e-5 6857 6 3 1.66 4 0.12447910907986316 0.0 103.7294152
true 0.026041394545296304 163 6 4 1.66 1 0.12447910907986316 0.0 0.9491211
true 0.0005217690772377909 2275 6 4 1.66 2 0.12447910907986316 0.0 20.9192603
true 8.47916548962907e-5 4495 6 4 1.66 3 0.12447910907986316 0.0 55.0566436
true 0.00047893761126913126 4629 6 4 1.66 4 0.12447910907986316 0.0 73.9443557
true 0.21494817765694113 254 6 5 1.66 1 0.12447910907986316 0.0 1.6219642
true 0.20031012967937553 1189 6 5 1.66 2 0.12447910907986316 0.0 10.4896254
true 0.020736580312274478 1420 6 5 1.66 3 0.12447910907986316 0.0 19.1905914
true 0.00023973036024101945 4884 6 5 1.66 4 0.12447910907986316 0.0 75.1317624
true 0.021336007636514432 157 6 6 1.66 1 0.12447910907986316 0.0 0.9783789
true 0.00047796389938379685 2064 6 6 1.66 2 0.12447910907986316 0.0 18.7705727
true 0.0004908511157469911 6443 6 6 1.66 3 0.12447910907986316 0.0 79.0403881
true 0.0002529247945611453 6720 6 6 1.66 4 0.12447910907986316 0.0 102.4784346
true 0.026671819168906652 129 6 1 1.67 1 0.12310095275454412 0.0 0.7014417
true 0.02621644360882569 381 6 1 1.67 2 0.12310095275454412 0.0 3.9566321
true 0.02583044855476424 1057 6 1 1.67 3 0.12310095275454412 0.0 15.2631332
true 0.00010215635495797182 2566 6 1 1.67 4 0.12310095275454412 0.0 39.7048016
true 0.026468913069552652 110 6 2 1.67 1 0.12310095275454412 0.0 0.7550783
true 0.0006224909709538484 702 6 2 1.67 2 0.12310095275454412 0.0 6.5319874
true 0.025008572771002407 1723 6 2 1.67 3 0.12310095275454412 0.0 21.4577456
true 0.000182334265592915 2307 6 2 1.67 4 0.12310095275454412 0.0 37.1160588
true 0.026401967108989177 128 6 3 1.67 1 0.12310095275454412 0.0 0.8046936
true 0.0006306684386512643 973 6 3 1.67 2 0.12310095275454412 0.0 8.5520148
true 8.725330911563134e-5 2805 6 3 1.67 3 0.12310095275454412 0.0 34.1277705
true 0.0007445914066897171 5423 6 3 1.67 4 0.12310095275454412 0.0 81.3673927
true 0.025686371314742287 330 6 4 1.67 1 0.12310095275454412 0.0 1.9796191
true 0.0005113082666209912 900 6 4 1.67 2 0.12310095275454412 0.0 8.0708345
true 0.0006202594704578235 1196 6 4 1.67 3 0.12310095275454412 0.0 15.0990602
true 0.0005422031717414871 7366 6 4 1.67 4 0.12310095275454412 0.0 112.1219747
true 0.025257745050294367 141 6 5 1.67 1 0.12310095275454412 0.0 0.8991332
true 0.0005088283717269437 521 6 5 1.67 2 0.12310095275454412 0.0 5.0952911
true 0.00018302037434344553 3800 6 5 1.67 3 0.12310095275454412 0.0 46.534632
true 0.00016063820206624335 7687 6 5 1.67 4 0.12310095275454412 0.0 116.700715
true 0.021051916994252667 164 6 6 1.67 1 0.12310095275454412 0.0 1.0621815
true 0.008779474143944699 1196 6 6 1.67 2 0.12310095275454412 0.0 11.4927991
true 7.795487738930056e-5 2969 6 6 1.67 3 0.12310095275454412 0.0 37.5957488
true 0.0004547314835293044 4492 6 6 1.67 4 0.12310095275454412 0.0 69.5063084
true 0.026297372337776626 102 6 1 1.68 1 0.12174756040643517 0.0 0.6260081
true 0.0006547631043713475 1075 6 1 1.68 2 0.12174756040643517 0.0 9.593109
true 0.02324140454148471 1806 6 1 1.68 3 0.12174756040643517 0.0 22.6447377
true 0.0005044492518917476 2831 6 1 1.68 4 0.12174756040643517 0.0 43.8973616
true 0.02610157463066412 111 6 2 1.68 1 0.12174756040643517 0.0 0.6710755
true 0.0006118479774229468 657 6 2 1.68 2 0.12174756040643517 0.0 5.90483
true 0.000617899684807216 1346 6 2 1.68 3 0.12174756040643517 0.0 17.4843059
true 6.72115077512414e-5 3825 6 2 1.68 4 0.12174756040643517 0.0 61.4935767
true 0.34209928109003745 108 6 3 1.68 1 0.12174756040643517 0.0 0.7006344
true 0.0006142428946168491 787 6 3 1.68 2 0.12174756040643517 0.0 7.059607
true 0.0002172114314192101 3091 6 3 1.68 3 0.12174756040643517 0.0 38.7147662
true 0.0005302474544530885 1885 6 3 1.68 4 0.12174756040643517 0.0 31.2705317
true 0.025338757278897714 157 6 4 1.68 1 0.12174756040643517 0.0 0.9097011
true 0.0005030147210018376 1004 6 4 1.68 2 0.12174756040643517 0.0 9.5535516
true 0.0001046977179769426 4062 6 4 1.68 3 0.12174756040643517 0.0 48.9419723
true 0.0008914635763858231 4095 6 4 1.68 4 0.12174756040643517 0.0 64.5269889
true 0.02492090855317467 128 6 5 1.68 1 0.12174756040643517 0.0 0.8759536
true 0.0005058910396929406 1334 6 5 1.68 2 0.12174756040643517 0.0 11.6227864
true 7.654931052207825e-5 1913 6 5 1.68 3 0.12174756040643517 0.0 23.4546696
true 0.00022957755275527792 5763 6 5 1.68 4 0.12174756040643517 0.0 89.2036369
true 0.17969561571253703 118 6 6 1.68 1 0.12174756040643517 0.0 0.831499
true 0.16690757458411298 932 6 6 1.68 2 0.12174756040643517 0.0 8.7840735
true 0.17502375017945618 1941 6 6 1.68 3 0.12174756040643517 0.0 24.1900399
true 0.00019999840572497893 5017 6 6 1.68 4 0.12174756040643517 0.0 76.1607358
true 0.025931203092022403 155 6 1 1.69 1 0.12041831912479119 0.0 0.8960519
true 0.0006376586399098327 1123 6 1 1.69 2 0.12041831912479119 0.0 9.8679896
true 0.023150091472899814 1199 6 1 1.69 3 0.12041831912479119 0.0 15.20551
true 7.01483705803918e-5 1090 6 1 1.69 4 0.12041831912479119 0.0 18.802718
true 0.02574125939280189 135 6 2 1.69 1 0.12041831912479119 0.0 0.8094493
true 0.000591261459532838 1194 6 2 1.69 2 0.12041831912479119 0.0 10.9259315
true 0.00044112217147165844 4203 6 2 1.69 3 0.12041831912479119 0.0 50.187071
true 0.00037947791132161846 4482 6 2 1.69 4 0.12041831912479119 0.0 67.6511224
true 0.02567795933966586 111 6 3 1.69 1 0.12041831912479119 0.0 0.652777
true 0.0005993945161407351 977 6 3 1.69 2 0.12041831912479119 0.0 8.5647426
true 0.016310136693921857 2909 6 3 1.69 3 0.12041831912479119 0.0 36.9644492
true 0.0006291897115916859 2032 6 3 1.69 4 0.12041831912479119 0.0 33.2706657
true 0.024998657694987506 158 6 4 1.69 1 0.12041831912479119 0.0 0.9656325
true 0.00048457618731970187 1639 6 4 1.69 2 0.12041831912479119 0.0 14.5684946
true 0.00838293952485783 2065 6 4 1.69 3 0.12041831912479119 0.0 25.4589221
true 0.0004851067898489908 5424 6 4 1.69 4 0.12041831912479119 0.0 82.8729367
true 0.02459071022641953 267 6 5 1.69 1 0.12041831912479119 0.0 1.7073514
true 0.0004933567923817717 1591 6 5 1.69 2 0.12041831912479119 0.0 13.8290461
true 0.010154528833663069 3436 6 5 1.69 3 0.12041831912479119 0.0 41.6780322
true 0.00043456006025720527 5037 6 5 1.69 4 0.12041831912479119 0.0 76.3649199
true 0.020492704628906178 188 6 6 1.69 1 0.12041831912479119 0.0 1.1990618
true 0.00042716356987159326 2008 6 6 1.69 2 0.12041831912479119 0.0 17.2765367
true 0.17071574741922432 2818 6 6 1.69 3 0.12041831912479119 0.0 34.8970768
true 0.0003220536562798711 2905 6 6 1.69 4 0.12041831912479119 0.0 45.8591415
true 0.025573003380088777 84 6 1 1.7 1 0.11911263479990587 0.0 0.4986937
true 0.0006212052886928054 303 6 1 1.7 2 0.11911263479990587 0.0 3.2200459
true 0.000903569663372128 1311 6 1 1.7 3 0.11911263479990587 0.0 16.1573656
true 8.329339120893842e-5 3121 6 1 1.7 4 0.11911263479990587 0.0 50.5117448
true 0.025389237512548707 121 6 2 1.7 1 0.11911263479990587 0.0 0.7403077
true 0.0005765530080910353 495 6 2 1.7 2 0.11911263479990587 0.0 4.7310987
true 0.0008001487322892298 2143 6 2 1.7 3 0.11911263479990587 0.0 28.5529057
true 0.00033576238274421466 3034 6 2 1.7 4 0.11911263479990587 0.0 46.2553348
true 0.025327922640765815 111 6 3 1.7 1 0.11911263479990587 0.0 0.706868
true 0.0005913688974178247 885 6 3 1.7 2 0.11911263479990587 0.0 8.0069327
true 8.214559246747892e-5 3520 6 3 1.7 3 0.11911263479990587 0.0 42.81779
true 0.00045759800826620606 3813 6 3 1.7 4 0.11911263479990587 0.0 58.1301834
true 0.02466524491301858 120 6 4 1.7 1 0.11911263479990587 0.0 0.7988716
true 0.0004721941239619193 2365 6 4 1.7 2 0.11911263479990587 0.0 21.0651931
true 0.00030204078972662085 1506 6 4 1.7 3 0.11911263479990587 0.0 18.9840136
true 0.0005099377551150003 4553 6 4 1.7 4 0.11911263479990587 0.0 71.7403993
true 0.2140382567063009 133 6 5 1.7 1 0.11911263479990587 0.0 0.8692381
true 0.0004769334893072852 1337 6 5 1.7 2 0.11911263479990587 0.0 11.8329283
true 0.014796014428865457 1694 6 5 1.7 3 0.11911263479990587 0.0 21.2170409
true 0.0004693975477184975 5353 6 5 1.7 4 0.11911263479990587 0.0 80.4410587
true 0.020222798221040533 169 6 6 1.7 1 0.11911263479990587 0.0 1.0570392
true 0.0004346584726986809 2297 6 6 1.7 2 0.11911263479990587 0.0 21.5450835
true 5.109038421719873e-5 2557 6 6 1.7 3 0.11911263479990587 0.0 31.6752292
true 0.0005791002342836563 6545 6 6 1.7 4 0.11911263479990587 0.0 99.2723827
true 0.02522239109936969 101 6 1 1.71 1 0.11782993146688864 0.0 0.5910543
true 0.0006054220293101875 1441 6 1 1.71 2 0.11782993146688864 0.0 12.9245576
true 0.0010374569431200742 1548 6 1 1.71 3 0.11782993146688864 0.0 19.5756
true 0.0005319961538270968 2303 6 1 1.71 4 0.11782993146688864 0.0 36.3508654
true 0.02504453713995053 134 6 2 1.71 1 0.11782993146688864 0.0 0.7992642
true 0.02369669866590715 1010 6 2 1.71 2 0.11782993146688864 0.0 9.3311127
true 9.598626701959323e-5 2809 6 2 1.71 3 0.11782993146688864 0.0 33.3398486
true 0.00046060335149625264 8333 6 2 1.71 4 0.11782993146688864 0.0 125.8582075
true 0.024985661837841826 139 6 3 1.71 1 0.11782993146688864 0.0 0.8025129
true 0.0005687780967962852 1397 6 3 1.71 2 0.11782993146688864 0.0 12.4872725
true 0.00012583899967703407 5413 6 3 1.71 3 0.11782993146688864 0.0 65.1199393
true 0.0005219439639397675 4348 6 3 1.71 4 0.11782993146688864 0.0 66.7639077
true 0.02433877094555123 117 6 4 1.71 1 0.11782993146688864 0.0 0.7517459
true 0.00046915389829581267 1247 6 4 1.71 2 0.11782993146688864 0.0 10.9086782
true 0.00035325108606791555 3532 6 4 1.71 3 0.11782993146688864 0.0 43.4511013
true 0.00033598152029898354 3011 6 4 1.71 4 0.11782993146688864 0.0 48.209178
true 0.023950514211565067 126 6 5 1.71 1 0.11782993146688864 0.0 0.8220813
true 0.00047367561739368734 1445 6 5 1.71 2 0.11782993146688864 0.0 12.8516849
true 0.004855357646996461 6574 6 5 1.71 3 0.11782993146688864 0.0 80.9021113
true 0.00043338317797785296 11015 6 5 1.71 4 0.11782993146688864 0.0 170.8625267
true 0.3375382611956126 138 6 6 1.71 1 0.11782993146688864 0.0 0.8661519
true 0.0004089341290355782 1817 6 6 1.71 2 0.11782993146688864 0.0 15.9059074
true 0.17494798335007808 3769 6 6 1.71 3 0.11782993146688864 0.0 47.4344359
true 0.009268482061745584 5203 6 6 1.71 4 0.11782993146688864 0.0 83.9768521
true 0.024879202554753732 106 6 1 1.72 1 0.11656965067313527 0.0 0.5943253
true 0.0005905434673432186 2058 6 1 1.72 2 0.11656965067313527 0.0 18.3165937
true 0.00043565063173239826 1200 6 1 1.72 3 0.11656965067313527 0.0 16.1908313
true 0.022901864201437805 1326 6 1 1.72 4 0.11656965067313527 0.0 22.9577559
true 0.024707184817037764 160 6 2 1.72 1 0.11656965067313527 0.0 0.8940608
true 0.0005478961017112705 986 6 2 1.72 2 0.11656965067313527 0.0 8.728797
true 0.02391266527917324 889 6 2 1.72 3 0.11656965067313527 0.0 11.8265017
true 0.011983247064055486 4445 6 2 1.72 4 0.11656965067313527 0.0 66.7606313
true 0.024649875039868447 106 6 3 1.72 1 0.11656965067313527 0.0 0.713545
true 0.0005550178950525045 1711 6 3 1.72 2 0.11656965067313527 0.0 15.214565
true 0.0006728131972742283 3277 6 3 1.72 3 0.11656965067313527 0.0 39.2585233
true 0.0009239912351677315 4804 6 3 1.72 4 0.11656965067313527 0.0 71.9449919
true 0.024018850465874042 146 6 4 1.72 1 0.11656965067313527 0.0 0.9032072
true 0.0004507058532629421 1728 6 4 1.72 2 0.11656965067313527 0.0 15.2081673
true 0.0001894243810645485 3708 6 4 1.72 3 0.11656965067313527 0.0 45.7041174
true 0.0003519049741987218 2997 6 4 1.72 4 0.11656965067313527 0.0 46.031404
true 0.023640679280086164 154 6 5 1.72 1 0.11656965067313527 0.0 0.9810756
true 0.20026768968461695 419 6 5 1.72 2 0.11656965067313527 0.0 4.2268575
true 8.38183226795075e-5 3706 6 5 1.72 3 0.11656965067313527 0.0 44.8414462
true 0.0057265381159881225 4243 6 5 1.72 4 0.11656965067313527 0.0 66.3759024
true 0.01970072206263986 237 6 6 1.72 1 0.11656965067313527 0.0 1.4963576
true 0.00039761953215671403 2300 6 6 1.72 2 0.11656965067313527 0.0 20.4111282
true 0.008172302541433316 4329 6 6 1.72 3 0.11656965067313527 0.0 52.8283643
true 0.0005746166412589256 3881 6 6 1.72 4 0.11656965067313527 0.0 60.303932
true 0.024543085629209593 110 6 1 1.73 1 0.11533125086878497 0.0 0.7349678
true 0.0005750267135685716 475 6 1 1.73 2 0.11533125086878497 0.0 4.4211921
true 0.00014704328220460638 1808 6 1 1.73 3 0.11533125086878497 0.0 21.4934608
true 0.0001874639171090542 7967 6 1 1.73 4 0.11533125086878497 0.0 122.3508842
true 0.02437677822579229 153 6 2 1.73 1 0.11533125086878497 0.0 0.8372184
true 0.0005349272572329755 958 6 2 1.73 2 0.11533125086878497 0.0 8.7052756
true 0.02307272392901566 626 6 2 1.73 3 0.11533125086878497 0.0 9.1811677
true 0.0007821213134963645 6934 6 2 1.73 4 0.11533125086878497 0.0 101.5305185
true 0.024321277854878087 94 6 3 1.73 1 0.11533125086878497 0.0 0.6076297
true 0.042648063182974726 986 6 3 1.73 2 0.11533125086878497 0.0 9.2292638
true 0.0005959773583847361 4657 6 3 1.73 3 0.11533125086878497 0.0 55.4728111
true 0.0005346478544310621 7157 6 3 1.73 4 0.11533125086878497 0.0 105.4735786
true 0.023705732499248414 127 6 4 1.73 1 0.11533125086878497 0.0 0.7652134
true 0.00043796673430188116 1821 6 4 1.73 2 0.11533125086878497 0.0 16.163008
true 7.368202855902173e-5 2904 6 4 1.73 3 0.11533125086878497 0.0 35.3547514
true 0.0009060662963482763 2520 6 4 1.73 4 0.11533125086878497 0.0 40.385333
true 0.023336264018357165 135 6 5 1.73 1 0.11533125086878497 0.0 0.8474249
true 0.00045399295786819894 2273 6 5 1.73 2 0.11533125086878497 0.0 20.6781655
true 0.00012995600722651713 3436 6 5 1.73 3 0.11533125086878497 0.0 42.0135499
true 0.0003818345835333692 6726 6 5 1.73 4 0.11533125086878497 0.0 102.9675915
true 0.17882752587640774 315 6 6 1.73 1 0.11533125086878497 0.0 1.9403683
true 0.0003881411479562484 1661 6 6 1.73 2 0.11533125086878497 0.0 15.2493979
true 0.011781753748252216 1736 6 6 1.73 3 0.11533125086878497 0.0 21.940425
true 0.0014856327359516381 10245 6 6 1.73 4 0.11533125086878497 0.0 156.7698663
true 0.024214134258351172 190 6 1 1.74 1 0.11411420681941019 0.0 1.0860858
true 0.000560787112077854 688 6 1 1.74 2 0.11411420681941019 0.0 6.424644
true 0.0010395984730954266 792 6 1 1.74 3 0.11411420681941019 0.0 11.372665
true 4.963750307290793e-5 5237 6 1 1.74 4 0.11411420681941019 0.0 76.830801
true 0.024053252377229245 199 6 2 1.74 1 0.11411420681941019 0.0 1.1954582
true 0.042750446014260396 225 6 2 1.74 2 0.11411420681941019 0.0 2.5262395
true 0.022810666415765846 2070 6 2 1.74 3 0.11411420681941019 0.0 25.1667026
true 0.0003506242934853132 4090 6 2 1.74 4 0.11411420681941019 0.0 61.0016197
true 0.34140481692548014 114 6 3 1.74 1 0.11411420681941019 0.0 0.7182557
true 0.0005274112862664881 816 6 3 1.74 2 0.11411420681941019 0.0 7.1118215
true 0.02327849087715006 1524 6 3 1.74 3 0.11411420681941019 0.0 19.4289698
true 0.0007496920906811533 2975 6 3 1.74 4 0.11411420681941019 0.0 46.1686734
true 0.02339832279351088 112 6 4 1.74 1 0.11411420681941019 0.0 0.6661124
true 0.00043568210992099565 1383 6 4 1.74 2 0.11411420681941019 0.0 12.5169518
true 0.00022198235347453688 2854 6 4 1.74 3 0.11411420681941019 0.0 34.7880363
true 0.0004554606586771315 7142 6 4 1.74 4 0.11411420681941019 0.0 106.9561158
true 0.2134809418908306 138 6 5 1.74 1 0.11411420681941019 0.0 0.8113841
true 0.0004381034452231369 1784 6 5 1.74 2 0.11411420681941019 0.0 16.3040802
true 0.011342531763945507 2151 6 5 1.74 3 0.11411420681941019 0.0 26.8685205
true 0.00025771800554842407 6139 6 5 1.74 4 0.11411420681941019 0.0 92.362742
true 0.019198194114581974 196 6 6 1.74 1 0.11411420681941019 0.0 1.1942807
true 0.00038309482450174515 1753 6 6 1.74 2 0.11411420681941019 0.0 15.3813818
true 0.015588446510471218 1940 6 6 1.74 3 0.11411420681941019 0.0 24.2847183
true 0.00034924890905170075 5786 6 6 1.74 4 0.11411420681941019 0.0 88.2490463
true 0.023892122716291264 91 6 1 1.75 1 0.11291800904022412 0.0 0.5724396
true 0.000546247806133493 692 6 1 1.75 2 0.11291800904022412 0.0 6.0590268
true 0.00013702713009650092 2213 6 1 1.75 3 0.11291800904022412 0.0 27.1741194
true 0.0004726592486038461 6465 6 1 1.75 4 0.11291800904022412 0.0 94.9268739
true 0.02373637328246636 173 6 2 1.75 1 0.11291800904022412 0.0 0.9714343
true 0.042255431460579695 370 6 2 1.75 2 0.11291800904022412 0.0 3.7811309
true 0.0002886907167889141 2038 6 2 1.75 3 0.11291800904022412 0.0 24.9003075
true 0.0007070895043987946 3376 6 2 1.75 4 0.11291800904022412 0.0 51.2494196
true 0.0236842496660416 126 6 3 1.75 1 0.11291800904022412 0.0 0.7149983
true 0.0005141883608159037 881 6 3 1.75 2 0.11291800904022412 0.0 7.8973157
true 0.00012137501051425377 2742 6 3 1.75 3 0.11291800904022412 0.0 32.7808408
true 0.0006436931035368835 9279 6 3 1.75 4 0.11291800904022412 0.0 142.8971521
true 0.26130802599982217 160 6 4 1.75 1 0.11291800904022412 0.0 0.9570997
true 0.0004393960545054365 1270 6 4 1.75 2 0.11291800904022412 0.0 10.9488926
true 0.25531452413604117 1414 6 4 1.75 3 0.11291800904022412 0.0 18.2726987
true 0.0003402649055886803 5734 6 4 1.75 4 0.11291800904022412 0.0 85.4440579
true 0.022745561415777084 109 6 5 1.75 1 0.11291800904022412 0.0 0.7068108
true 0.00042960265429088375 2248 6 5 1.75 2 0.11291800904022412 0.0 19.9234928
true 8.300283120690199e-5 2317 6 5 1.75 3 0.11291800904022412 0.0 29.1642423
true 0.00048290895795319864 3747 6 5 1.75 4 0.11291800904022412 0.0 59.0403127
true 0.17776188761739717 278 6 6 1.75 1 0.11291800904022412 0.0 1.6633488
true 0.0003732232560741122 2284 6 6 1.75 2 0.11291800904022412 0.0 20.9979248
true 6.0280495315617744e-5 5442 6 6 1.75 3 0.11291800904022412 0.0 67.1181638
true 0.010379159573075928 5025 6 6 1.75 4 0.11291800904022412 0.0 77.037554
true 0.02357639035232384 97 6 1 1.76 1 0.1117421632510926 0.0 0.6538808
true 0.0005345162728432329 1016 6 1 1.76 2 0.1117421632510926 0.0 9.0742295
true 0.00024175308335583345 2404 6 1 1.76 3 0.1117421632510926 0.0 29.158618
true 0.0008071149773361541 4798 6 1 1.76 4 0.1117421632510926 0.0 73.6600769
true 0.02342569854443169 165 6 2 1.76 1 0.1117421632510926 0.0 0.9500238
true 0.0004962179729676719 740 6 2 1.76 2 0.1117421632510926 0.0 6.63235
true 0.00011172447685373066 1794 6 2 1.76 3 0.1117421632510926 0.0 22.2256212
true 0.0002757881241473581 2725 6 2 1.76 4 0.1117421632510926 0.0 43.0237108
true 0.023375223237564042 229 6 3 1.76 1 0.1117421632510926 0.0 1.3245528
true 0.0005092443760686219 656 6 3 1.76 2 0.1117421632510926 0.0 5.9744184
true 0.0001641863492296373 2339 6 3 1.76 3 0.1117421632510926 0.0 28.8501461
true 0.0004901646792855133 5123 6 3 1.76 4 0.1117421632510926 0.0 78.6133793
true 0.022802628878052483 268 6 4 1.76 1 0.1117421632510926 0.0 1.5435002
true 0.035825755931808326 941 6 4 1.76 2 0.1117421632510926 0.0 9.0105849
true 0.0005587065148709436 2946 6 4 1.76 3 0.1117421632510926 0.0 34.9522974
true 0.00029069864576034 5444 6 4 1.76 4 0.1117421632510926 0.0 81.1912198
true 0.022458771083596618 191 6 5 1.76 1 0.1117421632510926 0.0 1.1236178
true 0.00042468593167565015 1573 6 5 1.76 2 0.1117421632510926 0.0 13.9735514
true 0.00014570730320442315 2897 6 5 1.76 3 0.1117421632510926 0.0 36.0264389
true 0.00041970708278488145 2869 6 5 1.76 4 0.1117421632510926 0.0 44.7433414
true 0.018715717685606193 189 6 6 1.76 1 0.1117421632510926 0.0 1.1086014
true 0.0007484340656101207 671 6 6 1.76 2 0.1117421632510926 0.0 6.6620559
true 0.16679805924943814 1662 6 6 1.76 3 0.1117421632510926 0.0 20.6625111
true 0.00031063131807069583 9268 6 6 1.76 4 0.1117421632510926 0.0 142.3438753
true 0.023267561234002865 93 6 1 1.77 1 0.11058618985163844 0.0 0.5476373
true 0.022889999353383816 732 6 1 1.77 2 0.11058618985163844 0.0 6.5817519
true 0.0004947692227835754 1474 6 1 1.77 3 0.11058618985163844 0.0 18.1418984
true 0.00015593735365992956 5125 6 1 1.77 4 0.11058618985163844 0.0 76.8480736
true 0.02312149217934409 122 6 2 1.77 1 0.11058618985163844 0.0 0.7178768
true 0.02199720231564828 536 6 2 1.77 2 0.11058618985163844 0.0 4.8559794
true 0.00045765912073653103 1160 6 2 1.77 3 0.11058618985163844 0.0 14.9842121
true 0.00025224161604731066 10160 6 2 1.77 4 0.11058618985163844 0.0 156.0169696
true 0.023085947280642043 121 6 3 1.77 1 0.11058618985163844 0.0 0.7487159
true 0.0004901415652089902 1203 6 3 1.77 2 0.11058618985163844 0.0 10.4779729
true 0.014926907035965312 1929 6 3 1.77 3 0.11058618985163844 0.0 23.0732014
true 0.0012052586523022175 4956 6 3 1.77 4 0.11058618985163844 0.0 75.357826
true 0.022513192677729096 172 6 4 1.77 1 0.11058618985163844 0.0 1.0384399
true 0.0004162534414629132 772 6 4 1.77 2 0.11058618985163844 0.0 7.0214815
true 6.649900518135299e-5 3026 6 4 1.77 3 0.11058618985163844 0.0 36.9692495
true 0.0008991900517748147 5939 6 4 1.77 4 0.11058618985163844 0.0 89.7677279
true 0.022177829814109828 151 6 5 1.77 1 0.11058618985163844 0.0 0.9272656
true 0.00041876995372994716 1680 6 5 1.77 2 0.11058618985163844 0.0 15.4556222
true 6.97983164916205e-5 7900 6 5 1.77 3 0.11058618985163844 0.0 96.6702885
true 0.00040949168561144056 6766 6 5 1.77 4 0.11058618985163844 0.0 102.5528551
true 0.17748977357802223 139 6 6 1.77 1 0.11058618985163844 0.0 0.8765583
true 0.00036602667249841886 1491 6 6 1.77 2 0.11058618985163844 0.0 13.0189245
true 0.00016829982192479812 6977 6 6 1.77 3 0.11058618985163844 0.0 85.3212207
true 0.00022597163317874167 6311 6 6 1.77 4 0.11058618985163844 0.0 98.5499224
true 0.02296475180126345 99 6 1 1.78 1 0.10944962341575272 0.0 0.6285295
true 0.0005071047496874592 491 6 1 1.78 2 0.10944962341575272 0.0 4.4520933
true 0.00013926943667019742 1860 6 1 1.78 3 0.10944962341575272 0.0 23.2786406
true 0.00048196197141808783 4443 6 1 1.78 4 0.10944962341575272 0.0 66.6918734
true 0.022823122872228513 147 6 2 1.78 1 0.10944962341575272 0.0 0.8353533
true 0.00047213706226550967 821 6 2 1.78 2 0.10944962341575272 0.0 7.6933666
true 0.0003901314599390471 4954 6 2 1.78 3 0.10944962341575272 0.0 59.7717606
true 0.010617257934588842 4600 6 2 1.78 4 0.10944962341575272 0.0 70.72684
true 0.022776432863999146 148 6 3 1.78 1 0.10944962341575272 0.0 0.8650504
true 0.00047863092811277025 2341 6 3 1.78 2 0.10944962341575272 0.0 20.9269626
true 3.650239409414002e-5 2483 6 3 1.78 3 0.10944962341575272 0.0 30.2418179
true 0.0002000903183930943 2027 6 3 1.78 4 0.10944962341575272 0.0 34.7617487
true 0.02223001775511667 140 6 4 1.78 1 0.10944962341575272 0.0 0.834106
true 0.0003967987048795335 1679 6 4 1.78 2 0.10944962341575272 0.0 14.5291692
true 9.070022223507668e-5 1962 6 4 1.78 3 0.10944962341575272 0.0 23.7905532
true 0.0005904917903023083 2664 6 4 1.78 4 0.10944962341575272 0.0 42.5195278
true 0.21283169701906565 109 6 5 1.78 1 0.10944962341575272 0.0 0.7237675
true 0.000407067988113452 1513 6 5 1.78 2 0.10944962341575272 0.0 13.2018501
true 0.00039211643437573327 7503 6 5 1.78 3 0.10944962341575272 0.0 90.4088814
true 0.0004682370523161339 2619 6 5 1.78 4 0.10944962341575272 0.0 43.7594065
true 0.018252211757253178 178 6 6 1.78 1 0.10944962341575272 0.0 1.1044658
true 0.00035742482895060695 2291 6 6 1.78 2 0.10944962341575272 0.0 20.1782599
true 0.00025958929911656936 6105 6 6 1.78 3 0.10944962341575272 0.0 75.920458
true 0.0005260863471036603 3458 6 6 1.78 4 0.10944962341575272 0.0 53.4333709
true 0.022667853579287245 131 6 1 1.79 1 0.10833201220480698 0.0 0.7044151
true 0.0004952651906602323 1275 6 1 1.79 2 0.10833201220480698 0.0 11.2756627
true 0.00046961077014129327 1725 6 1 1.79 3 0.10833201220480698 0.0 22.0429913
true 0.00037575826719832284 1156 6 1 1.79 4 0.10833201220480698 0.0 22.0085283
true 0.02253086515913738 126 6 2 1.79 1 0.10833201220480698 0.0 0.7133432
true 0.02132914280674658 338 6 2 1.79 2 0.10833201220480698 0.0 3.8415058
true 0.0214605284887478 1452 6 2 1.79 3 0.10833201220480698 0.0 18.3499411
true 8.557026809555279e-5 8057 6 2 1.79 4 0.10833201220480698 0.0 119.3128478
true 0.022485255042253256 201 6 3 1.79 1 0.10833201220480698 0.0 1.1888883
true 0.00046644812111371986 1091 6 3 1.79 2 0.10833201220480698 0.0 9.8321665
true 0.00013591062703710577 2546 6 3 1.79 3 0.10833201220480698 0.0 29.8835851
true 0.0003807957644576347 2277 6 3 1.79 4 0.10833201220480698 0.0 36.1800384
true 0.021951859837542526 231 6 4 1.79 1 0.10833201220480698 0.0 1.3576223
true 0.0003807696209046918 2110 6 4 1.79 2 0.10833201220480698 0.0 18.7972645
true 7.672678086781404e-5 3707 6 4 1.79 3 0.10833201220480698 0.0 46.677369
true 0.0006691112471755994 8586 6 4 1.79 4 0.10833201220480698 0.0 131.3691065
true 0.021631546741905306 170 6 5 1.79 1 0.10833201220480698 0.0 1.0112182
true 0.0003968420886584667 1414 6 5 1.79 2 0.10833201220480698 0.0 12.3409875
true 0.00027402797252948916 2716 6 5 1.79 3 0.10833201220480698 0.0 33.4159244
true 0.0005451359855723314 5373 6 5 1.79 4 0.10833201220480698 0.0 81.6478886
true 0.018026579205291843 234 6 6 1.79 1 0.10833201220480698 0.0 1.3911126
true 0.00034349627408497563 1869 6 6 1.79 2 0.10833201220480698 0.0 16.6696571
true 0.1736621268368704 2179 6 6 1.79 3 0.10833201220480698 0.0 27.0789739
true 0.000457756686115159 4569 6 6 1.79 4 0.10833201220480698 0.0 70.4717113
true 0.02237724292554555 107 6 1 1.8 1 0.10723291769893503 0.0 0.7152458
true 0.0004821825805255142 693 6 1 1.8 2 0.10723291769893503 0.0 6.1160881
true 0.00041190729544210436 4154 6 1 1.8 3 0.10723291769893503 0.0 49.7034611
true 0.0006651831018082976 2961 6 1 1.8 4 0.10723291769893503 0.0 44.6096983
true 0.022244875478341253 125 6 2 1.8 1 0.10723291769893503 0.0 0.7588177
true 0.02117605027056349 632 6 2 1.8 2 0.10723291769893503 0.0 6.1184328
true 0.0003843806757297119 566 6 2 1.8 3 0.10723291769893503 0.0 8.157365
true 0.00022002358506434394 2416 6 2 1.8 4 0.10723291769893503 0.0 39.2692598
true 0.022200538667928666 108 6 3 1.8 1 0.10723291769893503 0.0 0.6454957
true 0.00045481807860336954 2092 6 3 1.8 2 0.10723291769893503 0.0 18.3818481
true 7.168442008472405e-5 2949 6 3 1.8 3 0.10723291769893503 0.0 36.4023128
true 0.00046242845313920755 3159 6 3 1.8 4 0.10723291769893503 0.0 49.0189519
true 0.021679120399948182 238 6 4 1.8 1 0.10723291769893503 0.0 1.4469744
true 0.00036815552102403837 1450 6 4 1.8 2 0.10723291769893503 0.0 12.59782
true 5.4037162360770497e-5 5872 6 4 1.8 3 0.10723291769893503 0.0 71.8273051
true 0.0003201531297396254 5852 6 4 1.8 4 0.10723291769893503 0.0 86.6571795
true 0.021366097919619888 165 6 5 1.8 1 0.10723291769893503 0.0 1.0002586
true 0.0003802080752346781 1277 6 5 1.8 2 0.10723291769893503 0.0 11.3103485
true 0.00039190370674754285 2976 6 5 1.8 3 0.10723291769893503 0.0 36.6663084
true 0.00034570868138068535 5714 6 5 1.8 4 0.10723291769893503 0.0 86.4100784
true 0.017806286581502868 138 6 6 1.8 1 0.10723291769893503 0.0 0.8582117
true 0.00035370521486928946 1873 6 6 1.8 2 0.10723291769893503 0.0 16.512534
true 0.00038228588462276464 4186 6 6 1.8 3 0.10723291769893503 0.0 52.1710904
true 0.00034590690052153467 4507 6 6 1.8 4 0.10723291769893503 0.0 68.3264595
true 0.02209192038389929 162 6 1 1.81 1 0.10615191414570589 0.0 0.9268666
true 0.0004705024812964864 798 6 1 1.81 2 0.10615191414570589 0.0 7.1216393
true 0.0005282983971122146 768 6 1 1.81 3 0.10615191414570589 0.0 9.9715528
true 0.0006653287063479452 3016 6 1 1.81 4 0.10615191414570589 0.0 48.200961
true 0.021963502132994084 217 6 2 1.81 1 0.10615191414570589 0.0 1.164771
true 0.0006831235876226249 341 6 2 1.81 2 0.10615191414570589 0.0 3.7555969
true 0.021164061206441126 638 6 2 1.81 3 0.10615191414570589 0.0 9.8728552
true 0.00025781161777183037 6201 6 2 1.81 4 0.10615191414570589 0.0 94.6004502
true 0.021920736590758678 226 6 3 1.81 1 0.10615191414570589 0.0 1.3708787
true 0.0004458194589644915 861 6 3 1.81 2 0.10615191414570589 0.0 7.8304355
true 7.409833713199292e-5 5306 6 3 1.81 3 0.10615191414570589 0.0 62.8071198
true 0.00019494391116172313 5633 6 3 1.81 4 0.10615191414570589 0.0 85.8879129
true 0.021411509144395754 142 6 4 1.81 1 0.10615191414570589 0.0 0.8208521
true 0.00037319472292515754 1416 6 4 1.81 2 0.10615191414570589 0.0 12.4165992
true 5.3778275846988466e-5 4460 6 4 1.81 3 0.10615191414570589 0.0 53.8568033
true 0.00045853024637435014 3994 6 4 1.81 4 0.10615191414570589 0.0 62.3433918
true 0.021105992071768432 158 6 5 1.81 1 0.10615191414570589 0.0 0.9873611
true 0.0003752257593631625 1243 6 5 1.81 2 0.10615191414570589 0.0 10.8069566
true 0.00012296891021117417 4829 6 5 1.81 3 0.10615191414570589 0.0 58.861321
true 0.00021937323965051103 5293 6 5 1.81 4 0.10615191414570589 0.0 78.7534239
true 0.17689133022380688 214 6 6 1.81 1 0.10615191414570589 0.0 1.3715264
true 0.0003208615119358697 577 6 6 1.81 2 0.10615191414570589 0.0 5.4168926
true 8.705892863101565e-5 7093 6 6 1.81 3 0.10615191414570589 0.0 85.4028565
true 0.0002554856838676937 5765 6 6 1.81 4 0.10615191414570589 0.0 91.1784987
true 0.021812529719375973 111 6 1 1.82 1 0.10508858812552895 0.0 0.6843
true 0.00046179608148549933 342 6 1 1.82 2 0.10508858812552895 0.0 3.6810825
true 0.00044058060146401345 1736 6 1 1.82 3 0.10508858812552895 0.0 20.7743879
true 0.00037163606953288797 2296 6 1 1.82 4 0.10508858812552895 0.0 35.7277243
true 0.021688346622804833 164 6 2 1.82 1 0.10508858812552895 0.0 0.9313852
true 0.00043036260828482886 604 6 2 1.82 2 0.10508858812552895 0.0 5.4254304
true 0.020899581793483862 531 6 2 1.82 3 0.10508858812552895 0.0 8.5211045
true 0.0002452772287303284 4436 6 2 1.82 4 0.10508858812552895 0.0 65.6084821
true 0.02164643962177341 127 6 3 1.82 1 0.10508858812552895 0.0 0.7627178
true 0.0004339209917695504 2065 6 3 1.82 2 0.10508858812552895 0.0 18.6646903
true 0.007004094241048253 3023 6 3 1.82 3 0.10508858812552895 0.0 38.6207336
true 8.268063823790861e-5 3763 6 3 1.82 4 0.10508858812552895 0.0 56.5184353
true 0.021148935338074867 177 6 4 1.82 1 0.10508858812552895 0.0 1.0731986
true 0.0003671612608022873 1887 6 4 1.82 2 0.10508858812552895 0.0 16.9998526
true 0.0005543593421608872 2387 6 4 1.82 3 0.10508858812552895 0.0 29.6412172
true 3.3539169439419925e-5 5703 6 4 1.82 4 0.10508858812552895 0.0 87.7247679
true 0.02085109236604511 283 6 5 1.82 1 0.10508858812552895 0.0 1.6849764
true 0.00036226535187694475 2268 6 5 1.82 2 0.10508858812552895 0.0 20.7707473
true 0.0002672286238493693 3540 6 5 1.82 3 0.10508858812552895 0.0 42.8537057
true 0.00032954272129567255 5477 6 5 1.82 4 0.10508858812552895 0.0 84.1221584
true 0.17685473489875428 167 6 6 1.82 1 0.10508858812552895 0.0 1.0085446
true 0.005125793846027599 1024 6 6 1.82 2 0.10508858812552895 0.0 9.4928831
true 6.946660717438435e-5 3555 6 6 1.82 3 0.10508858812552895 0.0 43.0264967
true 0.001057840590301599 3093 6 6 1.82 4 0.10508858812552895 0.0 48.4985623
true 0.021538763429682917 115 6 1 1.83 1 0.1040425381333935 0.0 0.7102883
true 0.021260655078345736 435 6 1 1.83 2 0.1040425381333935 0.0 4.4522399
true 0.00012983883162048793 2024 6 1 1.83 3 0.1040425381333935 0.0 24.372374
true 0.0002774193059981167 2341 6 1 1.83 4 0.1040425381333935 0.0 37.9235187
true 0.02141791369385207 139 6 2 1.83 1 0.1040425381333935 0.0 0.8322279
true 0.020463551818955317 397 6 2 1.83 2 0.1040425381333935 0.0 3.9679654
true 0.020337678818448113 1179 6 2 1.83 3 0.1040425381333935 0.0 14.8009484
true 0.0001907882839754238 1299 6 2 1.83 4 0.1040425381333935 0.0 22.672698
true 0.021377723143792954 155 6 3 1.83 1 0.1040425381333935 0.0 0.9607836
true 0.0004558929538893697 317 6 3 1.83 2 0.1040425381333935 0.0 3.3274265
true 0.0005234918398410171 2702 6 3 1.83 3 0.1040425381333935 0.0 31.9859543
true 0.0024092114186986904 5710 6 3 1.83 4 0.1040425381333935 0.0 88.4383566
true 0.020891394384660797 169 6 4 1.83 1 0.1040425381333935 0.0 0.9681221
true 0.00035043977494859935 1305 6 4 1.83 2 0.1040425381333935 0.0 11.0352513
true 0.00020516311956166045 6578 6 4 1.83 3 0.1040425381333935 0.0 76.777836
true 0.00018971750702478918 3071 6 4 1.83 4 0.1040425381333935 0.0 48.004309
true 0.02060067592396838 139 6 5 1.83 1 0.1040425381333935 0.0 0.8953105
true 0.004172725981235503 826 6 5 1.83 2 0.1040425381333935 0.0 7.8544408
true 0.00022274713343451992 4067 6 5 1.83 3 0.1040425381333935 0.0 50.289957
true 0.0002499986630419504 6384 6 5 1.83 4 0.1040425381333935 0.0 98.7584757
true 0.01716690808405032 264 6 6 1.83 1 0.1040425381333935 0.0 1.5728009
true 0.0003143017461477808 1668 6 6 1.83 2 0.1040425381333935 0.0 14.9139519
true 0.00016826148052126455 4270 6 6 1.83 3 0.1040425381333935 0.0 52.3121936
true 0.0003513946690916758 4453 6 6 1.83 4 0.1040425381333935 0.0 69.4059088
true 0.021270083167362952 96 6 1 1.84 1 0.10301337417579307 0.0 0.5794639
true 0.02101310098363368 692 6 1 1.84 2 0.10301337417579307 0.0 6.3912166
true 0.00044187977898924036 2389 6 1 1.84 3 0.10301337417579307 0.0 28.0732078
true 0.0003587649504904755 1764 6 1 1.84 4 0.10301337417579307 0.0 28.8814945
true 0.021153423490837098 136 6 2 1.84 1 0.10301337417579307 0.0 0.7999704
true 0.0005506063977610276 316 6 2 1.84 2 0.10301337417579307 0.0 3.3547421
true 0.0005450147119092918 2216 6 2 1.84 3 0.10301337417579307 0.0 26.5004928
true 0.00015335896311338693 8746 6 2 1.84 4 0.10301337417579307 0.0 130.682996
true 0.02111414846808744 121 6 3 1.84 1 0.10301337417579307 0.0 0.7916968
true 0.00041509449783620295 562 6 3 1.84 2 0.10301337417579307 0.0 5.2546186
true 7.555701508532575e-5 1970 6 3 1.84 3 0.10301337417579307 0.0 23.3248016
true 0.007626336304620729 5379 6 3 1.84 4 0.10301337417579307 0.0 81.2900392
true 0.020638684750781344 183 6 4 1.84 1 0.10301337417579307 0.0 1.0392237
true 0.00034652047043444434 1736 6 4 1.84 2 0.10301337417579307 0.0 14.8775344
true 0.00014338789931589435 5944 6 4 1.84 3 0.10301337417579307 0.0 72.3591986
true 0.002776521956267222 4383 6 4 1.84 4 0.10301337417579307 0.0 65.3634862
true 0.02035409514316262 119 6 5 1.84 1 0.10301337417579307 0.0 0.7154532
true 0.0003540679105452305 2363 6 5 1.84 2 0.10301337417579307 0.0 20.5747067
true 0.00020932227662440184 6202 6 5 1.84 3 0.10301337417579307 0.0 74.9165606
true 0.0008646403645278689 7866 6 5 1.84 4 0.10301337417579307 0.0 119.8675892
true 0.016961592984137696 175 6 6 1.84 1 0.10301337417579307 0.0 1.0755264
true 0.0003303725324967181 2304 6 6 1.84 2 0.10301337417579307 0.0 19.9786699
true 0.010198880285207693 3010 6 6 1.84 3 0.10301337417579307 0.0 38.8274174
true 0.0002853750824132843 6704 6 6 1.84 4 0.10301337417579307 0.0 102.2383143
true 0.021006500110373638 120 6 1 1.85 1 0.10200071738298862 0.0 0.6931384
true 0.0004272873259782428 1391 6 1 1.85 2 0.10200071738298862 0.0 12.0822408
true 0.020699790561101716 1117 6 1 1.85 3 0.10200071738298862 0.0 16.0056214
true 0.00029264978307042 2050 6 1 1.85 4 0.10200071738298862 0.0 33.2542678
true 0.0208934121421685 155 6 2 1.85 1 0.10200071738298862 0.0 0.8290077
true 0.000406251027418536 1427 6 2 1.85 2 0.10200071738298862 0.0 12.2689203
true 0.00018130254941089996 2805 6 2 1.85 3 0.10200071738298862 0.0 33.9741752
true 0.00015418053402510568 2973 6 2 1.85 4 0.10200071738298862 0.0 45.5631587
true 0.020855169779948318 223 6 3 1.85 1 0.10200071738298862 0.0 1.3098326
true 0.00040453740177979575 1472 6 3 1.85 2 0.10200071738298862 0.0 13.2779306
true 9.741395485677688e-5 2089 6 3 1.85 3 0.10200071738298862 0.0 25.5860001
true 0.0004796523662741932 4527 6 3 1.85 4 0.10200071738298862 0.0 70.2029807
true 0.020390575762065252 129 6 4 1.85 1 0.10200071738298862 0.0 0.8538138
true 0.00033326584899230627 1878 6 4 1.85 2 0.10200071738298862 0.0 16.3464807
true 0.00011783432559787921 4100 6 4 1.85 3 0.10200071738298862 0.0 48.7480016
true 0.00023002058928760227 5196 6 4 1.85 4 0.10200071738298862 0.0 79.1081101
true 0.020112405741389016 191 6 5 1.85 1 0.10200071738298862 0.0 1.1814844
true 0.00032743290030180506 393 6 5 1.85 2 0.10200071738298862 0.0 4.0204645
true 5.485646395556598e-5 1716 6 5 1.85 3 0.10200071738298862 0.0 21.3419206
true 0.0005361913788231476 4249 6 5 1.85 4 0.10200071738298862 0.0 67.6952677
true 0.01676030248730101 213 6 6 1.85 1 0.10200071738298862 0.0 1.2479671
true 0.0003040900806530374 1865 6 6 1.85 2 0.10200071738298862 0.0 16.8068301
true 0.0003193616144848699 4225 6 6 1.85 3 0.10200071738298862 0.0 51.4496065
true 0.0004335215010558095 5812 6 6 1.85 4 0.10200071738298862 0.0 89.8219141
true 0.02074861949354445 123 6 1 1.86 1 0.101004199635488 0.0 0.6331779
true 0.020486195209862 554 6 1 1.86 2 0.101004199635488 0.0 5.200157
true 0.0004209566754789784 1608 6 1 1.86 3 0.101004199635488 0.0 19.5857589
true 0.0005355131379941036 1250 6 1 1.86 4 0.101004199635488 0.0 23.9499023
true 0.020638212404269468 196 6 2 1.86 1 0.101004199635488 0.0 1.1511195
true 0.03724915730154474 280 6 2 1.86 2 0.101004199635488 0.0 3.0549368
true 5.0793406060234414e-5 5251 6 2 1.86 3 0.101004199635488 0.0 63.1603057
true 0.00024819515046770046 4162 6 2 1.86 4 0.101004199635488 0.0 64.6207855
true 0.020601447024626074 138 6 3 1.86 1 0.101004199635488 0.0 0.8551944
true 0.0004314680328106335 786 6 3 1.86 2 0.101004199635488 0.0 7.8824544
true 0.00024094981684167718 2898 6 3 1.86 3 0.101004199635488 0.0 34.9047334
true 0.00016428896255378986 4381 6 3 1.86 4 0.101004199635488 0.0 67.7705063
true 0.020147225167932353 115 6 4 1.86 1 0.101004199635488 0.0 0.7384645
true 0.0003436397673357017 1722 6 4 1.86 2 0.101004199635488 0.0 15.4472781
true 0.0002511694284229177 3241 6 4 1.86 3 0.101004199635488 0.0 38.8310286
true 0.00013653727643003766 2035 6 4 1.86 4 0.101004199635488 0.0 32.4894915
true 0.01987478684033317 170 6 5 1.86 1 0.101004199635488 0.0 1.0680111
true 0.0003426115059810053 1302 6 5 1.86 2 0.101004199635488 0.0 12.2582957
true 0.016127880518834636 2513 6 5 1.86 3 0.101004199635488 0.0 30.7369076
true 0.0002403984861129249 4223 6 5 1.86 4 0.101004199635488 0.0 63.2362747
true 0.016563125397715327 296 6 6 1.86 1 0.101004199635488 0.0 1.8008264
true 0.0002997725552363051 1915 6 6 1.86 2 0.101004199635488 0.0 16.3516751
true 2.9920223694894037e-5 4674 6 6 1.86 3 0.101004199635488 0.0 54.0829891
true 0.0002542662889561953 4978 6 6 1.86 4 0.101004199635488 0.0 73.4812769
true 0.020494542602895405 170 6 1 1.87 1 0.10002346320442916 0.0 0.8497859
true 0.019433235236337887 442 6 1 1.87 2 0.10002346320442916 0.0 4.1514192
true 0.00036332891030599335 1777 6 1 1.87 3 0.10002346320442916 0.0 20.571879
true 0.0003483285080359555 2637 6 1 1.87 4 0.10002346320442916 0.0 38.7967939
true 0.020388019705379817 114 6 2 1.87 1 0.10002346320442916 0.0 0.6315225
true 0.0003849595952881979 1222 6 2 1.87 2 0.10002346320442916 0.0 10.3216918
true 0.01948995384130714 1269 6 2 1.87 3 0.10002346320442916 0.0 15.341934
true 0.0002295222124584495 7083 6 2 1.87 4 0.10002346320442916 0.0 99.5611783
true 0.020352494644751955 176 6 3 1.87 1 0.10002346320442916 0.0 0.9553231
true 0.00038598828421343434 710 6 3 1.87 2 0.10002346320442916 0.0 6.0015564
true 8.001865697269499e-5 3777 6 3 1.87 3 0.10002346320442916 0.0 41.891754
true 0.0002905029723160313 3357 6 3 1.87 4 0.10002346320442916 0.0 48.1797387
true 0.019908266914148876 246 6 4 1.87 1 0.10002346320442916 0.0 1.4351956
true 0.0003134050899118862 2012 6 4 1.87 2 0.10002346320442916 0.0 17.452316
true 0.014027548943727472 1909 6 4 1.87 3 0.10002346320442916 0.0 23.1458988
true 0.0003971111943699285 4097 6 4 1.87 4 0.10002346320442916 0.0 58.2350096
true 0.2122118972374989 146 6 5 1.87 1 0.10002346320442916 0.0 0.8840812
true 0.00033315249828987927 1325 6 5 1.87 2 0.10002346320442916 0.0 11.2791828
true 4.05310631801048e-5 4224 6 5 1.87 3 0.10002346320442916 0.0 50.0126366
true 8.894614884664697e-5 1749 6 5 1.87 4 0.10002346320442916 0.0 28.3266387
true 0.016368331763195614 115 6 6 1.87 1 0.10002346320442916 0.0 0.7313742
true 0.0002917740061543587 1298 6 6 1.87 2 0.10002346320442916 0.0 11.3887829
true 9.669328671696453e-5 4708 6 6 1.87 3 0.10002346320442916 0.0 57.3701371
true 0.00019612613520487524 3490 6 6 1.87 4 0.10002346320442916 0.0 51.948651
true 0.02024585901362691 102 6 1 1.88 1 0.0990581604052917 0.0 0.6054165
true 0.00039912790435908674 1332 6 1 1.88 2 0.0990581604052917 0.0 10.8825561
true 0.0005577077307477585 481 6 1 1.88 3 0.0990581604052917 0.0 7.0465411
true 3.707821419479673e-5 3685 6 1 1.88 4 0.0990581604052917 0.0 54.6273921
true 0.02014318843010951 148 6 2 1.88 1 0.0990581604052917 0.0 0.8141143
true 0.03432872309094667 362 6 2 1.88 2 0.0990581604052917 0.0 3.6114101
true 0.00011662564229675265 5823 6 2 1.88 3 0.0990581604052917 0.0 65.734408
true 0.00021890414956737825 2353 6 2 1.88 4 0.0990581604052917 0.0 34.8312236
true 0.02010841736706261 104 6 3 1.88 1 0.0990581604052917 0.0 0.6261658
true 0.000376626661985439 293 6 3 1.88 2 0.0990581604052917 0.0 3.105912
true 0.01956787250153204 561 6 3 1.88 3 0.0990581604052917 0.0 8.6362007
true 0.0021352645329008046 5636 6 3 1.88 4 0.0990581604052917 0.0 82.4323104
true 0.019674368016633123 210 6 4 1.88 1 0.0990581604052917 0.0 1.151501
true 0.00031870913912368515 1258 6 4 1.88 2 0.0990581604052917 0.0 10.5337118
true 5.682171560308924e-5 5252 6 4 1.88 3 0.0990581604052917 0.0 59.9190753
true 0.004765335230403511 5634 6 4 1.88 4 0.0990581604052917 0.0 83.941688
true 0.2113147578996665 116 6 5 1.88 1 0.0990581604052917 0.0 0.7219274
true 0.0003182238843947527 1324 6 5 1.88 2 0.0990581604052917 0.0 11.2883379
true 0.0001058582486997306 3495 6 5 1.88 3 0.0990581604052917 0.0 39.9238034
true 4.711117481871474e-5 9424 6 5 1.88 4 0.0990581604052917 0.0 134.3590505
true 0.17670632305393494 164 6 6 1.88 1 0.0990581604052917 0.0 0.9588633
true 0.00381397932477609 1971 6 6 1.88 2 0.0990581604052917 0.0 17.3260137
true 4.5756075973466905e-5 2752 6 6 1.88 3 0.0990581604052917 0.0 32.113266
true 0.0002862781356489467 6950 6 6 1.88 4 0.0990581604052917 0.0 103.9713973
true 0.020002007746931172 148 6 1 1.89 1 0.09810795326443694 0.0 0.7761938
true 0.019707652339405468 325 6 1 1.89 2 0.09810795326443694 0.0 3.1273272
true 0.0003700828403918055 2028 6 1 1.89 3 0.09810795326443694 0.0 23.3174442
true 9.540123154594404e-5 2240 6 1 1.89 4 0.09810795326443694 0.0 33.7673151
true 0.01990153604582512 115 6 2 1.89 1 0.09810795326443694 0.0 0.6454195
true 0.0003654250255119007 872 6 2 1.89 2 0.09810795326443694 0.0 7.2181905
true 0.01899482362245103 947 6 2 1.89 3 0.09810795326443694 0.0 12.4874897
true 8.779513055146015e-5 6113 6 2 1.89 4 0.09810795326443694 0.0 89.0704545
true 0.3400011014109568 174 6 3 1.89 1 0.09810795326443694 0.0 0.9884865
true 0.0003688132369418044 1213 6 3 1.89 2 0.09810795326443694 0.0 10.1790007
true 0.01936518641057809 974 6 3 1.89 3 0.09810795326443694 0.0 12.0742088
true 0.0004279459340088369 2228 6 3 1.89 4 0.09810795326443694 0.0 35.3604046
true 0.019443603954321265 193 6 4 1.89 1 0.09810795326443694 0.0 1.1086961
true 0.000301777352681179 912 6 4 1.89 2 0.09810795326443694 0.0 8.2217302
true 0.00011188155613518769 5623 6 4 1.89 3 0.09810795326443694 0.0 62.8804926
true 0.00024920945528009164 6077 6 4 1.89 4 0.09810795326443694 0.0 86.6992182
true 0.01918868232318679 159 6 5 1.89 1 0.09810795326443694 0.0 0.9638133
true 0.00033089292759467257 1390 6 5 1.89 2 0.09810795326443694 0.0 11.8133156
true 4.710454355181248e-5 4235 6 5 1.89 3 0.09810795326443694 0.0 49.1438542
true 0.0004591360338575323 7786 6 5 1.89 4 0.09810795326443694 0.0 114.9600445
true 0.17654878564321486 136 6 6 1.89 1 0.09810795326443694 0.0 0.8965286
true 0.00028013701662133833 2236 6 6 1.89 2 0.09810795326443694 0.0 19.4111978
true 0.0002587680521143702 1091 6 6 1.89 3 0.09810795326443694 0.0 13.6491261
true 0.0002789582093997896 4999 6 6 1.89 4 0.09810795326443694 0.0 72.0098876
true 0.019762420838451422 105 6 1 1.9 1 0.09717251319796773 0.0 0.6232539
true 0.0003810152056563654 539 6 1 1.9 2 0.09717251319796773 0.0 4.886701
true 8.666736107310058e-5 3844 6 1 1.9 3 0.09717251319796773 0.0 43.513291
true 0.0002597021345661643 1891 6 1 1.9 4 0.09717251319796773 0.0 28.2315808
true 0.01966489531963081 162 6 2 1.9 1 0.09717251319796773 0.0 0.8443905
true 0.00035697668771741964 1211 6 2 1.9 2 0.09717251319796773 0.0 9.6754668
true 0.019042424974452632 1229 6 2 1.9 3 0.09717251319796773 0.0 15.1790472
true 0.0007003501306293569 4776 6 2 1.9 4 0.09717251319796773 0.0 67.8334441
true 0.33992078420930993 109 6 3 1.9 1 0.09717251319796773 0.0 0.6259376
true 0.0003614864669485203 1060 6 3 1.9 2 0.09717251319796773 0.0 9.0639482
true 5.3332401567666533e-5 3321 6 3 1.9 3 0.09717251319796773 0.0 38.0453065
true 0.0001519650533522617 8908 6 3 1.9 4 0.09717251319796773 0.0 127.579706
true 0.019217294783291358 148 6 4 1.9 1 0.09717251319796773 0.0 0.8483677
true 0.00030726139559984766 2982 6 4 1.9 2 0.09717251319796773 0.0 24.5871015
true 0.00022768492026399578 6470 6 4 1.9 3 0.09717251319796773 0.0 74.4322404
true 0.0004633948148645012 3449 6 4 1.9 4 0.09717251319796773 0.0 49.9688026
true 0.21114081140492652 109 6 5 1.9 1 0.09717251319796773 0.0 0.6994442
true 0.00031569225914085397 1700 6 5 1.9 2 0.09717251319796773 0.0 14.0933598
true 9.129418686890656e-5 3039 6 5 1.9 3 0.09717251319796773 0.0 34.7775608
true 0.001704970319554322 1888 6 5 1.9 4 0.09717251319796773 0.0 29.6836909
true 0.01580653222541094 156 6 6 1.9 1 0.09717251319796773 0.0 0.928005
true 0.0002729270710037183 1747 6 6 1.9 2 0.09717251319796773 0.0 14.5135093
true 0.17302558190130382 3397 6 6 1.9 3 0.09717251319796773 0.0 42.3123228
true 0.0009778337713419367 4444 6 6 1.9 4 0.09717251319796773 0.0 67.211145
true 0.01952754224283948 104 6 1 1.91 1 0.09625152070246154 0.0 0.5639738
true 0.00037142286969166216 588 6 1 1.91 2 0.09625152070246154 0.0 5.1522302
true 0.00035414536028766097 1937 6 1 1.91 3 0.09625152070246154 0.0 23.0640803
true 0.0002986330815630267 3477 6 1 1.91 4 0.09625152070246154 0.0 49.9673433
true 0.019432826880649123 107 6 2 1.91 1 0.09625152070246154 0.0 0.6190938
true 0.0003488350205008428 1167 6 2 1.91 2 0.09625152070246154 0.0 10.2263964
true 1.2186874578490325e-5 3500 6 2 1.91 3 0.09625152070246154 0.0 40.6334848
true 0.0005252280588745606 4252 6 2 1.91 4 0.09625152070246154 0.0 60.2938897
true 0.019401409813251058 130 6 3 1.91 1 0.09625152070246154 0.0 0.7406123
true 0.00035495489602741886 1426 6 3 1.91 2 0.09625152070246154 0.0 11.8851949
true 5.5394757002891204e-5 2738 6 3 1.91 3 0.09625152070246154 0.0 31.350312
true 0.0002375303476162549 4754 6 3 1.91 4 0.09625152070246154 0.0 69.6043912
true 0.018995236893592893 187 6 4 1.91 1 0.09625152070246154 0.0 1.0073801
true 0.0002969697474082128 956 6 4 1.91 2 0.09625152070246154 0.0 8.107506
true 0.0005092837000471029 5441 6 4 1.91 3 0.09625152070246154 0.0 63.5630447
true 0.001079737423381355 4160 6 4 1.91 4 0.09625152070246154 0.0 61.6328048
true 0.01875144498055783 105 6 5 1.91 1 0.09625152070246154 0.0 0.6480177
true 0.00030886626027816223 1838 6 5 1.91 2 0.09625152070246154 0.0 15.6610761
true 5.6927869741507654e-5 6287 6 5 1.91 3 0.09625152070246154 0.0 70.9515207
true 0.0002478541424804859 4664 6 5 1.91 4 0.09625152070246154 0.0 66.4632222
true 0.015626094453695578 211 6 6 1.91 1 0.09625152070246154 0.0 1.1914248
true 0.023715503752268007 422 6 6 1.91 2 0.09625152070246154 0.0 4.1359229
true 7.313143302178915e-5 5977 6 6 1.91 3 0.09625152070246154 0.0 67.3203634
true 0.00017087505224881264 3478 6 6 1.91 4 0.09625152070246154 0.0 50.8523877
true 0.019296496477515357 100 6 1 1.92 1 0.09534466505708565 0.0 0.5804154
true 0.0003638628347444328 756 6 1 1.92 2 0.09534466505708565 0.0 6.2106271
true 1.4196989855608244e-5 2170 6 1 1.92 3 0.09534466505708565 0.0 25.9102703
true 0.00037003299074978013 3268 6 1 1.92 4 0.09534466505708565 0.0 47.5830154
true 0.0192049706561771 252 6 2 1.92 1 0.09534466505708565 0.0 1.3771109
true 0.00034167546284238903 731 6 2 1.92 2 0.09534466505708565 0.0 6.2938942
true 0.0010018112848039773 638 6 2 1.92 3 0.09534466505708565 0.0 9.6418987
true 0.00015161696806020863 6071 6 2 1.92 4 0.09534466505708565 0.0 88.0098086
true 0.019174397241867813 149 6 3 1.92 1 0.09534466505708565 0.0 0.8705177
true 0.0003439225704721475 1005 6 3 1.92 2 0.09534466505708565 0.0 8.580344
true 0.0003207751105616663 2541 6 3 1.92 3 0.09534466505708565 0.0 28.1519704
true 0.0002108923755764769 5631 6 3 1.92 4 0.09534466505708565 0.0 81.8050211
true 0.25922036777188606 118 6 4 1.92 1 0.09534466505708565 0.0 0.6862888
true 0.030680674283386777 699 6 4 1.92 2 0.09534466505708565 0.0 6.234279
true 0.0004339294870665533 559 6 4 1.92 3 0.09534466505708565 0.0 8.0696317
true 9.429672832410307e-5 6676 6 4 1.92 4 0.09534466505708565 0.0 100.4057383
true 0.018537890742766183 159 6 5 1.92 1 0.09534466505708565 0.0 0.95014
true 0.0002968532834494164 2096 6 5 1.92 2 0.09534466505708565 0.0 17.8804612
true 0.00010585161140234112 1932 6 5 1.92 3 0.09534466505708565 0.0 23.0353574
true 0.00032676734738109616 3676 6 5 1.92 4 0.09534466505708565 0.0 54.0770081
true 0.015449176628731234 287 6 6 1.92 1 0.09534466505708565 0.0 1.5846642
true 0.00031707315743773984 2035 6 6 1.92 2 0.09534466505708565 0.0 17.6750396
true 0.16673698148624524 2343 6 6 1.92 3 0.09534466505708565 0.0 28.3422807
true 0.00028346105426116375 1983 6 6 1.92 4 0.09534466505708565 0.0 30.7443854
true 0.0190701780294264 88 6 1 1.93 1 0.09445164403667455 0.0 0.5148372
true 0.0003549799840935064 1106 6 1 1.93 2 0.09445164403667455 0.0 9.2334049
true 7.792607706691435e-5 3551 6 1 1.93 3 0.09445164403667455 0.0 41.3301959
true 0.0003678759180236191 2916 6 1 1.93 4 0.09445164403667455 0.0 43.221032
true 0.018981202791937962 104 6 2 1.93 1 0.09445164403667455 0.0 0.616425
true 0.00033381798816933816 757 6 2 1.93 2 0.09445164403667455 0.0 6.6167413
true 0.0002083611783921524 3740 6 2 1.93 3 0.09445164403667455 0.0 42.2170214
true 0.0005593594453868478 6651 6 2 1.93 4 0.09445164403667455 0.0 96.5129796
true 0.018951510783234538 134 6 3 1.93 1 0.09445164403667455 0.0 0.7628645
true 0.00033700893513742097 1953 6 3 1.93 2 0.09445164403667455 0.0 16.669998
true 0.017435149436763792 1738 6 3 1.93 3 0.09445164403667455 0.0 20.1499545
true 0.0021056790056696397 3993 6 3 1.93 4 0.09445164403667455 0.0 59.8270366
true 0.018562169880922144 144 6 4 1.93 1 0.09445164403667455 0.0 0.8551385
true 0.00028539886667815206 1419 6 4 1.93 2 0.09445164403667455 0.0 11.6990916
true 4.365767740084625e-5 4450 6 4 1.93 3 0.09445164403667455 0.0 51.2353484
true 0.00024520426512851523 5363 6 4 1.93 4 0.09445164403667455 0.0 76.057391
true 0.4037433057800389 115 6 5 1.93 1 0.09445164403667455 0.0 0.7624261
true 0.0003016433275316199 1343 6 5 1.93 2 0.09445164403667455 0.0 11.3136432
true 7.360408908325677e-5 6367 6 5 1.93 3 0.09445164403667455 0.0 72.9425154
true 0.000348067974054167 3570 6 5 1.93 4 0.09445164403667455 0.0 53.0394767
true 0.015274244141453583 178 6 6 1.93 1 0.09445164403667455 0.0 1.0302827
true 0.00027454275488194196 1737 6 6 1.93 2 0.09445164403667455 0.0 14.4910359
true 0.012333374957304613 1783 6 6 1.93 3 0.09445164403667455 0.0 21.9549094
true 0.00037147260595023673 10161 6 6 1.93 4 0.09445164403667455 0.0 149.1955556
true 0.018847632773822065 117 6 1 1.94 1 0.09357216363534221 0.0 0.6413651
true 0.0003470125328716156 952 6 1 1.94 2 0.09357216363534221 0.0 8.0631055
true 8.09020429902163e-5 1902 6 1 1.94 3 0.09357216363534221 0.0 23.1914838
true 0.0005239949001454858 1581 6 1 1.94 4 0.09357216363534221 0.0 26.5034042
true 0.018761674312859133 124 6 2 1.94 1 0.09357216363534221 0.0 0.7173282
true 0.00032691781231644623 1179 6 2 1.94 2 0.09357216363534221 0.0 9.7159013
true 0.0004863681502885464 5808 6 2 1.94 3 0.09357216363534221 0.0 67.0057002
true 7.875484203168082e-5 7482 6 2 1.94 4 0.09357216363534221 0.0 109.2600944
true 0.018732762362437577 140 6 3 1.94 1 0.09357216363534221 0.0 0.7961267
true 0.0003300390094015578 1416 6 3 1.94 2 0.09357216363534221 0.0 12.0046262
true 6.262244960514307e-5 2343 6 3 1.94 3 0.09357216363534221 0.0 28.2834204
true 0.0002708626019774322 3346 6 3 1.94 4 0.09357216363534221 0.0 50.1568323
true 0.25892784174347383 132 6 4 1.94 1 0.09357216363534221 0.0 0.7394708
true 0.00029621561532680585 843 6 4 1.94 2 0.09357216363534221 0.0 7.1781755
true 0.013697302805804223 2286 6 4 1.94 3 0.09357216363534221 0.0 26.4026852
true 0.00023642617772463848 6115 6 4 1.94 4 0.09357216363534221 0.0 88.3171166
true 0.018123169217175494 140 6 5 1.94 1 0.09357216363534221 0.0 0.8930388
true 0.0002874912440587685 2105 6 5 1.94 2 0.09357216363534221 0.0 18.1221728
true 0.01466385375802337 1105 6 5 1.94 3 0.09357216363534221 0.0 13.6434093
true 0.0006583308903930996 1980 6 5 1.94 4 0.09357216363534221 0.0 31.6545833
true 0.3359869822050215 197 6 6 1.94 1 0.09357216363534221 0.0 1.1830347
true 0.1668046799966119 1951 6 6 1.94 2 0.09357216363534221 0.0 16.8419925
true 5.427455075929233e-5 3895 6 6 1.94 3 0.09357216363534221 0.0 45.7905152
true 0.0004995364362111546 4890 6 6 1.94 4 0.09357216363534221 0.0 72.2265643
true 0.018629063211119012 94 6 1 1.95 1 0.09270593780019673 0.0 0.5591188
true 0.0003397760579685327 864 6 1 1.95 2 0.09270593780019673 0.0 7.2992211
true 0.00032637874655544463 1939 6 1 1.95 3 0.09270593780019673 0.0 22.7729416
true 0.00012460488180254803 2564 6 1 1.95 4 0.09270593780019673 0.0 37.9526277
true 0.01854536158574102 131 6 2 1.95 1 0.09270593780019673 0.0 0.7371189
true 0.01776747480287852 670 6 2 1.95 2 0.09270593780019673 0.0 5.8439091
true 0.000489615220892109 2418 6 2 1.95 3 0.09270593780019673 0.0 27.2883158
true 0.009748517306715415 2447 6 2 1.95 4 0.09270593780019673 0.0 36.7216384
true 0.018517316457952588 128 6 3 1.95 1 0.09270593780019673 0.0 0.74886
true 0.00032272525873725905 907 6 3 1.95 2 0.09270593780019673 0.0 7.594101
true 4.283252562127989e-5 2282 6 3 1.95 3 0.09270593780019673 0.0 27.5108757
true 0.0003889534474883309 3853 6 3 1.95 4 0.09270593780019673 0.0 58.1628308
true 0.01814470255008957 168 6 4 1.95 1 0.09270593780019673 0.0 0.9827742
true 0.00027661528536856994 1604 6 4 1.95 2 0.09270593780019673 0.0 12.7909481
true 4.156872161854841e-5 3828 6 4 1.95 3 0.09270593780019673 0.0 44.1891742
true 0.00022622599422641998 4207 6 4 1.95 4 0.09270593780019673 0.0 64.1455106
true 0.21111068207212363 152 6 5 1.95 1 0.09270593780019673 0.0 0.8982855
true 0.00026077967645627976 403 6 5 1.95 2 0.09270593780019673 0.0 3.9298802
true 0.00010390202219351385 1735 6 5 1.95 3 0.09270593780019673 0.0 20.7657907
true 0.00033234464036083764 4406 6 5 1.95 4 0.09270593780019673 0.0 64.3732771
true 0.014935033470658277 197 6 6 1.95 1 0.09270593780019673 0.0 1.0898014
true 0.00026082267088434197 3076 6 6 1.95 2 0.09270593780019673 0.0 25.8378661
true 0.0061131856512146865 2581 6 6 1.95 3 0.09270593780019673 0.0 30.8008031
true 0.00029932502906612757 4337 6 6 1.95 4 0.09270593780019673 0.0 63.3976723
true 0.01841443317736635 138 6 1 1.96 1 0.09185268817481701 0.0 0.7541615
true 0.0003316721955924917 697 6 1 1.96 2 0.09185268817481701 0.0 5.6954617
true 0.00033658840961620085 637 6 1 1.96 3 0.09185268817481701 0.0 8.7279894
true 0.01597322521993305 1872 6 1 1.96 4 0.09185268817481701 0.0 28.2033731
true 0.01833308429629371 137 6 2 1.96 1 0.09185268817481701 0.0 0.7121389
true 0.00031373610849483313 2241 6 2 1.96 2 0.09185268817481701 0.0 18.5816437
true 2.0445670584595677e-5 3659 6 2 1.96 3 0.09185268817481701 0.0 40.7033985
true 0.00011239770286566864 5088 6 2 1.96 4 0.09185268817481701 0.0 72.5186507
true 0.01830602973459287 122 6 3 1.96 1 0.09185268817481701 0.0 0.7046842
true 0.0003148332183543305 803 6 3 1.96 2 0.09185268817481701 0.0 7.0204493
true 0.017620428228542317 980 6 3 1.96 3 0.09185268817481701 0.0 12.2525742
true 0.0003304591952080956 4309 6 3 1.96 4 0.09185268817481701 0.0 62.8926808
true 0.01794119004994632 233 6 4 1.96 1 0.09185268817481701 0.0 1.3758313
true 0.00028836928792556893 1307 6 4 1.96 2 0.09185268817481701 0.0 11.0106983
true 0.0005594463055916404 1243 6 4 1.96 3 0.09185268817481701 0.0 14.9378875
true 0.00027246085651963514 3590 6 4 1.96 4 0.09185268817481701 0.0 52.3412183
true 0.21098461404986218 143 6 5 1.96 1 0.09185268817481701 0.0 0.8471223
true 0.000278245462334259 937 6 5 1.96 2 0.09185268817481701 0.0 8.1961519
true 0.01083128237497366 2960 6 5 1.96 3 0.09185268817481701 0.0 35.2948455
true 0.0003051886005176918 4723 6 5 1.96 4 0.09185268817481701 0.0 68.8345062
true 0.014768846985355633 170 6 6 1.96 1 0.09185268817481701 0.0 1.0122285
true 0.0002473755668225737 1782 6 6 1.96 2 0.09185268817481701 0.0 15.1298495
true 0.16671610725051578 3683 6 6 1.96 3 0.09185268817481701 0.0 42.6375239
true 0.0006747190255113703 8803 6 6 1.96 4 0.09185268817481701 0.0 130.4013726
true 0.018203732421612107 104 6 1 1.97 1 0.09101214385204551 0.0 0.6170229
true 0.018015665450964724 753 6 1 1.97 2 0.09101214385204551 0.0 6.5466475
true 0.016663123381704947 1958 6 1 1.97 3 0.09101214385204551 0.0 22.734322
true 0.0002248686588501858 2391 6 1 1.97 4 0.09101214385204551 0.0 34.4575557
true 0.01812515859930469 160 6 2 1.97 1 0.09101214385204551 0.0 0.8748799
true 0.0003061799646297825 1267 6 2 1.97 2 0.09101214385204551 0.0 10.4069964
true 0.00018536285890025095 1650 6 2 1.97 3 0.09101214385204551 0.0 19.0506598
true 0.002838832980820938 8832 6 2 1.97 4 0.09101214385204551 0.0 129.8029455
true 0.018098367669646825 126 6 3 1.97 1 0.09101214385204551 0.0 0.7555723
true 0.0003089200805380295 1136 6 3 1.97 2 0.09101214385204551 0.0 9.5444293
true 0.017720657854557214 1877 6 3 1.97 3 0.09101214385204551 0.0 22.3944493
true 0.0003351754119227575 3598 6 3 1.97 4 0.09101214385204551 0.0 52.8713729
true 0.2587191525577418 117 6 4 1.97 1 0.09101214385204551 0.0 0.6952485
true 0.02915807834255904 774 6 4 1.97 2 0.09101214385204551 0.0 6.8906653
true 2.8973858616054837e-5 2245 6 4 1.97 3 0.09101214385204551 0.0 25.6263147
true 0.00043031352252302646 6444 6 4 1.97 4 0.09101214385204551 0.0 92.267287
true 0.017527698197474885 164 6 5 1.97 1 0.09101214385204551 0.0 0.9390563
true 0.003639701278459895 781 6 5 1.97 2 0.09101214385204551 0.0 6.9613417
true 8.114213328102027e-5 2834 6 5 1.97 3 0.09101214385204551 0.0 34.0319568
true 0.00015228329310059685 5610 6 5 1.97 4 0.09101214385204551 0.0 80.5473937
true 0.17525740989558317 241 6 6 1.97 1 0.09101214385204551 0.0 1.4519332
true 0.00024669367975700224 2384 6 6 1.97 2 0.09101214385204551 0.0 19.8440555
true 0.00015925913388031843 7306 6 6 1.97 3 0.09101214385204551 0.0 82.9774272
true 0.0004304175837256304 4469 6 6 1.97 4 0.09101214385204551 0.0 64.9039621
true 0.01799673315933009 82 6 1 1.98 1 0.09018404113577616 0.0 0.5033145
true 0.0003186036092047151 898 6 1 1.98 2 0.09018404113577616 0.0 7.3923286
true 6.626936849751797e-5 1187 6 1 1.98 3 0.09018404113577616 0.0 14.4473728
true 0.0005301942904505363 2673 6 1 1.98 4 0.09018404113577616 0.0 38.9440736
true 0.01791998109637491 110 6 2 1.98 1 0.09018404113577616 0.0 0.6059031
true 0.025139220413490093 563 6 2 1.98 2 0.09018404113577616 0.0 4.9648636
true 0.017262382590960496 630 6 2 1.98 3 0.09018404113577616 0.0 8.8443621
true 0.024105825657073116 1029 6 2 1.98 4 0.09018404113577616 0.0 17.534444
true 0.017894649226306496 102 6 3 1.98 1 0.09018404113577616 0.0 0.6343499
true 0.00030286376601003823 1367 6 3 1.98 2 0.09018404113577616 0.0 11.6246663
true 0.0004677768962907021 2611 6 3 1.98 3 0.09018404113577616 0.0 29.9110542
true 0.00021763646328345118 1351 6 3 1.98 4 0.09018404113577616 0.0 21.3671862
true 0.01754662108787343 151 6 4 1.98 1 0.09018404113577616 0.0 0.7903383
true 0.00025460657598951053 1748 6 4 1.98 2 0.09018404113577616 0.0 14.2300545
true 0.00037544923145095555 3123 6 4 1.98 3 0.09018404113577616 0.0 35.3621913
true 0.00023351367939890288 7226 6 4 1.98 4 0.09018404113577616 0.0 105.481061
true 0.017335005300243032 174 6 5 1.98 1 0.09018404113577616 0.0 1.0518178
true 0.0002626040553402875 1582 6 5 1.98 2 0.09018404113577616 0.0 13.4964041
true 0.013061304577512155 1474 6 5 1.98 3 0.09018404113577616 0.0 18.1165965
true 0.00028485602274391786 4982 6 5 1.98 4 0.09018404113577616 0.0 74.8173349
true 0.17511436228191565 193 6 6 1.98 1 0.09018404113577616 0.0 1.1010939
true 0.0028743725549509234 1421 6 6 1.98 2 0.09018404113577616 0.0 12.2730641
true 0.00019676652158590047 947 6 6 1.98 3 0.09018404113577616 0.0 12.0457738
true 0.000302923173449617 4087 6 6 1.98 4 0.09018404113577616 0.0 60.0930052
true 0.017793575552324636 92 6 1 1.99 1 0.08936812331138665 0.0 0.5323864
true 0.00031089143815138387 772 6 1 1.99 2 0.08936812331138665 0.0 6.3771954
true 7.927056740469896e-5 4649 6 1 1.99 3 0.08936812331138665 0.0 52.6808646
true 1.687325387772498e-5 5601 6 1 1.99 4 0.08936812331138665 0.0 80.8742378
true 0.01771899341889277 150 6 2 1.99 1 0.08936812331138665 0.0 0.8171121
true 0.0002936398134194551 577 6 2 1.99 2 0.08936812331138665 0.0 5.0328479
true 0.017108632089414655 997 6 2 1.99 3 0.08936812331138665 0.0 12.5845587
true 0.00023155172906960675 5906 6 2 1.99 4 0.08936812331138665 0.0 83.0119419
true 0.017694559025560996 239 6 3 1.99 1 0.08936812331138665 0.0 1.2825764
true 0.00029792749663128576 1036 6 3 1.99 2 0.08936812331138665 0.0 8.7987056
true 0.01712987497995383 1050 6 3 1.99 3 0.08936812331138665 0.0 13.0903647
true 9.064176226062741e-5 5586 6 3 1.99 4 0.08936812331138665 0.0 78.283019
true 0.017351584827844546 171 6 4 1.99 1 0.08936812331138665 0.0 0.9404038
true 0.00025808424494977444 3116 6 4 1.99 2 0.08936812331138665 0.0 26.5418375
true 0.017047780475022672 1543 6 4 1.99 3 0.08936812331138665 0.0 18.2380746
true 0.0005839086705814456 12839 6 4 1.99 4 0.08936812331138665 0.0 183.1735086
true 0.017146263901882074 201 6 5 1.99 1 0.08936812331138665 0.0 1.1162797
true 0.0002640302265080385 1422 6 5 1.99 2 0.08936812331138665 0.0 12.1101132
true 2.007637355709857e-5 4532 6 5 1.99 3 0.08936812331138665 0.0 52.0481128
true 0.0003769284960914554 4370 6 5 1.99 4 0.08936812331138665 0.0 65.0924919
true 0.01428884617224794 180 6 6 1.99 1 0.08936812331138665 0.0 1.064933
true 0.00023708651862916486 1936 6 6 1.99 2 0.08936812331138665 0.0 16.2315606
true 0.17282564655439356 2526 6 6 1.99 3 0.08936812331138665 0.0 29.6571941
true 0.00642601353306077 2682 6 6 1.99 4 0.08936812331138665 0.0 41.2622695
true 0.01759399458793054 179 6 1 2.0 1 0.0885641404244465 0.0 0.9521243
true 0.00030356295277128575 785 6 1 2.0 2 0.0885641404244465 0.0 6.518935
true 0.0002881430004252339 1603 6 1 2.0 3 0.0885641404244465 0.0 19.3482321
true 0.00015046802667439962 3913 6 1 2.0 4 0.0885641404244465 0.0 55.3939106
true 0.017521158920825952 126 6 2 2.0 1 0.0885641404244465 0.0 0.7274252
true 0.0002874938409185013 957 6 2 2.0 2 0.0885641404244465 0.0 7.8089563
true 0.00039134221153047655 2746 6 2 2.0 3 0.0885641404244465 0.0 30.20751
true 0.0011959309426478604 4378 6 2 2.0 4 0.0885641404244465 0.0 64.3591208
true 0.01749703112447439 131 6 3 2.0 1 0.0885641404244465 0.0 0.7845003
true 0.0002899898893686803 1172 6 3 2.0 2 0.0885641404244465 0.0 9.5047241
true 0.01697092485072497 893 6 3 2.0 3 0.0885641404244465 0.0 11.3965631
true 0.00041734871305334115 4969 6 3 2.0 4 0.0885641404244465 0.0 71.888299
true 0.017161800634071578 184 6 4 2.0 1 0.0885641404244465 0.0 1.1133578
true 0.0002545433219383886 1510 6 4 2.0 2 0.0885641404244465 0.0 12.1350525
true 0.00010798768848986617 3133 6 4 2.0 3 0.0885641404244465 0.0 36.0544876
true 0.00020137350401239207 9550 6 4 2.0 4 0.0885641404244465 0.0 141.269141
true 0.20992347661278324 252 6 5 2.0 1 0.0885641404244465 0.0 1.5035826
true 0.0002873520773805205 467 6 5 2.0 2 0.0885641404244465 0.0 4.3105809
true 0.013654455111033059 1026 6 5 2.0 3 0.0885641404244465 0.0 12.968652
true 0.007801426257601973 3577 6 5 2.0 4 0.0885641404244465 0.0 51.5995876
true 0.014135220932948667 128 6 6 2.0 1 0.0885641404244465 0.0 0.7680287
true 0.00022275213466276442 2258 6 6 2.0 2 0.0885641404244465 0.0 18.4438048
true 4.481505106560905e-5 4423 6 6 2.0 3 0.0885641404244465 0.0 49.3067132
true 0.00013990773501790232 6525 6 6 2.0 4 0.0885641404244465 0.0 96.2383595