g_converged min_loss iter nsites nqubits0 h nlayers SvN m time
true 0.034001360729012664 111 6 1 1.51 1 0.14860607298695988 0.0 6.6924588
true 0.031626354871382656 471 6 1 1.51 2 0.14860607298695988 0.0 3.4326254
true 0.0002799158648338351 3148 6 1 1.51 3 0.14860607298695988 0.0 28.8912366
true 0.00017212150443657315 4497 6 1 1.51 4 0.14860607298695988 0.0 53.0584546
true 0.033643316940213 106 6 2 1.51 1 0.14860607298695988 0.0 0.5001209
true 0.0009651742434413635 640 6 2 1.51 2 0.14860607298695988 0.0 4.5206505
true 0.001402901977567289 5604 6 2 1.51 3 0.14860607298695988 0.0 53.3269573
true 0.000568051544159176 5115 6 2 1.51 4 0.14860607298695988 0.0 60.5004391
true 0.03352418960922593 120 6 3 1.51 1 0.14860607298695988 0.0 0.6619749
true 0.0010159704502434124 367 6 3 1.51 2 0.14860607298695988 0.0 3.006686
true 0.0001672459614930344 2469 6 3 1.51 3 0.14860607298695988 0.0 24.0088255
true 0.0007697434591138105 6822 6 3 1.51 4 0.14860607298695988 0.0 82.8040509
true 0.03243053847859215 112 6 4 1.51 1 0.14860607298695988 0.0 0.5860795
true 0.0007929407328591126 2141 6 4 1.51 2 0.14860607298695988 0.0 15.4862335
true 0.0010083748450112479 1878 6 4 1.51 3 0.14860607298695988 0.0 18.2001864
true 0.0007163526033083095 2140 6 4 1.51 4 0.14860607298695988 0.0 28.6216536
true 0.03177489819192998 162 6 5 1.51 1 0.14860607298695988 0.0 0.8334033
true 0.0007965333239421946 923 6 5 1.51 2 0.14860607298695988 0.0 6.6267626
true 9.872153486190083e-5 6689 6 5 1.51 3 0.14860607298695988 0.0 64.7559345
true 0.0009925450765062571 9648 6 5 1.51 4 0.14860607298695988 0.0 119.6712356
true 0.18205035250397672 303 6 6 1.51 1 0.14860607298695988 0.0 1.4137561
true 0.0006989544038399353 1666 6 6 1.51 2 0.14860607298695988 0.0 11.9336904
true 0.021203660442827704 2589 6 6 1.51 3 0.14860607298695988 0.0 26.3231178
true 0.0009327666531535328 4863 6 6 1.51 4 0.14860607298695988 0.0 59.3054298
true 0.03345552244398642 95 6 1 1.52 1 0.14676781227962965 0.0 0.5253161
true 0.0010234820054526583 530 6 1 1.52 2 0.14676781227962965 0.0 4.0323861
true 0.0009435450483771812 949 6 1 1.52 3 0.14676781227962965 0.0 10.5107026
true 0.00026720546429914727 3981 6 1 1.52 4 0.14676781227962965 0.0 51.5673025
true 0.03311090364776642 108 6 2 1.52 1 0.14676781227962965 0.0 0.6248824
true 0.0009377314104205836 680 6 2 1.52 2 0.14676781227962965 0.0 5.7066884
true 0.001263532876923379 2005 6 2 1.52 3 0.14676781227962965 0.0 24.222602
true 0.0005091934323142033 3289 6 2 1.52 4 0.14676781227962965 0.0 51.6399916
true 0.03299591152327449 116 6 3 1.52 1 0.14676781227962965 0.0 0.797163
true 0.0009520857780480618 488 6 3 1.52 2 0.14676781227962965 0.0 5.0824252
true 0.00022703784322514187 3703 6 3 1.52 3 0.14676781227962965 0.0 52.8797644
true 0.000516947110956382 4208 6 3 1.52 4 0.14676781227962965 0.0 79.1532275
true 0.031934976926652967 149 6 4 1.52 1 0.14676781227962965 0.0 1.1422232
true 0.0007731103766798336 1695 6 4 1.52 2 0.14676781227962965 0.0 18.8946485
true 0.00015642018173338268 4773 6 4 1.52 3 0.14676781227962965 0.0 66.917799
true 0.0002405976627102291 7815 6 4 1.52 4 0.14676781227962965 0.0 133.8748986
true 0.031294671123407614 158 6 5 1.52 1 0.14676781227962965 0.0 1.1975063
true 0.0007722202798014277 1287 6 5 1.52 2 0.14676781227962965 0.0 13.2209059
true 0.00023450492706378334 2190 6 5 1.52 3 0.14676781227962965 0.0 31.8679967
true 0.00011179823589712035 4229 6 5 1.52 4 0.14676781227962965 0.0 74.6125644
true 0.026079774881759842 248 6 6 1.52 1 0.14676781227962965 0.0 1.6157457
true 0.0006820818075076821 1737 6 6 1.52 2 0.14676781227962965 0.0 17.9650071
true 0.0053135958373366115 3775 6 6 1.52 3 0.14676781227962965 0.0 53.764144
true 0.0004948813654511904 1304 6 6 1.52 4 0.14676781227962965 0.0 26.5466194
true 0.03292337349349872 104 6 1 1.53 1 0.14496629210198328 0.0 0.7480143
true 0.0010137415312367892 702 6 1 1.53 2 0.14496629210198328 0.0 7.8262351
true 0.0003002681858297329 3357 6 1 1.53 3 0.14496629210198328 0.0 46.4971582
true 0.0007925842716839382 4341 6 1 1.53 4 0.14496629210198328 0.0 77.2718552
true 0.03259089828528963 110 6 2 1.53 1 0.14496629210198328 0.0 0.7716373
true 0.030274489961723994 917 6 2 1.53 2 0.14496629210198328 0.0 9.8450722
true 0.0012611845518597231 2401 6 2 1.53 3 0.14496629210198328 0.0 32.9535264
true 0.00036991651484219457 4529 6 2 1.53 4 0.14496629210198328 0.0 80.0585873
true 0.03248048303028034 181 6 3 1.53 1 0.14496629210198328 0.0 1.2851606
true 0.0009258296275527026 621 6 3 1.53 2 0.14496629210198328 0.0 6.5363682
true 0.00019206877121426733 3068 6 3 1.53 3 0.14496629210198328 0.0 44.0516546
true 0.0008263091120740973 4656 6 3 1.53 4 0.14496629210198328 0.0 82.7925907
true 0.031446129290687075 130 6 4 1.53 1 0.14496629210198328 0.0 0.9866395
true 0.000748784518286652 1774 6 4 1.53 2 0.14496629210198328 0.0 18.0870707
true 0.00013297246925592088 6458 6 4 1.53 3 0.14496629210198328 0.0 89.3181607
true 0.0005475807903292246 4439 6 4 1.53 4 0.14496629210198328 0.0 80.7751375
true 0.030825220358062143 142 6 5 1.53 1 0.14496629210198328 0.0 1.0617508
true 0.0007636905060445009 1786 6 5 1.53 2 0.14496629210198328 0.0 18.7770419
true 0.00020195165167087304 5420 6 5 1.53 3 0.14496629210198328 0.0 75.854748
true 0.0010032191994401641 4024 6 5 1.53 4 0.14496629210198328 0.0 72.2967976
true 0.025687790773060576 183 6 6 1.53 1 0.14496629210198328 0.0 1.2928503
true 0.000662994476504003 2322 6 6 1.53 2 0.14496629210198328 0.0 25.1590979
true 0.00035414492649978496 820 6 6 1.53 3 0.14496629210198328 0.0 13.6428685
true 0.00018256603447412237 4026 6 6 1.53 4 0.14496629210198328 0.0 74.9646737
true 0.03240436203535957 101 6 1 1.54 1 0.14320052060549301 0.0 0.7897433
true 0.000965332610396441 1240 6 1 1.54 2 0.14320052060549301 0.0 12.7541787
true 0.0015040966277266588 949 6 1 1.54 3 0.14320052060549301 0.0 14.1496486
true 0.0007580547839453056 960 6 1 1.54 4 0.14320052060549301 0.0 19.9531538
true 0.03208474856963556 108 6 2 1.54 1 0.14320052060549301 0.0 0.7525118
true 0.029941585731108195 491 6 2 1.54 2 0.14320052060549301 0.0 5.5915001
true 7.929832919367774e-5 3263 6 2 1.54 3 0.14320052060549301 0.0 45.9881312
true 0.0003649622326801216 2370 6 2 1.54 4 0.14320052060549301 0.0 44.0945257
true 0.031977035384013884 116 6 3 1.54 1 0.14320052060549301 0.0 0.7548392
true 0.0009012000283020553 468 6 3 1.54 2 0.14320052060549301 0.0 5.3752294
true 0.00014666293000442643 3345 6 3 1.54 3 0.14320052060549301 0.0 48.4867484
true 0.0006845732140688029 5014 6 3 1.54 4 0.14320052060549301 0.0 90.1684095
true 0.030970807715360038 163 6 4 1.54 1 0.14320052060549301 0.0 1.0567904
true 0.048520658059208535 602 6 4 1.54 2 0.14320052060549301 0.0 6.686062
true 0.02296082422504868 1371 6 4 1.54 3 0.14320052060549301 0.0 20.2624525
true 0.000569511022567637 8158 6 4 1.54 4 0.14320052060549301 0.0 144.5862853
true 0.2191862210345245 122 6 5 1.54 1 0.14320052060549301 0.0 0.9322192
true 0.2004750469386704 857 6 5 1.54 2 0.14320052060549301 0.0 9.3989384
true 0.00011131692699023477 3375 6 5 1.54 3 0.14320052060549301 0.0 47.8059186
true 0.00029169566994180496 4253 6 5 1.54 4 0.14320052060549301 0.0 75.9578498
true 0.02530642302288601 226 6 6 1.54 1 0.14320052060549301 0.0 1.5733988
true 0.0006433206220624044 1437 6 6 1.54 2 0.14320052060549301 0.0 15.5591764
true 0.0007366918835674993 3905 6 6 1.54 3 0.14320052060549301 0.0 55.7527777
true 0.00017904053700137923 5045 6 6 1.54 4 0.14320052060549301 0.0 94.1372978
true 0.031897994830643706 91 6 1 1.55 1 0.14146953786835154 0.0 0.6402602
true 0.0009380270103839794 535 6 1 1.55 2 0.14146953786835154 0.0 5.7789224
true 0.0009217281854795867 1354 6 1 1.55 3 0.14146953786835154 0.0 19.867258
true 0.0010336411956112235 2660 6 1 1.55 4 0.14146953786835154 0.0 47.6588466
true 0.03158899683776717 141 6 2 1.55 1 0.14146953786835154 0.0 0.9377745
true 0.050232675043697744 812 6 2 1.55 2 0.14146953786835154 0.0 8.931525
true 0.00015149250996612795 1373 6 2 1.55 3 0.14146953786835154 0.0 20.1265633
true 0.00044825222188646374 2301 6 2 1.55 4 0.14146953786835154 0.0 43.5742626
true 0.03148586025971071 100 6 3 1.55 1 0.14146953786835154 0.0 0.7641277
true 0.0008743363944843097 645 6 3 1.55 2 0.14146953786835154 0.0 7.24415
true 0.00043691516312185 4170 6 3 1.55 3 0.14146953786835154 0.0 56.4255281
true 0.0001886185858515077 3042 6 3 1.55 4 0.14146953786835154 0.0 55.4932094
true 0.03050795999700602 125 6 4 1.55 1 0.14146953786835154 0.0 0.8920691
true 0.0007089239080450005 1101 6 4 1.55 2 0.14146953786835154 0.0 11.3352201
true 0.0003562705090765089 6801 6 4 1.55 3 0.14146953786835154 0.0 94.4617151
true 0.0007078053278209012 5335 6 4 1.55 4 0.14146953786835154 0.0 96.528656
true 0.02991952928972689 188 6 5 1.55 1 0.14146953786835154 0.0 1.2922216
true 0.0007119577905803865 1796 6 5 1.55 2 0.14146953786835154 0.0 18.861712
true 0.0001352442708144719 3043 6 5 1.55 3 0.14146953786835154 0.0 42.9812789
true 0.0006520698116233903 3135 6 5 1.55 4 0.14146953786835154 0.0 58.3887125
true 0.024932918499777523 180 6 6 1.55 1 0.14146953786835154 0.0 1.2782054
true 0.000628827281981816 1883 6 6 1.55 2 0.14146953786835154 0.0 20.451661
true 0.0003064800489557262 2077 6 6 1.55 3 0.14146953786835154 0.0 30.1516554
true 0.0006974621641832879 6675 6 6 1.55 4 0.14146953786835154 0.0 115.9758183
true 0.03140388367447239 81 6 1 1.56 1 0.13977241481340572 0.0 0.6011016
true 0.0009116417640660512 1082 6 1 1.56 2 0.13977241481340572 0.0 10.9187363
true 0.0003160509623781893 3174 6 1 1.56 3 0.13977241481340572 0.0 46.6020069
true 4.2361091623144276e-5 6048 6 1 1.56 4 0.13977241481340572 0.0 104.3528403
true 0.03110555165596121 108 6 2 1.56 1 0.13977241481340572 0.0 0.8031845
true 0.0008399459307493473 831 6 2 1.56 2 0.13977241481340572 0.0 8.8779394
true 0.00012145372592617387 2235 6 2 1.56 3 0.13977241481340572 0.0 32.2731947
true 0.012322542127279429 6140 6 2 1.56 4 0.13977241481340572 0.0 108.9481529
true 0.031006188859783956 138 6 3 1.56 1 0.13977241481340572 0.0 1.0046489
true 0.0008505050734655869 916 6 3 1.56 2 0.13977241481340572 0.0 9.7968222
true 0.001175429948557627 2356 6 3 1.56 3 0.13977241481340572 0.0 33.4550474
true 0.0003415051204358477 2966 6 3 1.56 4 0.13977241481340572 0.0 54.269442
true 0.03005375397117406 286 6 4 1.56 1 0.13977241481340572 0.0 1.9067474
true 0.0006869701498239955 329 6 4 1.56 2 0.13977241481340572 0.0 4.10115
true 0.0009606974919860178 2844 6 4 1.56 3 0.13977241481340572 0.0 39.8733737
true 0.0006623682674183201 7193 6 4 1.56 4 0.13977241481340572 0.0 129.5572307
true 0.2186037542146742 177 6 5 1.56 1 0.13977241481340572 0.0 1.2058475
true 0.0007005604189642245 287 6 5 1.56 2 0.13977241481340572 0.0 3.7476194
true 0.2001588830549772 1339 6 5 1.56 3 0.13977241481340572 0.0 20.0424718
true 0.00032093707982598917 2267 6 5 1.56 4 0.13977241481340572 0.0 41.8889659
true 0.024568211514145472 208 6 6 1.56 1 0.13977241481340572 0.0 1.522595
true 0.000605301971784572 1702 6 6 1.56 2 0.13977241481340572 0.0 17.7799353
true 0.00015759790927806958 1545 6 6 1.56 3 0.13977241481340572 0.0 23.1378097
true 0.0005826763176604114 5899 6 6 1.56 4 0.13977241481340572 0.0 107.5695287
true 0.03092136771069065 98 6 1 1.57 1 0.1381082521562763 0.0 0.7195925
true 0.0008855564075673228 898 6 1 1.57 2 0.1381082521562763 0.0 9.0209823
true 0.00034813380577525255 1799 6 1 1.57 3 0.1381082521562763 0.0 25.4506491
true 0.0007696172791158418 1480 6 1 1.57 4 0.1381082521562763 0.0 28.8541479
true 0.030633994446983864 209 6 2 1.57 1 0.1381082521562763 0.0 1.4195864
true 0.0008146323186079829 1352 6 2 1.57 2 0.1381082521562763 0.0 14.0992805
true 0.02874203004262585 1421 6 2 1.57 3 0.1381082521562763 0.0 20.2426466
true 0.00043213837505043373 8375 6 2 1.57 4 0.1381082521562763 0.0 146.9687105
true 0.030537864824906058 115 6 3 1.57 1 0.1381082521562763 0.0 0.8583011
true 0.0008266312892569924 898 6 3 1.57 2 0.1381082521562763 0.0 9.4704848
true 0.00016245552957255827 5176 6 3 1.57 3 0.1381082521562763 0.0 73.3671736
true 0.0007052672681487534 7424 6 3 1.57 4 0.1381082521562763 0.0 131.3756574
true 0.26412133933035736 194 6 4 1.57 1 0.1381082521562763 0.0 1.4317241
true 0.04856408437802051 334 6 4 1.57 2 0.1381082521562763 0.0 4.1427466
true 0.00014599485259253475 3097 6 4 1.57 3 0.1381082521562763 0.0 44.55662
true 0.0006566247965442973 1508 6 4 1.57 4 0.1381082521562763 0.0 29.7791554
true 0.02905409153192533 174 6 5 1.57 1 0.1381082521562763 0.0 1.2361438
true 0.0008177722369310025 1817 6 5 1.57 2 0.1381082521562763 0.0 19.5681347
true 0.00038816750809852476 4450 6 5 1.57 3 0.1381082521562763 0.0 60.9936307
true 0.007128871358606103 3475 6 5 1.57 4 0.1381082521562763 0.0 62.9186808
true 0.18193562434844768 160 6 6 1.57 1 0.1381082521562763 0.0 1.1995045
true 0.0006048284368804779 1649 6 6 1.57 2 0.1381082521562763 0.0 17.5278974
true 0.16672701654121033 3670 6 6 1.57 3 0.1381082521562763 0.0 51.708848
true 0.0007334461436499887 7865 6 6 1.57 4 0.1381082521562763 0.0 141.1919121
true 0.030450530280573596 127 6 1 1.58 1 0.13647617938387846 0.0 0.9464983
true 0.000860717197825267 605 6 1 1.58 2 0.13647617938387846 0.0 6.4476626
true 0.001477407064118419 864 6 1 1.58 3 0.13647617938387846 0.0 12.9040882
true 0.0006201389633246346 5538 6 1 1.58 4 0.13647617938387846 0.0 96.8374844
true 0.030172828900221715 145 6 2 1.58 1 0.13647617938387846 0.0 1.0131578
true 0.052166014347998946 251 6 2 1.58 2 0.13647617938387846 0.0 3.3044909
true 0.0010815767602543325 6695 6 2 1.58 3 0.13647617938387846 0.0 89.4246677
true 0.00041924550244365477 3917 6 2 1.58 4 0.13647617938387846 0.0 62.4903558
true 0.030080300708014058 126 6 3 1.58 1 0.13647617938387846 0.0 0.808204
true 0.0008033205524658286 708 6 3 1.58 2 0.13647617938387846 0.0 6.5623925
true 0.001126040969757362 2723 6 3 1.58 3 0.13647617938387846 0.0 34.5362057
true 7.790677041126977e-5 2213 6 3 1.58 4 0.13647617938387846 0.0 35.4397047
true 0.2639553878923088 105 6 4 1.58 1 0.13647617938387846 0.0 0.6872003
true 0.0006575192100052168 1262 6 4 1.58 2 0.13647617938387846 0.0 11.4541828
true 0.0009822411688570898 495 6 4 1.58 3 0.13647617938387846 0.0 7.8332286
true 0.0005819596247860215 4866 6 4 1.58 4 0.13647617938387846 0.0 75.9924502
true 0.2180495331825994 119 6 5 1.58 1 0.13647617938387846 0.0 0.8159198
true 0.0006541417321138887 1092 6 5 1.58 2 0.13647617938387846 0.0 9.9752523
true 0.00017449815337962083 2211 6 5 1.58 3 0.13647617938387846 0.0 28.0362261
true 0.0002294352822270529 3909 6 5 1.58 4 0.13647617938387846 0.0 61.0592199
true 0.18056535743463656 136 6 6 1.58 1 0.13647617938387846 0.0 0.8626021
true 0.16701966273892035 1489 6 6 1.58 2 0.13647617938387846 0.0 14.1116925
true 0.00010161450841945456 7210 6 6 1.58 3 0.13647617938387846 0.0 91.5051549
true 0.000638418040906937 6576 6 6 1.58 4 0.13647617938387846 0.0 104.2670195
true 0.02999100919099651 101 6 1 1.59 1 0.13487535376348045 0.0 0.5900989
true 0.000837137839824198 1177 6 1 1.59 2 0.13487535376348045 0.0 10.8751995
true 0.000813600706004447 1936 6 1 1.59 3 0.13487535376348045 0.0 24.6235829
true 0.0008275672484042151 9062 6 1 1.59 4 0.13487535376348045 0.0 140.8926633
true 0.029722662125793248 157 6 2 1.59 1 0.13487535376348045 0.0 0.95594
true 0.05104981471516179 412 6 2 1.59 2 0.13487535376348045 0.0 4.5833757
true 0.0010786674580690325 2268 6 2 1.59 3 0.13487535376348045 0.0 27.4327064
true 0.00040844510294080205 4265 6 2 1.59 4 0.13487535376348045 0.0 66.8583252
true 0.02963355089008905 177 6 3 1.59 1 0.13487535376348045 0.0 1.1214524
true 0.0007820665414525566 2202 6 3 1.59 2 0.13487535376348045 0.0 20.2668887
true 0.0006527701869930939 2440 6 3 1.59 3 0.13487535376348045 0.0 30.9304968
true 0.0004590497922750125 9781 6 3 1.59 4 0.13487535376348045 0.0 151.4810566
true 0.2640277527103001 142 6 4 1.59 1 0.13487535376348045 0.0 0.9208131
true 0.0006347400541227982 1198 6 4 1.59 2 0.13487535376348045 0.0 10.6925097
true 0.0005798983442055206 4456 6 4 1.59 3 0.13487535376348045 0.0 56.5886122
true 0.0002213601281431804 6234 6 4 1.59 4 0.13487535376348045 0.0 95.6111028
true 0.028227151592144707 174 6 5 1.59 1 0.13487535376348045 0.0 1.1109769
true 0.0006402790829627026 1294 6 5 1.59 2 0.13487535376348045 0.0 11.6607458
true 0.00012887691776650723 2962 6 5 1.59 3 0.13487535376348045 0.0 35.7200857
true 0.0006724528039221301 2117 6 5 1.59 4 0.13487535376348045 0.0 36.4159434
true 0.18019235093814143 131 6 6 1.59 1 0.13487535376348045 0.0 0.8473849
true 0.000720777587097469 865 6 6 1.59 2 0.13487535376348045 0.0 8.165856
true 7.772556049508624e-5 5624 6 6 1.59 3 0.13487535376348045 0.0 71.8144443
true 0.0004270103283970465 5123 6 6 1.59 4 0.13487535376348045 0.0 79.726076
true 0.02954179594051287 121 6 1 1.6 1 0.1333049593821452 0.0 0.6879807
true 0.02889922303657827 539 6 1 1.6 2 0.1333049593821452 0.0 5.1590222
true 0.0002360912140580429 3358 6 1 1.6 3 0.1333049593821452 0.0 41.5295412
true 4.798145712875401e-5 1440 6 1 1.6 4 0.1333049593821452 0.0 24.6694255
true 0.029282889613170215 111 6 2 1.6 1 0.1333049593821452 0.0 0.6570256
true 0.027394613739021217 564 6 2 1.6 2 0.1333049593821452 0.0 5.5941819
true 0.00011059143614880473 1567 6 2 1.6 3 0.1333049593821452 0.0 20.4070098
true 0.0003730952496174833 3349 6 2 1.6 4 0.1333049593821452 0.0 51.9347374
true 0.02919676151685291 128 6 3 1.6 1 0.1333049593821452 0.0 0.8504713
true 0.0007599978681330036 727 6 3 1.6 2 0.1333049593821452 0.0 6.7775865
true 0.00011495792963400753 1813 6 3 1.6 3 0.1333049593821452 0.0 22.4684089
true 0.0003648769015325108 7014 6 3 1.6 4 0.1333049593821452 0.0 106.9491609
true 0.028341468983371296 138 6 4 1.6 1 0.1333049593821452 0.0 0.8347817
true 0.26285145693181655 689 6 4 1.6 2 0.1333049593821452 0.0 7.2626535
true 0.0009124075196702136 2513 6 4 1.6 3 0.1333049593821452 0.0 31.0193948
true 0.0008376019357989734 8319 6 4 1.6 4 0.1333049593821452 0.0 129.4080447
true 0.02782692168924015 169 6 5 1.6 1 0.1333049593821452 0.0 1.0270072
true 0.0006229476985443628 1785 6 5 1.6 2 0.1333049593821452 0.0 16.4619854
true 0.0006686625953831293 4274 6 5 1.6 3 0.1333049593821452 0.0 52.5918398
true 0.0005702819566756667 5244 6 5 1.6 4 0.1333049593821452 0.0 81.6833194
true 0.02318931254075977 176 6 6 1.6 1 0.1333049593821452 0.0 1.0597775
true 0.1669498881332219 906 6 6 1.6 2 0.1333049593821452 0.0 8.9621092
true 0.00010668482897279359 1169 6 6 1.6 3 0.1333049593821452 0.0 15.3830404
true 0.00046170591077513795 10732 6 6 1.6 4 0.1333049593821452 0.0 167.1227935
true 0.02910297748960472 97 6 1 1.61 1 0.13176420621645163 0.0 0.613422
true 0.0007918894768242368 736 6 1 1.61 2 0.13176420621645163 0.0 6.7961176
true 0.001359751358033845 759 6 1 1.61 3 0.13176420621645163 0.0 10.3321249
true 0.0006006276317183645 3009 6 1 1.61 4 0.13176420621645163 0.0 49.1632311
true 0.028853065883959 193 6 2 1.61 1 0.13176420621645163 0.0 1.1195909
true 0.0007296239576751185 1220 6 2 1.61 2 0.13176420621645163 0.0 10.9898921
true 0.0010106458394861517 3022 6 2 1.61 3 0.13176420621645163 0.0 36.3497979
true 0.0003515978678952092 4598 6 2 1.61 4 0.13176420621645163 0.0 69.8902337
true 0.02876980716576096 120 6 3 1.61 1 0.13176420621645163 0.0 0.6973886
true 0.0029558658499879154 691 6 3 1.61 2 0.13176420621645163 0.0 6.7244724
true 0.0008463126361231699 474 6 3 1.61 3 0.13176420621645163 0.0 7.4261239
true 9.829210775143722e-5 2038 6 3 1.61 4 0.13176420621645163 0.0 33.0851154
true 0.027935935019703206 140 6 4 1.61 1 0.13176420621645163 0.0 0.8827778
true 0.0006011692365649468 1446 6 4 1.61 2 0.13176420621645163 0.0 12.7790281
true 0.000515313744944984 5226 6 4 1.61 3 0.13176420621645163 0.0 64.9096302
true 0.0006023545155958293 4831 6 4 1.61 4 0.13176420621645163 0.0 77.8055731
true 0.027435898236749266 196 6 5 1.61 1 0.13176420621645163 0.0 1.233378
true 0.000608796977385595 1208 6 5 1.61 2 0.13176420621645163 0.0 11.183701
true 0.016844439539163612 849 6 5 1.61 3 0.13176420621645163 0.0 12.2158899
true 0.0007054319588452485 4151 6 5 1.61 4 0.13176420621645163 0.0 64.3972354
true 0.02286326155686642 306 6 6 1.61 1 0.13176420621645163 0.0 1.9963828
true 0.0005315739000007758 1986 6 6 1.61 2 0.13176420621645163 0.0 18.4544452
true 0.0005116819660115438 2619 6 6 1.61 3 0.13176420621645163 0.0 35.3865209
true 0.0007229780485098666 4442 6 6 1.61 4 0.13176420621645163 0.0 70.4254165
true 0.028674502545573077 106 6 1 1.62 1 0.1302523292320997 0.0 0.6885551
true 0.0007712572934134299 940 6 1 1.62 2 0.1302523292320997 0.0 8.5309244
true 0.028176652502785282 753 6 1 1.62 3 0.1302523292320997 0.0 10.7646921
true 0.0006489544000549685 2355 6 1 1.62 4 0.1302523292320997 0.0 38.6419225
true 0.028433075856239498 183 6 2 1.62 1 0.1302523292320997 0.0 1.0545005
true 0.0007135726094658068 844 6 2 1.62 2 0.1302523292320997 0.0 7.8766238
true 0.0004231780918189654 5033 6 2 1.62 3 0.1302523292320997 0.0 61.9680177
true 0.0003814001903175712 4359 6 2 1.62 4 0.1302523292320997 0.0 67.2788671
true 0.028352891498528692 124 6 3 1.62 1 0.1302523292320997 0.0 0.871334
true 0.0007207209721099931 596 6 3 1.62 2 0.1302523292320997 0.0 5.7727702
true 0.026058090286673902 2216 6 3 1.62 3 0.1302523292320997 0.0 27.2906411
true 0.00019611677393460702 4951 6 3 1.62 4 0.1302523292320997 0.0 76.3300165
true 0.02754051236450071 117 6 4 1.62 1 0.1302523292320997 0.0 0.7622171
true 0.0007198497431005341 457 6 4 1.62 2 0.1302523292320997 0.0 4.5523071
true 0.020044973037338765 4389 6 4 1.62 3 0.1302523292320997 0.0 55.1177981
true 0.0004839948226956631 3479 6 4 1.62 4 0.1302523292320997 0.0 55.044988
true 0.21558338818643014 136 6 5 1.62 1 0.1302523292320997 0.0 0.8925592
true 0.0005906371347818463 1483 6 5 1.62 2 0.1302523292320997 0.0 13.4292044
true 0.021915339919389886 2136 6 5 1.62 3 0.1302523292320997 0.0 27.7280627
true 0.0005304022481642856 4609 6 5 1.62 4 0.1302523292320997 0.0 71.2930694
true 0.17981401698347046 224 6 6 1.62 1 0.1302523292320997 0.0 1.425071
true 0.0005167787346373187 1710 6 6 1.62 2 0.1302523292320997 0.0 15.8281574
true 0.0006033271174861835 3168 6 6 1.62 3 0.1302523292320997 0.0 38.4834018
true 0.0005589639970515666 2738 6 6 1.62 4 0.1302523292320997 0.0 44.5086033
true 0.028255485522903245 85 6 1 1.63 1 0.1287685875130133 0.0 0.5235925
true 0.02772517550571768 495 6 1 1.63 2 0.1287685875130133 0.0 5.1145457
true 0.0007469514191520976 1079 6 1 1.63 3 0.1287685875130133 0.0 13.6996155
true 0.0007414789878147365 1949 6 1 1.63 4 0.1287685875130133 0.0 32.1298988
true 0.028022778037575163 179 6 2 1.63 1 0.1287685875130133 0.0 1.0409605
true 0.0006928814633010705 1448 6 2 1.63 2 0.1287685875130133 0.0 12.8236929
true 0.0008443338757750385 1892 6 2 1.63 3 0.1287685875130133 0.0 23.4301507
true 0.00020599633820042595 7610 6 2 1.63 4 0.1287685875130133 0.0 115.4293997
true 0.027945046391250245 110 6 3 1.63 1 0.1287685875130133 0.0 0.6748751
true 0.0007007280399419965 1074 6 3 1.63 2 0.1287685875130133 0.0 9.6063477
true 0.0003183733599552707 2099 6 3 1.63 3 0.1287685875130133 0.0 25.7441282
true 0.0005952062743723915 5509 6 3 1.63 4 0.1287685875130133 0.0 86.3078954
true 0.027153336417641102 130 6 4 1.63 1 0.1287685875130133 0.0 0.8315567
true 0.0005666466971675777 894 6 4 1.63 2 0.1287685875130133 0.0 8.2865581
true 0.00033410886925017147 2910 6 4 1.63 3 0.1287685875130133 0.0 36.4176617
true 0.000407218400399173 10591 6 4 1.63 4 0.1287685875130133 0.0 161.7435366
true 0.2153764329868714 216 6 5 1.63 1 0.1287685875130133 0.0 1.4478131
true 0.0005867381529208182 318 6 5 1.63 2 0.1287685875130133 0.0 3.7536743
true 0.00025428947701532366 7819 6 5 1.63 3 0.1287685875130133 0.0 99.7946717
true 0.0005274664988899836 4228 6 5 1.63 4 0.1287685875130133 0.0 66.7518468
true 0.17948032181982973 132 6 6 1.63 1 0.1287685875130133 0.0 0.9123608
true 0.0018387484932372855 1173 6 6 1.63 2 0.1287685875130133 0.0 11.6929138
true 0.0001263051878515331 4085 6 6 1.63 3 0.1287685875130133 0.0 51.2643812
true 0.00042328389852987663 3959 6 6 1.63 4 0.1287685875130133 0.0 64.0930908
true 0.027846286769710182 98 6 1 1.64 1 0.12731226341949994 0.0 0.6079205
true 0.000728901239724189 1017 6 1 1.64 2 0.12731226341949994 0.0 9.1550113
true 0.0005776323703315378 1057 6 1 1.64 3 0.12731226341949994 0.0 14.5710593
true 0.0005821229298659802 1727 6 1 1.64 4 0.12731226341949994 0.0 30.8367125
true 0.027622079768341273 106 6 2 1.64 1 0.12731226341949994 0.0 0.7034894
true 0.026112951370539456 407 6 2 1.64 2 0.12731226341949994 0.0 4.1168832
true 0.00093495854784309 2900 6 2 1.64 3 0.12731226341949994 0.0 35.178065
true 0.00030062034741645816 5107 6 2 1.64 4 0.12731226341949994 0.0 79.3870551
true 0.027546086593615553 120 6 3 1.64 1 0.12731226341949994 0.0 0.7000632
true 0.0006822112839215966 996 6 3 1.64 2 0.12731226341949994 0.0 9.4748339
true 0.00012029009930573469 3035 6 3 1.64 3 0.12731226341949994 0.0 38.5727321
true 7.183806547015707e-5 6377 6 3 1.64 4 0.12731226341949994 0.0 99.0072505
true 0.02677442235971339 242 6 4 1.64 1 0.12731226341949994 0.0 1.5300707
true 0.0005588367129790439 1499 6 4 1.64 2 0.12731226341949994 0.0 13.7572056
true 0.0002503295229152741 3594 6 4 1.64 3 0.12731226341949994 0.0 44.4275858
true 0.0001171031663353278 7900 6 4 1.64 4 0.12731226341949994 0.0 120.4150496
true 0.026312846059662963 116 6 5 1.64 1 0.12731226341949994 0.0 0.6821676
true 0.0005642516693636357 1345 6 5 1.64 2 0.12731226341949994 0.0 12.5469501
true 0.02145745909006349 1124 6 5 1.64 3 0.12731226341949994 0.0 15.8155555
true 0.0005015516130782549 3682 6 5 1.64 4 0.12731226341949994 0.0 58.2738446
true 0.17946167998728665 174 6 6 1.64 1 0.12731226341949994 0.0 1.1092271
true 0.000489721758445999 1082 6 6 1.64 2 0.12731226341949994 0.0 10.3150501
true 0.00019351092746097698 2886 6 6 1.64 3 0.12731226341949994 0.0 34.7671263
true 0.000337784759357825 6957 6 6 1.64 4 0.12731226341949994 0.0 107.376807
true 0.027445830048729802 106 6 1 1.65 1 0.125882661774852 0.0 0.6847631
true 0.0007094974673721444 279 6 1 1.65 2 0.125882661774852 0.0 2.9514757
true 0.00024389795127643943 1648 6 1 1.65 3 0.125882661774852 0.0 20.8730358
true 0.0005525602021229647 1917 6 1 1.65 4 0.125882661774852 0.0 30.5256645
true 0.027228302352976713 123 6 2 1.65 1 0.125882661774852 0.0 0.7508078
true 0.0006559497427742755 1287 6 2 1.65 2 0.125882661774852 0.0 12.0518523
true 0.025814332466087275 840 6 2 1.65 3 0.125882661774852 0.0 12.3898854
true 0.0017370300633302582 6865 6 2 1.65 4 0.125882661774852 0.0 107.5380993
true 0.027155749431393855 128 6 3 1.65 1 0.125882661774852 0.0 0.7858138
true 0.0006644083731081792 924 6 3 1.65 2 0.125882661774852 0.0 8.4245173
true 0.00013101921869903185 2837 6 3 1.65 3 0.125882661774852 0.0 34.2388019
true 0.0004589315780931062 5366 6 3 1.65 4 0.125882661774852 0.0 82.2160401
true 0.02640395317979867 143 6 4 1.65 1 0.125882661774852 0.0 0.9141288
true 0.0005389853361137259 2451 6 4 1.65 2 0.125882661774852 0.0 22.0480075
true 0.019783171090074783 830 6 4 1.65 3 0.125882661774852 0.0 12.0390424
true 0.0006921059343135 10327 6 4 1.65 4 0.125882661774852 0.0 164.0216324
true 0.025953136453562897 167 6 5 1.65 1 0.125882661774852 0.0 1.025615
true 0.0005568769608970236 1582 6 5 1.65 2 0.125882661774852 0.0 14.6182309
true 0.00025514031210502883 3606 6 5 1.65 3 0.125882661774852 0.0 44.9253676
true 8.607404922773565e-5 8832 6 5 1.65 4 0.125882661774852 0.0 137.5857226
true 0.179146260908199 187 6 6 1.65 1 0.125882661774852 0.0 1.1302251
true 0.004476116893110542 975 6 6 1.65 2 0.125882661774852 0.0 9.404895
true 0.16673641417559762 2605 6 6 1.65 3 0.125882661774852 0.0 32.6344527
true 0.000840139408506894 4461 6 6 1.65 4 0.125882661774852 0.0 69.7363348
true 0.02705478685616236 103 6 1 1.66 1 0.12447910907986316 0.0 0.6417465
true 0.0006907695141030179 1407 6 1 1.66 2 0.12447910907986316 0.0 12.4661122
true 0.0010820186360465667 2374 6 1 1.66 3 0.12447910907986316 0.0 29.736535
true 0.000360117372049773 3768 6 1 1.66 4 0.12447910907986316 0.0 58.5048742
true 0.1754554362178593 129 6 2 1.66 1 0.12447910907986316 0.0 0.7899351
true 0.047016806553323215 284 6 2 1.66 2 0.12447910907986316 0.0 3.1817963
true 0.0008760663058860474 1957 6 2 1.66 3 0.12447910907986316 0.0 24.0823239
true 0.01314848030396365 5160 6 2 1.66 4 0.12447910907986316 0.0 80.7974793
true 0.0267742130088298 124 6 3 1.66 1 0.12447910907986316 0.0 0.8256742
true 0.0006472712503265976 745 6 3 1.66 2 0.12447910907986316 0.0 6.7528094
true 0.00010241455140574951 1923 6 3 1.66 3 0.12447910907986316 0.0 24.3932421
true 0.00043926933855540734 3876 6 3 1.66 4 0.12447910907986316 0.0 60.8569788
true 0.026041448154334276 150 6 4 1.66 1 0.12447910907986316 0.0 0.9623582
true 0.0005347433794935796 2376 6 4 1.66 2 0.12447910907986316 0.0 21.132023
true 0.00036472539200535503 7494 6 4 1.66 3 0.12447910907986316 0.0 91.4933301
true 0.0006270850105118131 5119 6 4 1.66 4 0.12447910907986316 0.0 79.320421
true 0.025603493846509506 147 6 5 1.66 1 0.12447910907986316 0.0 0.9480255
true 0.0006108830773030704 999 6 5 1.66 2 0.12447910907986316 0.0 9.4123427
true 0.0006183199661366379 4451 6 5 1.66 3 0.12447910907986316 0.0 57.2077127
true 0.00047651592691327904 5160 6 5 1.66 4 0.12447910907986316 0.0 81.679153
true 0.02133457274709154 170 6 6 1.66 1 0.12447910907986316 0.0 1.0662754
true 0.0004818708281947766 1159 6 6 1.66 2 0.12447910907986316 0.0 10.837229
true 0.00028651586822921643 3883 6 6 1.66 3 0.12447910907986316 0.0 48.5943886
true 0.00044885213579923255 2372 6 6 1.66 4 0.12447910907986316 0.0 38.7875377
true 0.026672061942055236 150 6 1 1.67 1 0.12310095275454412 0.0 0.8393222
true 0.0006731970215501648 1369 6 1 1.67 2 0.12310095275454412 0.0 12.0540393
true 1.2266655895876166e-5 3741 6 1 1.67 3 0.12310095275454412 0.0 44.3752644
true 0.0006957335990425695 1861 6 1 1.67 4 0.12310095275454412 0.0 30.7265631
true 0.026468624493035164 122 6 2 1.67 1 0.12310095275454412 0.0 0.6998005
true 0.0006227998745687024 802 6 2 1.67 2 0.12310095275454412 0.0 7.3882916
true 0.02399102890316876 1293 6 2 1.67 3 0.12310095275454412 0.0 16.7941537
true 0.0003594898444070349 2732 6 2 1.67 4 0.12310095275454412 0.0 44.9489674
true 0.026400847965489287 124 6 3 1.67 1 0.12310095275454412 0.0 0.7823879
true 0.0006300683293429624 667 6 3 1.67 2 0.12310095275454412 0.0 6.0789616
true 0.0002592291847714108 2078 6 3 1.67 3 0.12310095275454412 0.0 27.0536692
true 0.000638154907397955 4944 6 3 1.67 4 0.12310095275454412 0.0 76.9616993
true 0.025686632599833767 193 6 4 1.67 1 0.12310095275454412 0.0 1.1567808
true 0.0005145998698367904 2230 6 4 1.67 2 0.12310095275454412 0.0 19.8675813
true 0.00010115532136310834 3089 6 4 1.67 3 0.12310095275454412 0.0 37.9027332
true 0.0009888024861599565 5438 6 4 1.67 4 0.12310095275454412 0.0 89.0005901
true 0.025257526113957797 188 6 5 1.67 1 0.12310095275454412 0.0 1.0885477
true 0.0005175020873649294 2073 6 5 1.67 2 0.12310095275454412 0.0 18.966462
true 0.0002490266794008433 3866 6 5 1.67 3 0.12310095275454412 0.0 47.7140508
true 0.0004937542589180776 6495 6 5 1.67 4 0.12310095275454412 0.0 101.7534381
true 0.021048468113051454 189 6 6 1.67 1 0.12310095275454412 0.0 1.2232843
true 0.0006584329359163218 621 6 6 1.67 2 0.12310095275454412 0.0 6.0174244
true 0.012561008167236312 1410 6 6 1.67 3 0.12310095275454412 0.0 18.9457969
true 0.0005206774542383755 3538 6 6 1.67 4 0.12310095275454412 0.0 56.2841399
true 0.026297561394725277 94 6 1 1.68 1 0.12174756040643517 0.0 0.603936
true 0.0258536452783944 488 6 1 1.68 2 0.12174756040643517 0.0 5.0210757
true 0.0005564715445466328 2968 6 1 1.68 3 0.12174756040643517 0.0 37.6290226
true 0.00048155876055927527 1316 6 1 1.68 4 0.12174756040643517 0.0 23.8609967
true 0.026100901028535656 157 6 2 1.68 1 0.12174756040643517 0.0 0.8992
true 0.000606613496193259 680 6 2 1.68 2 0.12174756040643517 0.0 6.3736793
true 0.0003821386930541737 1735 6 2 1.68 3 0.12174756040643517 0.0 21.1768709
true 0.00034014281943864355 1578 6 2 1.68 4 0.12174756040643517 0.0 26.2134399
true 0.026035439661669657 167 6 3 1.68 1 0.12174756040643517 0.0 1.0181742
true 0.000615026600405022 1091 6 3 1.68 2 0.12174756040643517 0.0 9.6636401
true 9.488788862251536e-5 2675 6 3 1.68 3 0.12174756040643517 0.0 33.3934919
true 0.0005553186732598081 6001 6 3 1.68 4 0.12174756040643517 0.0 90.3048302
true 0.025338777948579347 212 6 4 1.68 1 0.12174756040643517 0.0 1.3397101
true 0.0025024736528290736 653 6 4 1.68 2 0.12174756040643517 0.0 6.3494351
true 0.0001847858859599233 4752 6 4 1.68 3 0.12174756040643517 0.0 57.7000205
true 0.0008439809134825754 4258 6 4 1.68 4 0.12174756040643517 0.0 65.8072061
true 0.024920730006728054 143 6 5 1.68 1 0.12174756040643517 0.0 0.9302571
true 0.0004946693341328689 971 6 5 1.68 2 0.12174756040643517 0.0 9.3668277
true 0.00020718259114785865 5185 6 5 1.68 3 0.12174756040643517 0.0 64.4215468
true 0.0002362258380335769 11162 6 5 1.68 4 0.12174756040643517 0.0 172.732817
true 0.020767397392635334 201 6 6 1.68 1 0.12174756040643517 0.0 1.2018484
true 0.00044236633118126717 2365 6 6 1.68 2 0.12174756040643517 0.0 21.6754519
true 0.012695060188792953 3057 6 6 1.68 3 0.12174756040643517 0.0 38.5110293
true 0.0004782640571260784 5003 6 6 1.68 4 0.12174756040643517 0.0 77.3155146
true 0.02593129773500291 155 6 1 1.69 1 0.12041831912479119 0.0 0.8632879
true 0.0006378432599633554 953 6 1 1.69 2 0.12041831912479119 0.0 8.6041976
true 0.00028037709249484344 2428 6 1 1.69 3 0.12041831912479119 0.0 29.9322534
true 0.00011673456628186196 2715 6 1 1.69 4 0.12041831912479119 0.0 42.5451577
true 0.0257412601344138 115 6 2 1.69 1 0.12041831912479119 0.0 0.6509966
true 0.0005959453018759275 906 6 2 1.69 2 0.12041831912479119 0.0 8.2566409
true 0.0005972773275303156 2694 6 2 1.69 3 0.12041831912479119 0.0 33.4867504
true 0.0003122016125083338 3923 6 2 1.69 4 0.12041831912479119 0.0 59.8624251
true 0.025678049923330542 132 6 3 1.69 1 0.12041831912479119 0.0 0.8518113
true 0.0005985319852613672 890 6 3 1.69 2 0.12041831912479119 0.0 7.9118276
true 0.02486893811389566 675 6 3 1.69 3 0.12041831912479119 0.0 10.5689663
true 0.0006357535827472375 4642 6 3 1.69 4 0.12041831912479119 0.0 73.0099533
true 0.2622232433496282 177 6 4 1.69 1 0.12041831912479119 0.0 1.1397819
true 0.037111521499317845 716 6 4 1.69 2 0.12041831912479119 0.0 6.6868126
true 0.018693870442757235 3568 6 4 1.69 3 0.12041831912479119 0.0 43.2303811
true 0.0006351976871702969 7499 6 4 1.69 4 0.12041831912479119 0.0 112.7654552
true 0.02459077171915942 251 6 5 1.69 1 0.12041831912479119 0.0 1.5567924
true 0.0004934955181817747 1732 6 5 1.69 2 0.12041831912479119 0.0 15.8819315
true 0.019960101409645957 803 6 5 1.69 3 0.12041831912479119 0.0 11.1914255
true 0.00070959152500365 3439 6 5 1.69 4 0.12041831912479119 0.0 52.813772
true 0.17851555409935468 213 6 6 1.69 1 0.12041831912479119 0.0 1.2747657
true 0.0004311302709337217 1881 6 6 1.69 2 0.12041831912479119 0.0 16.8542549
true 7.204311731198731e-5 3474 6 6 1.69 3 0.12041831912479119 0.0 43.5676371
true 0.0008722278083403331 6717 6 6 1.69 4 0.12041831912479119 0.0 104.623996
true 0.025573168804536472 107 6 1 1.7 1 0.11911263479990587 0.0 0.6217648
true 0.0006246264789662725 494 6 1 1.7 2 0.11911263479990587 0.0 4.7353418
true 0.001090934073496641 957 6 1 1.7 3 0.11911263479990587 0.0 12.2799501
true 0.0005561455551073013 1747 6 1 1.7 4 0.11911263479990587 0.0 28.8887301
true 0.025389303713957756 114 6 2 1.7 1 0.11911263479990587 0.0 0.6792825
true 0.0005764386701005986 555 6 2 1.7 2 0.11911263479990587 0.0 5.0285686
true 0.00027100614888650454 6099 6 2 1.7 3 0.11911263479990587 0.0 72.8034913
true 0.00023929382860315984 3163 6 2 1.7 4 0.11911263479990587 0.0 51.3186552
true 0.02532799621622772 125 6 3 1.7 1 0.11911263479990587 0.0 0.8532561
true 0.0005841888192176051 1495 6 3 1.7 2 0.11911263479990587 0.0 13.6891903
true 0.0001911031461127958 5430 6 3 1.7 3 0.11911263479990587 0.0 67.7010148
true 0.0005566053858684361 5300 6 3 1.7 4 0.11911263479990587 0.0 80.0087362
true 0.024665220121283637 133 6 4 1.7 1 0.11911263479990587 0.0 0.7678254
true 0.00046453224585193964 373 6 4 1.7 2 0.11911263479990587 0.0 3.881003
true 0.0006140162119271375 2373 6 4 1.7 3 0.11911263479990587 0.0 29.9124152
true 0.0005228277962853467 4122 6 4 1.7 4 0.11911263479990587 0.0 64.4515114
true 0.024267645145283855 186 6 5 1.7 1 0.11911263479990587 0.0 1.1437436
true 0.0004882573605866747 1507 6 5 1.7 2 0.11911263479990587 0.0 13.2300144
true 0.00048705104760905505 2594 6 5 1.7 3 0.11911263479990587 0.0 31.2862876
true 0.006261871401382868 2219 6 5 1.7 4 0.11911263479990587 0.0 35.6976482
true 0.17848823633770594 177 6 6 1.7 1 0.11911263479990587 0.0 1.1174653
true 0.029981392528357836 1048 6 6 1.7 2 0.11911263479990587 0.0 10.1188009
true 0.00010165419290940798 2674 6 6 1.7 3 0.11911263479990587 0.0 32.9999079
true 0.00023265266366048754 8480 6 6 1.7 4 0.11911263479990587 0.0 130.0249747
true 0.02522232513223993 102 6 1 1.71 1 0.11782993146688864 0.0 0.6799912
true 0.0006054381405050657 764 6 1 1.71 2 0.11782993146688864 0.0 6.8426683
true 0.00015901543557689246 1612 6 1 1.71 3 0.11782993146688864 0.0 18.9805752
true 0.0002419549957030087 2571 6 1 1.71 4 0.11782993146688864 0.0 40.316247
true 0.025044770194632 229 6 2 1.71 1 0.11782993146688864 0.0 1.3366086
true 0.023648789924055252 627 6 2 1.71 2 0.11782993146688864 0.0 6.0004001
true 0.0007223668751097923 7552 6 2 1.71 3 0.11782993146688864 0.0 90.2384663
true 0.000352966364601609 5088 6 2 1.71 4 0.11782993146688864 0.0 77.8709475
true 0.024985765336871118 136 6 3 1.71 1 0.11782993146688864 0.0 0.8860567
true 0.0005686809590140599 1192 6 3 1.71 2 0.11782993146688864 0.0 10.6439996
true 0.024184643723285253 1163 6 3 1.71 3 0.11782993146688864 0.0 15.4811259
true 0.009083240335432638 2680 6 3 1.71 4 0.11782993146688864 0.0 42.2975057
true 0.024338822376884617 167 6 4 1.71 1 0.11782993146688864 0.0 0.9221112
true 0.00046298691768577316 1184 6 4 1.71 2 0.11782993146688864 0.0 10.3664364
true 0.00012293360104126405 1958 6 4 1.71 3 0.11782993146688864 0.0 24.8612584
true 6.546647947770767e-5 2799 6 4 1.71 4 0.11782993146688864 0.0 44.4517008
true 0.023950654904600945 130 6 5 1.71 1 0.11782993146688864 0.0 0.8158881
true 0.004444432516266051 1043 6 5 1.71 2 0.11782993146688864 0.0 9.8232552
true 7.314983058255286e-5 3490 6 5 1.71 3 0.11782993146688864 0.0 43.0403318
true 0.00012961825664843386 8416 6 5 1.71 4 0.11782993146688864 0.0 128.2156626
true 0.019959680313234567 153 6 6 1.71 1 0.11782993146688864 0.0 0.9722611
true 0.00041061228601064575 1993 6 6 1.71 2 0.11782993146688864 0.0 18.1399668
true 0.00044593292174568977 4466 6 6 1.71 3 0.11782993146688864 0.0 55.4539342
true 0.0005017281869363991 3572 6 6 1.71 4 0.11782993146688864 0.0 55.4481612
true 0.024879215542388644 108 6 1 1.72 1 0.11656965067313527 0.0 0.6495439
true 0.0005898939222360178 497 6 1 1.72 2 0.11656965067313527 0.0 4.8046543
true 0.0009436358452408755 1403 6 1 1.72 3 0.11656965067313527 0.0 17.6020441
true 0.0005598004110571875 2221 6 1 1.72 4 0.11656965067313527 0.0 36.2117155
true 0.024707217356416233 171 6 2 1.72 1 0.11656965067313527 0.0 1.0095372
true 0.0005481703557158879 464 6 2 1.72 2 0.11656965067313527 0.0 4.324426
true 0.0005020969252063079 2970 6 2 1.72 3 0.11656965067313527 0.0 35.102958
true 0.00044216635375493585 2980 6 2 1.72 4 0.11656965067313527 0.0 45.0683211
true 0.024650332523291962 269 6 3 1.72 1 0.11656965067313527 0.0 1.6207187
true 0.0005541325767632702 1600 6 3 1.72 2 0.11656965067313527 0.0 14.0705954
true 0.028623520609073323 2818 6 3 1.72 3 0.11656965067313527 0.0 35.1508723
true 0.0005061389989461929 4009 6 3 1.72 4 0.11656965067313527 0.0 63.4147447
true 0.02401992430932212 137 6 4 1.72 1 0.11656965067313527 0.0 0.8082938
true 0.0004559341613063206 1288 6 4 1.72 2 0.11656965067313527 0.0 11.6190052
true 8.64658524974693e-5 3603 6 4 1.72 3 0.11656965067313527 0.0 43.4789407
true 0.0002929879759623194 8215 6 4 1.72 4 0.11656965067313527 0.0 123.846361
true 0.023640575235594395 153 6 5 1.72 1 0.11656965067313527 0.0 0.9385827
true 0.0004612994153376015 1448 6 5 1.72 2 0.11656965067313527 0.0 12.8553499
true 0.00010499038940346983 3626 6 5 1.72 3 0.11656965067313527 0.0 43.6633718
true 0.000927042345388851 1542 6 5 1.72 4 0.11656965067313527 0.0 27.111347
true 0.1781890209911109 116 6 6 1.72 1 0.11656965067313527 0.0 0.7175646
true 0.029566101300326747 1466 6 6 1.72 2 0.11656965067313527 0.0 13.8618443
true 8.652211880795975e-5 3483 6 6 1.72 3 0.11656965067313527 0.0 42.4559163
true 0.00035143483208541215 5492 6 6 1.72 4 0.11656965067313527 0.0 85.3644919
true 0.02454306561338576 128 6 1 1.73 1 0.11533125086878497 0.0 0.7448555
true 0.024173574063050984 814 6 1 1.73 2 0.11533125086878497 0.0 7.4118717
true 7.498554277629577e-5 961 6 1 1.73 3 0.11533125086878497 0.0 12.5181514
true 0.00043509374954303626 2705 6 1 1.73 4 0.11533125086878497 0.0 42.9633978
true 0.024376735755611723 132 6 2 1.73 1 0.11533125086878497 0.0 0.7331723
true 0.0005340155674912195 921 6 2 1.73 2 0.11533125086878497 0.0 8.1678824
true 6.012584418640943e-5 3705 6 2 1.73 3 0.11533125086878497 0.0 46.2039879
true 0.00035096416107630035 5198 6 2 1.73 4 0.11533125086878497 0.0 79.6531077
true 0.024321587179109316 145 6 3 1.73 1 0.11533125086878497 0.0 0.8837236
true 0.0005412965212036047 682 6 3 1.73 2 0.11533125086878497 0.0 6.3222741
true 0.0003997987642412511 5585 6 3 1.73 3 0.11533125086878497 0.0 67.1903048
true 0.008864115964803779 3175 6 3 1.73 4 0.11533125086878497 0.0 50.6564313
true 0.26160034224493484 146 6 4 1.73 1 0.11533125086878497 0.0 0.8896983
true 0.00044934136050374385 2461 6 4 1.73 2 0.11533125086878497 0.0 21.8866545
true 0.0006425728232805072 5270 6 4 1.73 3 0.11533125086878497 0.0 64.4708118
true 0.0001302372770232707 1915 6 4 1.73 4 0.11533125086878497 0.0 30.7340021
true 0.023336396073898636 248 6 5 1.73 1 0.11533125086878497 0.0 1.542188
true 0.20026395178698034 1374 6 5 1.73 2 0.11533125086878497 0.0 12.0442626
true 0.018864980268804222 1500 6 5 1.73 3 0.11533125086878497 0.0 19.5896226
true 0.000591242271925585 6086 6 5 1.73 4 0.11533125086878497 0.0 94.2730751
true 0.17804353989679297 139 6 6 1.73 1 0.11533125086878497 0.0 0.989271
true 0.0003966260103808091 1110 6 6 1.73 2 0.11533125086878497 0.0 10.2534133
true 0.007959256529437483 2154 6 6 1.73 3 0.11533125086878497 0.0 26.8625438
true 0.00036866739371017404 4654 6 6 1.73 4 0.11533125086878497 0.0 72.0438549
true 0.024214155455293762 147 6 1 1.74 1 0.11411420681941019 0.0 0.8921587
true 0.0005614075899238458 1141 6 1 1.74 2 0.11411420681941019 0.0 10.1309639
true 4.1012593989531165e-5 2071 6 1 1.74 3 0.11411420681941019 0.0 26.1095064
true 0.000503036490667963 3477 6 1 1.74 4 0.11411420681941019 0.0 52.1023836
true 0.02405312072088897 124 6 2 1.74 1 0.11411420681941019 0.0 0.6934536
true 0.0005209263599698921 824 6 2 1.74 2 0.11411420681941019 0.0 7.2643613
true 9.04950671760385e-5 4122 6 2 1.74 3 0.11411420681941019 0.0 51.4494593
true 4.649363435979548e-5 6756 6 2 1.74 4 0.11411420681941019 0.0 102.1692742
true 0.02399958084553111 118 6 3 1.74 1 0.11411420681941019 0.0 0.7315039
true 0.0005279693192948484 904 6 3 1.74 2 0.11411420681941019 0.0 7.9705414
true 0.000549672512866158 2691 6 3 1.74 3 0.11411420681941019 0.0 32.528365
true 0.000600619883921627 4962 6 3 1.74 4 0.11411420681941019 0.0 75.2833165
true 0.26129133706891267 120 6 4 1.74 1 0.11411420681941019 0.0 0.704857
true 0.000430648746522419 1432 6 4 1.74 2 0.11411420681941019 0.0 13.2019966
true 7.02269321906368e-5 3148 6 4 1.74 3 0.11411420681941019 0.0 38.3293638
true 0.0004320015449632564 3622 6 4 1.74 4 0.11411420681941019 0.0 55.1665447
true 0.2133525619698541 182 6 5 1.74 1 0.11411420681941019 0.0 1.0852455
true 0.0004471120502741566 1170 6 5 1.74 2 0.11411420681941019 0.0 10.3574869
true 0.00014332898710351928 6502 6 5 1.74 3 0.11411420681941019 0.0 78.4135369
true 0.00042963547453349625 4639 6 5 1.74 4 0.11411420681941019 0.0 72.7914438
true 0.17790096945223957 121 6 6 1.74 1 0.11411420681941019 0.0 0.7939538
true 0.00038535402556690485 1815 6 6 1.74 2 0.11411420681941019 0.0 16.2611943
true 0.0002257534183738863 5223 6 6 1.74 3 0.11411420681941019 0.0 64.7891807
true 0.0002833291576935885 2373 6 6 1.74 4 0.11411420681941019 0.0 37.0830197
true 0.023892069422370876 107 6 1 1.75 1 0.11291800904022412 0.0 0.6357834
true 0.02350396400703403 462 6 1 1.75 2 0.11291800904022412 0.0 4.300181
true 9.646843011579254e-6 2565 6 1 1.75 3 0.11291800904022412 0.0 31.0132866
true 0.0004476417847767977 2520 6 1 1.75 4 0.11291800904022412 0.0 38.6549769
true 0.023736293571833683 115 6 2 1.75 1 0.11291800904022412 0.0 0.7197827
true 0.02249417102609158 675 6 2 1.75 2 0.11291800904022412 0.0 6.3769143
true 0.0007368978994983788 3035 6 2 1.75 3 0.11291800904022412 0.0 35.2671383
true 0.0006355937241452614 8976 6 2 1.75 4 0.11291800904022412 0.0 137.467391
true 0.023684082640030375 138 6 3 1.75 1 0.11291800904022412 0.0 0.8816753
true 0.03560927941003228 532 6 3 1.75 2 0.11291800904022412 0.0 5.2619973
true 0.00035303901631800194 3038 6 3 1.75 3 0.11291800904022412 0.0 36.1226147
true 0.00044382396832816823 4733 6 3 1.75 4 0.11291800904022412 0.0 71.5970746
true 0.02309747632529234 161 6 4 1.75 1 0.11291800904022412 0.0 0.9867306
true 0.03730802367971238 301 6 4 1.75 2 0.11291800904022412 0.0 3.3968094
true 6.672541407713728e-5 1467 6 4 1.75 3 0.11291800904022412 0.0 19.0306446
true 0.0004454834402271707 7290 6 4 1.75 4 0.11291800904022412 0.0 110.6918812
true 0.02274543234534442 143 6 5 1.75 1 0.11291800904022412 0.0 0.9027384
true 0.00042827310669508735 1491 6 5 1.75 2 0.11291800904022412 0.0 13.1190013
true 7.54617121857426e-5 7708 6 5 1.75 3 0.11291800904022412 0.0 95.3530737
true 0.0006096253417317232 2527 6 5 1.75 4 0.11291800904022412 0.0 40.1930246
true 0.1777612574311707 191 6 6 1.75 1 0.11291800904022412 0.0 1.2162105
true 0.0003771968674998183 2464 6 6 1.75 2 0.11291800904022412 0.0 22.4900056
true 0.00010956446027649003 3962 6 6 1.75 3 0.11291800904022412 0.0 46.6508265
true 0.0003599275631795684 2821 6 6 1.75 4 0.11291800904022412 0.0 45.6657947
true 0.023576631440171858 101 6 1 1.76 1 0.1117421632510926 0.0 0.6829366
true 0.0005325433011008074 824 6 1 1.76 2 0.1117421632510926 0.0 7.7493581
true 0.0001534539499403187 2071 6 1 1.76 3 0.1117421632510926 0.0 25.9372838
true 0.00045281368972271974 4485 6 1 1.76 4 0.1117421632510926 0.0 67.1332896
true 0.023425667392827948 106 6 2 1.76 1 0.1117421632510926 0.0 0.6669042
true 0.0004959221555181914 625 6 2 1.76 2 0.1117421632510926 0.0 5.7049237
true 0.0001317947171671774 2251 6 2 1.76 3 0.1117421632510926 0.0 27.2035398
true 0.0002201991144588078 10862 6 2 1.76 4 0.1117421632510926 0.0 164.9883536
true 0.34119241669771405 142 6 3 1.76 1 0.1117421632510926 0.0 0.835542
true 0.00050137424025302 996 6 3 1.76 2 0.1117421632510926 0.0 8.9501964
true 5.6546085824356794e-5 4928 6 3 1.76 3 0.1117421632510926 0.0 59.1309128
true 0.0005874037662202033 2842 6 3 1.76 4 0.1117421632510926 0.0 45.6650357
true 0.26116562386929576 126 6 4 1.76 1 0.1117421632510926 0.0 0.7888186
true 0.0004111290441096427 2562 6 4 1.76 2 0.1117421632510926 0.0 22.4579138
true 0.0015349335582323098 1920 6 4 1.76 3 0.1117421632510926 0.0 24.5534316
true 0.0006372404811732096 7622 6 4 1.76 4 0.1117421632510926 0.0 121.9303571
true 0.02245877464161129 142 6 5 1.76 1 0.1117421632510926 0.0 0.8724073
true 0.0004137552286198054 1318 6 5 1.76 2 0.1117421632510926 0.0 12.0597564
true 0.2087133058742264 1247 6 5 1.76 3 0.1117421632510926 0.0 16.3176065
true 0.0004964409274376025 3985 6 5 1.76 4 0.1117421632510926 0.0 62.0912435
true 0.018715712306495335 240 6 6 1.76 1 0.1117421632510926 0.0 1.4401961
true 0.00037599036488723353 1506 6 6 1.76 2 0.1117421632510926 0.0 13.5916687
true 9.84444893166551e-5 7135 6 6 1.76 3 0.1117421632510926 0.0 88.4304572
true 0.00013763612748701748 7849 6 6 1.76 4 0.1117421632510926 0.0 124.0639207
true 0.023267306838617108 150 6 1 1.77 1 0.11058618985163844 0.0 0.8990094
true 0.02293860151925675 441 6 1 1.77 2 0.11058618985163844 0.0 4.3256269
true 1.5560940036019044e-5 1325 6 1 1.77 3 0.11058618985163844 0.0 16.8470697
true 0.0001869486556198563 6316 6 1 1.77 4 0.11058618985163844 0.0 93.2097515
true 0.023121319694221737 119 6 2 1.77 1 0.11058618985163844 0.0 0.7416911
true 0.00048385869529873893 1972 6 2 1.77 2 0.11058618985163844 0.0 17.3391511
true 0.00019827901067520637 3856 6 2 1.77 3 0.11058618985163844 0.0 45.4435624
true 0.0004870200876892772 6441 6 2 1.77 4 0.11058618985163844 0.0 98.8300798
true 0.023072700877468304 133 6 3 1.77 1 0.11058618985163844 0.0 0.8436048
true 0.0004919896888687473 689 6 3 1.77 2 0.11058618985163844 0.0 6.212929
true 0.00030816037189201895 5435 6 3 1.77 3 0.11058618985163844 0.0 64.6427663
true 0.0004016756707717062 5382 6 3 1.77 4 0.11058618985163844 0.0 82.6555559
true 0.02251344180523289 158 6 4 1.77 1 0.11058618985163844 0.0 0.9845118
true 0.0004932073292467365 1670 6 4 1.77 2 0.11058618985163844 0.0 15.3985852
true 0.00012703527563645567 1466 6 4 1.77 3 0.11058618985163844 0.0 18.5669082
true 0.0006994034871011245 2442 6 4 1.77 4 0.11058618985163844 0.0 38.6260532
true 0.0221777445842675 186 6 5 1.77 1 0.11058618985163844 0.0 1.1494094
true 0.03307101009323841 1065 6 5 1.77 2 0.11058618985163844 0.0 10.2211196
true 0.00011449129502751897 1471 6 5 1.77 3 0.11058618985163844 0.0 19.133719
true 0.0005724883588342 3477 6 5 1.77 4 0.11058618985163844 0.0 53.2398809
true 0.17749009907380073 307 6 6 1.77 1 0.11058618985163844 0.0 1.8703438
true 0.00036419185411758664 2777 6 6 1.77 2 0.11058618985163844 0.0 24.7407941
true 0.014880824999871154 1934 6 6 1.77 3 0.11058618985163844 0.0 24.9618285
true 0.0003266213064380223 6775 6 6 1.77 4 0.11058618985163844 0.0 106.3056364
true 0.02296484834196233 121 6 1 1.78 1 0.10944962341575272 0.0 0.7818826
true 0.022643339208784863 515 6 1 1.78 2 0.10944962341575272 0.0 5.1618088
true 0.0005039169714770031 2555 6 1 1.78 3 0.10944962341575272 0.0 32.5189423
true 0.0006489609789861461 4170 6 1 1.78 4 0.10944962341575272 0.0 63.9585656
true 0.022823440756513713 107 6 2 1.78 1 0.10944962341575272 0.0 0.6769292
true 0.0004731309912469339 980 6 2 1.78 2 0.10944962341575272 0.0 8.9530963
true 0.022739217215911878 1168 6 2 1.78 3 0.10944962341575272 0.0 15.560345
true 0.0002995104825917194 1316 6 2 1.78 4 0.10944962341575272 0.0 22.3918558
true 0.02277589078135589 164 6 3 1.78 1 0.10944962341575272 0.0 1.0114836
true 0.0004787782993480594 1394 6 3 1.78 2 0.10944962341575272 0.0 12.3944357
true 0.00045218852237212853 2411 6 3 1.78 3 0.10944962341575272 0.0 29.5068277
true 0.00021504755329946704 4545 6 3 1.78 4 0.10944962341575272 0.0 69.1020923
true 0.022229999643025966 221 6 4 1.78 1 0.10944962341575272 0.0 1.2991225
true 0.000392235270942648 1887 6 4 1.78 2 0.10944962341575272 0.0 16.5710338
true 0.00022266762506466253 2964 6 4 1.78 3 0.10944962341575272 0.0 36.8148446
true 0.000468950236364174 4012 6 4 1.78 4 0.10944962341575272 0.0 61.6914872
true 0.021902094691588693 144 6 5 1.78 1 0.10944962341575272 0.0 0.9985162
true 0.0004003766380521245 1111 6 5 1.78 2 0.10944962341575272 0.0 9.9135445
true 7.741058238379672e-5 6885 6 5 1.78 3 0.10944962341575272 0.0 84.1346135
true 0.0005308037658804277 6696 6 5 1.78 4 0.10944962341575272 0.0 102.9484295
true 0.018252169366898368 263 6 6 1.78 1 0.10944962341575272 0.0 1.6001916
true 0.0010713532789683826 1209 6 6 1.78 2 0.10944962341575272 0.0 11.310384
true 8.458783696087731e-5 2991 6 6 1.78 3 0.10944962341575272 0.0 36.9263966
true 0.0006219933008052662 2890 6 6 1.78 4 0.10944962341575272 0.0 46.0710081
true 0.022668129873827436 105 6 1 1.79 1 0.10833201220480698 0.0 0.6054256
true 0.0004942376426952944 1054 6 1 1.79 2 0.10833201220480698 0.0 9.0554627
true 0.00015363815305691197 2336 6 1 1.79 3 0.10833201220480698 0.0 27.6679451
true 0.0003154426791792675 3221 6 1 1.79 4 0.10833201220480698 0.0 49.8126136
true 0.022531034364879382 148 6 2 1.79 1 0.10833201220480698 0.0 0.8922134
true 0.00046240325402777116 1363 6 2 1.79 2 0.10833201220480698 0.0 11.7860543
true 0.021565160728251292 494 6 2 1.79 3 0.10833201220480698 0.0 7.7029752
true 0.00030440908140230705 10741 6 2 1.79 4 0.10833201220480698 0.0 160.9020698
true 0.02248509908063893 126 6 3 1.79 1 0.10833201220480698 0.0 0.7673493
true 0.0004663992998315732 1250 6 3 1.79 2 0.10833201220480698 0.0 11.045909
true 0.00013562206318249817 2451 6 3 1.79 3 0.10833201220480698 0.0 30.2193001
true 0.0003530008935182331 4877 6 3 1.79 4 0.10833201220480698 0.0 74.4269979
true 0.02195207051097682 100 6 4 1.79 1 0.10833201220480698 0.0 0.6386127
true 0.00039775074548081824 2843 6 4 1.79 2 0.10833201220480698 0.0 25.2614792
true 0.00018925121448358506 4042 6 4 1.79 3 0.10833201220480698 0.0 49.1997821
true 9.807300914808914e-5 4433 6 4 1.79 4 0.10833201220480698 0.0 66.6857787
true 0.2125642456394603 194 6 5 1.79 1 0.10833201220480698 0.0 1.1482099
true 0.00039716739264694656 1584 6 5 1.79 2 0.10833201220480698 0.0 13.7341992
true 5.6670023590221774e-5 2493 6 5 1.79 3 0.10833201220480698 0.0 31.0653894
true 0.0005482101533221151 4555 6 5 1.79 4 0.10833201220480698 0.0 70.1055508
true 0.018026513966799097 164 6 6 1.79 1 0.10833201220480698 0.0 0.9955891
true 0.00033746651114754017 1518 6 6 1.79 2 0.10833201220480698 0.0 13.3454179
true 0.01455624611463798 1435 6 6 1.79 3 0.10833201220480698 0.0 19.0536757
true 0.00036213398020158255 6087 6 6 1.79 4 0.10833201220480698 0.0 97.0206341
true 0.02237709355973394 110 6 1 1.8 1 0.10723291769893503 0.0 0.6192871
true 0.0004860515535610177 372 6 1 1.8 2 0.10723291769893503 0.0 3.6684421
true 0.0004397857071480882 2321 6 1 1.8 3 0.10723291769893503 0.0 28.775868
true 0.0003384337651488045 1551 6 1 1.8 4 0.10723291769893503 0.0 25.1888597
true 0.022244490968456154 104 6 2 1.8 1 0.10723291769893503 0.0 0.6683831
true 0.0209850259208281 708 6 2 1.8 2 0.10723291769893503 0.0 6.5127724
true 0.021173074705754663 1868 6 2 1.8 3 0.10723291769893503 0.0 22.6114931
true 0.01006692566437764 1785 6 2 1.8 4 0.10723291769893503 0.0 28.8431359
true 0.022199959122231456 135 6 3 1.8 1 0.10723291769893503 0.0 0.8244707
true 0.0004553502147825646 1445 6 3 1.8 2 0.10723291769893503 0.0 12.717626
true 0.00012498141943291982 3509 6 3 1.8 3 0.10723291769893503 0.0 43.7523479
true 0.0005981839228957712 2672 6 3 1.8 4 0.10723291769893503 0.0 41.3415614
true 0.02167913197615884 227 6 4 1.8 1 0.10723291769893503 0.0 1.2545617
true 0.0006544202352869039 600 6 4 1.8 2 0.10723291769893503 0.0 5.9280294
true 0.000561558579775967 4195 6 4 1.8 3 0.10723291769893503 0.0 50.3144328
true 0.0005044044531402891 2690 6 4 1.8 4 0.10723291769893503 0.0 43.0624481
true 0.021366120375025843 140 6 5 1.8 1 0.10723291769893503 0.0 0.9186514
true 0.00038702191807872267 1490 6 5 1.8 2 0.10723291769893503 0.0 13.194784
true 0.0003856441046850012 5792 6 5 1.8 3 0.10723291769893503 0.0 71.0939998
true 0.0003165926891569804 4563 6 5 1.8 4 0.10723291769893503 0.0 70.4525042
true 0.01780528521462386 160 6 6 1.8 1 0.10723291769893503 0.0 0.9785571
true 0.00033440573708042504 2319 6 6 1.8 2 0.10723291769893503 0.0 21.5551704
true 0.007305280291503578 1708 6 6 1.8 3 0.10723291769893503 0.0 21.9927132
true 0.0006348207160184564 7013 6 6 1.8 4 0.10723291769893503 0.0 109.1451481
true 0.0220919238764109 171 6 1 1.81 1 0.10615191414570589 0.0 0.8892327
true 0.00047104577686657434 1647 6 1 1.81 2 0.10615191414570589 0.0 15.1357598
true 0.0008257448941607071 1389 6 1 1.81 3 0.10615191414570589 0.0 16.9965792
true 0.0004131718780865934 3431 6 1 1.81 4 0.10615191414570589 0.0 52.3076248
true 0.021963305352749346 117 6 2 1.81 1 0.10615191414570589 0.0 0.7215824
true 0.0004391404329757431 1114 6 2 1.81 2 0.10615191414570589 0.0 9.7259469
true 0.0001853087389023511 1207 6 2 1.81 3 0.10615191414570589 0.0 15.4759926
true 5.380348583045036e-5 7857 6 2 1.81 4 0.10615191414570589 0.0 118.9743231
true 0.02192068173983162 103 6 3 1.81 1 0.10615191414570589 0.0 0.6464166
true 0.0004441736959606331 1344 6 3 1.81 2 0.10615191414570589 0.0 11.8589754
true 0.00012955265895729187 644 6 3 1.81 3 0.10615191414570589 0.0 9.4978778
true 0.00022857678741650123 5025 6 3 1.81 4 0.10615191414570589 0.0 75.4702862
true 0.021411357892991936 105 6 4 1.81 1 0.10615191414570589 0.0 0.705089
true 0.00036687808240197517 1521 6 4 1.81 2 0.10615191414570589 0.0 13.3957592
true 0.011958589229046579 1218 6 4 1.81 3 0.10615191414570589 0.0 16.2100551
true 0.0002445598688707862 3170 6 4 1.81 4 0.10615191414570589 0.0 48.8355046
true 0.021107023096309775 211 6 5 1.81 1 0.10615191414570589 0.0 1.2683574
true 0.0003716265027505883 1366 6 5 1.81 2 0.10615191414570589 0.0 11.8878741
true 0.00022603918690032864 2785 6 5 1.81 3 0.10615191414570589 0.0 32.8323242
true 0.00034115049405045725 5869 6 5 1.81 4 0.10615191414570589 0.0 90.4186364
true 0.01758860442198934 174 6 6 1.81 1 0.10615191414570589 0.0 1.0362305
true 0.0003268546021139851 1742 6 6 1.81 2 0.10615191414570589 0.0 15.8815995
true 8.331753814112368e-5 5988 6 6 1.81 3 0.10615191414570589 0.0 75.4285756
true 0.00021936937719727045 6616 6 6 1.81 4 0.10615191414570589 0.0 100.7073455
true 0.02181254192269816 131 6 1 1.82 1 0.10508858812552895 0.0 0.7655287
true 0.021538781445554878 383 6 1 1.82 2 0.10508858812552895 0.0 3.7791201
true 0.0006105053235310742 1459 6 1 1.82 3 0.10508858812552895 0.0 18.578878
true 0.0005104050704344831 2099 6 1 1.82 4 0.10508858812552895 0.0 34.2041382
true 0.021688134466454706 131 6 2 1.82 1 0.10508858812552895 0.0 0.7886519
true 0.0004297924068244474 467 6 2 1.82 2 0.10508858812552895 0.0 4.7308486
true 5.790641290440157e-5 1997 6 2 1.82 3 0.10508858812552895 0.0 24.3873565
true 0.0003226234958245977 4545 6 2 1.82 4 0.10508858812552895 0.0 70.0217952
true 0.02164707141499565 122 6 3 1.82 1 0.10508858812552895 0.0 0.7600001
true 0.00043348366903458074 1226 6 3 1.82 2 0.10508858812552895 0.0 11.2992679
true 0.021048042946078427 541 6 3 1.82 3 0.10508858812552895 0.0 8.0883831
true 0.0004173070897165084 4296 6 3 1.82 4 0.10508858812552895 0.0 65.9010159
true 0.02114884163265285 114 6 4 1.82 1 0.10508858812552895 0.0 0.7791631
true 0.0003517868589251044 1396 6 4 1.82 2 0.10508858812552895 0.0 12.1798452
true 0.015767292337748193 963 6 4 1.82 3 0.10508858812552895 0.0 13.1512007
true 0.00022485173326534935 8376 6 4 1.82 4 0.10508858812552895 0.0 129.508777
true 0.21212573588834632 169 6 5 1.82 1 0.10508858812552895 0.0 1.0305932
true 0.0003632397849914426 1622 6 5 1.82 2 0.10508858812552895 0.0 14.3777447
true 0.004215206173676367 2528 6 5 1.82 3 0.10508858812552895 0.0 32.5756638
true 0.00033029600712077836 4994 6 5 1.82 4 0.10508858812552895 0.0 75.3552936
true 0.33633371059497547 137 6 6 1.82 1 0.10508858812552895 0.0 0.8822069
true 0.000316386846955156 1989 6 6 1.82 2 0.10508858812552895 0.0 17.4702589
true 0.01049170779300096 3238 6 6 1.82 3 0.10508858812552895 0.0 39.2567457
true 7.963847352359295e-5 7076 6 6 1.82 4 0.10508858812552895 0.0 106.8656616
true 0.021538729386326838 131 6 1 1.83 1 0.1040425381333935 0.0 0.7469086
true 0.020261848314124642 669 6 1 1.83 2 0.1040425381333935 0.0 6.1620935
true 1.5070926419558095e-5 1361 6 1 1.83 3 0.1040425381333935 0.0 17.1232572
true 0.00020592334645003207 4684 6 1 1.83 4 0.1040425381333935 0.0 70.5642338
true 0.021418235376051753 162 6 2 1.83 1 0.1040425381333935 0.0 0.934137
true 0.03849929751251924 303 6 2 1.83 2 0.1040425381333935 0.0 3.2596054
true 0.00021301415854763084 3380 6 2 1.83 3 0.1040425381333935 0.0 41.7360722
true 0.0002653959724404076 4589 6 2 1.83 4 0.1040425381333935 0.0 70.747324
true 0.021377605727782394 140 6 3 1.83 1 0.1040425381333935 0.0 0.8665005
true 0.00042404308911090743 1111 6 3 1.83 2 0.1040425381333935 0.0 10.1692105
true 0.0002639734886954089 2161 6 3 1.83 3 0.1040425381333935 0.0 25.7387535
true 0.0007096112833866094 4255 6 3 1.83 4 0.1040425381333935 0.0 64.2269824
true 0.020891332932997594 124 6 4 1.83 1 0.1040425381333935 0.0 0.7351191
true 0.0003496258539557734 2550 6 4 1.83 2 0.1040425381333935 0.0 22.0853797
true 0.00013720097319196156 2816 6 4 1.83 3 0.1040425381333935 0.0 34.5249332
true 0.0006386437193655753 3295 6 4 1.83 4 0.1040425381333935 0.0 51.3072374
true 0.020599500265434022 115 6 5 1.83 1 0.1040425381333935 0.0 0.7410152
true 0.00037520351617748027 1611 6 5 1.83 2 0.1040425381333935 0.0 14.3223099
true 0.016667246380894875 1885 6 5 1.83 3 0.1040425381333935 0.0 23.4307565
true 0.0003229528917712998 4367 6 5 1.83 4 0.1040425381333935 0.0 65.826373
true 0.017166472139058725 178 6 6 1.83 1 0.1040425381333935 0.0 1.0859604
true 0.00032341983690734044 2085 6 6 1.83 2 0.1040425381333935 0.0 18.4862142
true 8.675870875651803e-5 5785 6 6 1.83 3 0.1040425381333935 0.0 72.9129842
true 0.00035451216614484915 4627 6 6 1.83 4 0.1040425381333935 0.0 70.5055504
true 0.021270157708690285 115 6 1 1.84 1 0.10301337417579307 0.0 0.6202979
true 0.0004438168520186636 355 6 1 1.84 2 0.10301337417579307 0.0 3.753176
true 0.003478251396645593 2103 6 1 1.84 3 0.10301337417579307 0.0 25.6968065
true 0.0004306087478482823 3696 6 1 1.84 4 0.10301337417579307 0.0 56.545045
true 0.021153275309584524 103 6 2 1.84 1 0.10301337417579307 0.0 0.6413146
true 0.019994476860375532 774 6 2 1.84 2 0.10301337417579307 0.0 7.1015249
true 7.077082023854153e-5 2660 6 2 1.84 3 0.10301337417579307 0.0 31.316437
true 0.00022740245296629102 3870 6 2 1.84 4 0.10301337417579307 0.0 57.7618187
true 0.021113961712316054 131 6 3 1.84 1 0.10301337417579307 0.0 0.8288054
true 0.00041365736752215404 1587 6 3 1.84 2 0.10301337417579307 0.0 14.354443
true 0.000128976166137477 3093 6 3 1.84 3 0.10301337417579307 0.0 37.366694
true 0.0002967197801717429 2609 6 3 1.84 4 0.10301337417579307 0.0 40.4303094
true 0.020639244963570308 188 6 4 1.84 1 0.10301337417579307 0.0 1.0343323
true 0.0003496443994358972 1791 6 4 1.84 2 0.10301337417579307 0.0 15.9855755
true 7.01842114212009e-5 2185 6 4 1.84 3 0.10301337417579307 0.0 26.5040249
true 0.00010652596136964676 10226 6 4 1.84 4 0.10301337417579307 0.0 155.3083596
true 0.02035382731314439 193 6 5 1.84 1 0.10301337417579307 0.0 1.2170019
true 0.000366637946298376 1032 6 5 1.84 2 0.10301337417579307 0.0 9.2593293
true 4.285795543468307e-5 1851 6 5 1.84 3 0.10301337417579307 0.0 22.7080749
true 0.00022652716390226814 4629 6 5 1.84 4 0.10301337417579307 0.0 69.9718489
true 0.17661623033190713 274 6 6 1.84 1 0.10301337417579307 0.0 1.6502669
true 0.008739296265617211 715 6 6 1.84 2 0.10301337417579307 0.0 7.1723342
true 0.00012755224365846676 4464 6 6 1.84 3 0.10301337417579307 0.0 55.2055939
true 0.0006611598312603698 6571 6 6 1.84 4 0.10301337417579307 0.0 100.6281688
true 0.021006437607958284 100 6 1 1.85 1 0.10200071738298862 0.0 0.5670763
true 0.020733223441014192 1245 6 1 1.85 2 0.10200071738298862 0.0 11.5867968
true 0.000519223040162553 1923 6 1 1.85 3 0.10200071738298862 0.0 24.2660548
true 0.00034988405899788466 2308 6 1 1.85 4 0.10200071738298862 0.0 37.4435877
true 0.02089307172388294 115 6 2 1.85 1 0.10200071738298862 0.0 0.733453
true 0.000399966932197765 1673 6 2 1.85 2 0.10200071738298862 0.0 14.2733019
true 0.0003382868713437126 2807 6 2 1.85 3 0.10200071738298862 0.0 32.5827826
true 0.0007307039901857659 3040 6 2 1.85 4 0.10200071738298862 0.0 46.5087487
true 0.020855343593272013 161 6 3 1.85 1 0.10200071738298862 0.0 0.9288728
true 0.0004043612159861191 1457 6 3 1.85 2 0.10200071738298862 0.0 13.3215459
true 0.00023898165332377394 6044 6 3 1.85 3 0.10200071738298862 0.0 73.0250212
true 0.0005949881609256802 4366 6 3 1.85 4 0.10200071738298862 0.0 68.2163102
true 0.020391048546069795 147 6 4 1.85 1 0.10200071738298862 0.0 0.928311
true 0.000344073019648089 1570 6 4 1.85 2 0.10200071738298862 0.0 13.7389042
true 0.0004614676609211027 4116 6 4 1.85 3 0.10200071738298862 0.0 49.0145787
true 0.0002319388991644522 4847 6 4 1.85 4 0.10200071738298862 0.0 73.292044
true 0.020112185126442604 123 6 5 1.85 1 0.10200071738298862 0.0 0.7998228
true 0.0003398992085187458 1181 6 5 1.85 2 0.10200071738298862 0.0 10.7927289
true 4.8060917554193504e-5 3825 6 5 1.85 3 0.10200071738298862 0.0 47.2323797
true 0.0004270987641186941 8445 6 5 1.85 4 0.10200071738298862 0.0 130.8371571
true 0.0167604585357979 181 6 6 1.85 1 0.10200071738298862 0.0 1.1022681
true 0.00031133558677266343 2282 6 6 1.85 2 0.10200071738298862 0.0 21.0070913
true 0.010272941098204286 3410 6 6 1.85 3 0.10200071738298862 0.0 42.5293261
true 0.00027678894847348495 10497 6 6 1.85 4 0.10200071738298862 0.0 160.1139977
true 0.020748048729070878 89 6 1 1.86 1 0.101004199635488 0.0 0.5096602
true 0.0004203278435851998 1363 6 1 1.86 2 0.101004199635488 0.0 12.3384543
true 0.00011238975410376995 1555 6 1 1.86 3 0.101004199635488 0.0 19.0934386
true 0.00012435305627817028 3807 6 1 1.86 4 0.101004199635488 0.0 59.1671069
true 0.020638141056080944 164 6 2 1.86 1 0.101004199635488 0.0 0.9384601
true 0.0003907791946528849 1695 6 2 1.86 2 0.101004199635488 0.0 15.0623071
true 4.633365917572352e-5 2834 6 2 1.86 3 0.101004199635488 0.0 35.806835
true 3.9596756807758204e-5 5515 6 2 1.86 4 0.101004199635488 0.0 82.765688
true 0.34024978671707545 103 6 3 1.86 1 0.101004199635488 0.0 0.7132168
true 0.0003948884530734313 1112 6 3 1.86 2 0.101004199635488 0.0 10.4782514
true 0.00010438700488981285 3020 6 3 1.86 3 0.101004199635488 0.0 36.5260475
true 0.00010421174728986182 5410 6 3 1.86 4 0.101004199635488 0.0 84.8496408
true 0.25988348567304187 191 6 4 1.86 1 0.101004199635488 0.0 1.1090343
true 0.03237781071950785 681 6 4 1.86 2 0.101004199635488 0.0 6.4001699
true 0.0003184209453572645 4667 6 4 1.86 3 0.101004199635488 0.0 57.4255814
true 0.00033172248957495654 3085 6 4 1.86 4 0.101004199635488 0.0 49.8279698
true 0.019874951620734493 214 6 5 1.86 1 0.101004199635488 0.0 1.248341
true 0.0005350882982920968 610 6 5 1.86 2 0.101004199635488 0.0 5.6728611
true 5.489400192721927e-5 7214 6 5 1.86 3 0.101004199635488 0.0 86.8400036
true 0.0003565702094366463 6529 6 5 1.86 4 0.101004199635488 0.0 97.5738889
true 0.016562550108058682 203 6 6 1.86 1 0.101004199635488 0.0 1.1396712
true 0.0002887945864305519 2026 6 6 1.86 2 0.101004199635488 0.0 17.7113274
true 0.17367111631042423 1792 6 6 1.86 3 0.101004199635488 0.0 22.7095091
true 0.0006984051158748968 5497 6 6 1.86 4 0.101004199635488 0.0 83.7854444
true 0.02049450851194573 117 6 1 1.87 1 0.10002346320442916 0.0 0.644579
true 0.00040785975291807164 614 6 1 1.87 2 0.10002346320442916 0.0 5.1261011
true 0.020250912928787723 495 6 1 1.87 3 0.10002346320442916 0.0 7.1659616
true 0.00033989671139844635 3882 6 1 1.87 4 0.10002346320442916 0.0 57.247091
true 0.020388345356907617 111 6 2 1.87 1 0.10002346320442916 0.0 0.6587198
true 0.00038281059713274335 992 6 2 1.87 2 0.10002346320442916 0.0 8.5431562
true 0.00026056234317020643 6494 6 2 1.87 3 0.10002346320442916 0.0 73.4333986
true 9.620286392575395e-5 3268 6 2 1.87 4 0.10002346320442916 0.0 47.8844991
true 0.340165077375657 133 6 3 1.87 1 0.10002346320442916 0.0 0.7500891
true 0.000386339185691346 1480 6 3 1.87 2 0.10002346320442916 0.0 12.5087092
true 0.00048123445960039185 2639 6 3 1.87 3 0.10002346320442916 0.0 29.6794838
true 3.9703287701808865e-5 2641 6 3 1.87 4 0.10002346320442916 0.0 40.4702039
true 0.019908486287271987 136 6 4 1.87 1 0.10002346320442916 0.0 0.8056845
true 0.0003262095481193217 2391 6 4 1.87 2 0.10002346320442916 0.0 19.8627451
true 0.009875316528115685 2318 6 4 1.87 3 0.10002346320442916 0.0 27.3829757
true 0.000165385187039499 5643 6 4 1.87 4 0.10002346320442916 0.0 81.4282362
true 0.019641879984849186 146 6 5 1.87 1 0.10002346320442916 0.0 0.8961683
true 0.0004022380749187593 336 6 5 1.87 2 0.10002346320442916 0.0 3.5400877
true 4.2041443408180615e-5 5166 6 5 1.87 3 0.10002346320442916 0.0 61.3249125
true 0.00013375980005844167 6082 6 5 1.87 4 0.10002346320442916 0.0 85.8468742
true 0.01636868335744431 206 6 6 1.87 1 0.10002346320442916 0.0 1.1872677
true 0.00028133458686492124 2075 6 6 1.87 2 0.10002346320442916 0.0 17.6996321
true 0.010137947959196028 3821 6 6 1.87 3 0.10002346320442916 0.0 45.8991749
true 0.00034944794005965324 8916 6 6 1.87 4 0.10002346320442916 0.0 131.4925067
true 0.0202459632708491 116 6 1 1.88 1 0.0990581604052917 0.0 0.6517844
true 0.02001496921767537 613 6 1 1.88 2 0.0990581604052917 0.0 5.4225
true 0.0003791301507127809 2570 6 1 1.88 3 0.0990581604052917 0.0 30.4562399
true 0.0006192623134677611 4164 6 1 1.88 4 0.0990581604052917 0.0 61.8748387
true 0.020142730865082503 234 6 2 1.88 1 0.0990581604052917 0.0 1.2007984
true 0.00039506061380589763 462 6 2 1.88 2 0.0990581604052917 0.0 4.428676
true 0.0004831588990289737 2882 6 2 1.88 3 0.0990581604052917 0.0 32.9131684
true 0.0005419451463013758 11049 6 2 1.88 4 0.0990581604052917 0.0 160.4902416
true 0.02010797787637954 108 6 3 1.88 1 0.0990581604052917 0.0 0.6325572
true 0.00037750341157212947 1496 6 3 1.88 2 0.0990581604052917 0.0 12.8291629
true 0.00020562665115040715 5395 6 3 1.88 3 0.0990581604052917 0.0 61.7514988
true 0.00046776984897852386 4201 6 3 1.88 4 0.0990581604052917 0.0 60.1365651
true 0.01967370806775437 231 6 4 1.88 1 0.0990581604052917 0.0 1.2858533
true 0.032120072616418 494 6 4 1.88 2 0.0990581604052917 0.0 4.8295188
true 6.525548549277116e-5 5125 6 4 1.88 3 0.0990581604052917 0.0 58.2975963
true 0.0003315990235751437 5475 6 4 1.88 4 0.0990581604052917 0.0 79.7977564
true 0.019413179328268436 178 6 5 1.88 1 0.0990581604052917 0.0 0.9810975
true 0.0003273425778334449 1251 6 5 1.88 2 0.0990581604052917 0.0 10.6554243
true 0.20789932390469934 1042 6 5 1.88 3 0.0990581604052917 0.0 13.2979443
true 0.00020393832901517418 5539 6 5 1.88 4 0.0990581604052917 0.0 80.5953154
true 0.17672142600336524 150 6 6 1.88 1 0.0990581604052917 0.0 0.9801983
true 0.00028226267034796765 1447 6 6 1.88 2 0.0990581604052917 0.0 12.4412881
true 0.013126823753079322 1236 6 6 1.88 3 0.0990581604052917 0.0 15.6738883
true 0.00012776007253205898 5177 6 6 1.88 4 0.0990581604052917 0.0 75.4348451
true 0.02000192882347107 105 6 1 1.89 1 0.09810795326443694 0.0 0.611798
true 0.000389301312975765 1169 6 1 1.89 2 0.09810795326443694 0.0 9.862085
true 0.0006899386622457038 1848 6 1 1.89 3 0.09810795326443694 0.0 23.6053902
true 0.0003608024612362093 5885 6 1 1.89 4 0.09810795326443694 0.0 84.4030679
true 0.01990237271031206 120 6 2 1.89 1 0.09810795326443694 0.0 0.7444978
true 0.0003665439903011436 941 6 2 1.89 2 0.09810795326443694 0.0 8.1198221
true 9.480667207295568e-5 5909 6 2 1.89 3 0.09810795326443694 0.0 65.8761982
true 0.00011050394330855418 6159 6 2 1.89 4 0.09810795326443694 0.0 87.6966724
true 0.01986833408456314 179 6 3 1.89 1 0.09810795326443694 0.0 1.0258266
true 0.0003689905382999181 1688 6 3 1.89 2 0.09810795326443694 0.0 14.2413639
true 6.132940867277965e-5 3100 6 3 1.89 3 0.09810795326443694 0.0 36.877731
true 0.00028821528429554916 4009 6 3 1.89 4 0.09810795326443694 0.0 60.6677051
true 0.019443383805914302 191 6 4 1.89 1 0.09810795326443694 0.0 1.0346802
true 0.0003211600931323222 2092 6 4 1.89 2 0.09810795326443694 0.0 17.8787506
true 8.165146399623235e-5 6663 6 4 1.89 3 0.09810795326443694 0.0 76.9644701
true 8.738077941010391e-5 8135 6 4 1.89 4 0.09810795326443694 0.0 114.3061759
true 0.21126792303819708 210 6 5 1.89 1 0.09810795326443694 0.0 1.2195485
true 0.0003195862017535189 1484 6 5 1.89 2 0.09810795326443694 0.0 12.5001603
true 3.199891721843429e-5 3820 6 5 1.89 3 0.09810795326443694 0.0 45.015598
true 0.0002834866756576293 6040 6 5 1.89 4 0.09810795326443694 0.0 87.2247353
true 0.015990784911153643 286 6 6 1.89 1 0.09810795326443694 0.0 1.7305126
true 0.0003083293312064102 2730 6 6 1.89 2 0.09810795326443694 0.0 23.5768767
true 9.488535059637426e-5 6174 6 6 1.89 3 0.09810795326443694 0.0 72.9150676
true 0.0003918934348891845 6840 6 6 1.89 4 0.09810795326443694 0.0 99.9436962
true 0.019762379321516477 129 6 1 1.9 1 0.09717251319796773 0.0 0.6965673
true 0.0003801813086186656 396 6 1 1.9 2 0.09717251319796773 0.0 3.6724418
true 6.427216733873031e-5 1869 6 1 1.9 3 0.09717251319796773 0.0 21.5879372
true 0.0002240707954051513 2690 6 1 1.9 4 0.09717251319796773 0.0 39.4517924
true 0.019664978263915583 112 6 2 1.9 1 0.09717251319796773 0.0 0.6713243
true 0.018855496965211632 459 6 2 1.9 2 0.09717251319796773 0.0 4.2867269
true 0.0005254718568985517 3471 6 2 1.9 3 0.09717251319796773 0.0 40.1400171
true 0.00634734371786741 7989 6 2 1.9 4 0.09717251319796773 0.0 119.8922698
true 0.01963258958326869 187 6 3 1.9 1 0.09717251319796773 0.0 1.0162992
true 0.00036269677001044 1423 6 3 1.9 2 0.09717251319796773 0.0 12.2661563
true 0.013058134104555882 1965 6 3 1.9 3 0.09717251319796773 0.0 25.8261102
true 0.00020613916136597021 3992 6 3 1.9 4 0.09717251319796773 0.0 57.3481721
true 0.25943328393765547 128 6 4 1.9 1 0.09717251319796773 0.0 0.7654725
true 0.00039841429399016526 667 6 4 1.9 2 0.09717251319796773 0.0 5.8202077
true 7.774049618242129e-5 4166 6 4 1.9 3 0.09717251319796773 0.0 47.6731611
true 0.00022049656568084997 4120 6 4 1.9 4 0.09717251319796773 0.0 59.2140307
true 0.21177997320002376 150 6 5 1.9 1 0.09717251319796773 0.0 0.9030649
true 0.0003118058009808133 421 6 5 1.9 2 0.09717251319796773 0.0 4.174826
true 5.821033622516181e-5 5558 6 5 1.9 3 0.09717251319796773 0.0 64.6997854
true 7.396855470978014e-5 4320 6 5 1.9 4 0.09717251319796773 0.0 63.8493218
true 0.015806611834682793 276 6 6 1.9 1 0.09717251319796773 0.0 1.6261366
true 0.00025992001122860747 848 6 6 1.9 2 0.09717251319796773 0.0 7.7649241
true 0.0001952594942007483 2973 6 6 1.9 3 0.09717251319796773 0.0 35.2022712
true 0.00033439995117096055 3362 6 6 1.9 4 0.09717251319796773 0.0 50.2570165
true 0.019527133985929757 95 6 1 1.91 1 0.09625152070246154 0.0 0.5626893
true 0.019314100945395096 530 6 1 1.91 2 0.09625152070246154 0.0 4.8922206
true 0.0192372661935028 919 6 1 1.91 3 0.09625152070246154 0.0 12.2632368
true 0.0003092827914563667 2290 6 1 1.91 4 0.09625152070246154 0.0 34.3632378
true 0.019432849836567234 147 6 2 1.91 1 0.09625152070246154 0.0 0.8490549
true 0.00034913939251943193 1235 6 2 1.91 2 0.09625152070246154 0.0 10.6248708
true 4.008970189142702e-5 4257 6 2 1.91 3 0.09625152070246154 0.0 48.0772858
true 0.00022235601338529976 7237 6 2 1.91 4 0.09625152070246154 0.0 105.0233588
true 0.019401286497577757 119 6 3 1.91 1 0.09625152070246154 0.0 0.711539
true 0.0003523962952659924 763 6 3 1.91 2 0.09625152070246154 0.0 6.4901165
true 7.132640356468285e-5 6479 6 3 1.91 3 0.09625152070246154 0.0 75.8338945
true 0.0003660977006175181 3160 6 3 1.91 4 0.09625152070246154 0.0 46.6637457
true 0.018995338851030177 175 6 4 1.91 1 0.09625152070246154 0.0 1.0081221
true 0.03110769355848761 290 6 4 1.91 2 0.09625152070246154 0.0 3.2055297
true 5.03241580726288e-5 2983 6 4 1.91 3 0.09625152070246154 0.0 34.957229
true 0.00037816134344755004 3926 6 4 1.91 4 0.09625152070246154 0.0 59.4313324
true 0.01875126239572935 125 6 5 1.91 1 0.09625152070246154 0.0 0.7580075
true 0.00030651147482693155 1461 6 5 1.91 2 0.09625152070246154 0.0 12.3077494
true 0.2076223768429112 1194 6 5 1.91 3 0.09625152070246154 0.0 14.9683921
true 0.000146530759536756 5407 6 5 1.91 4 0.09625152070246154 0.0 77.4648124
true 0.015626029391361106 174 6 6 1.91 1 0.09625152070246154 0.0 1.0299675
true 0.00042732469610326507 623 6 6 1.91 2 0.09625152070246154 0.0 5.728288
true 0.0006624191682737812 4034 6 6 1.91 3 0.09625152070246154 0.0 47.5929767
true 0.00024801952209024813 3340 6 6 1.91 4 0.09625152070246154 0.0 50.0774327
true 0.019296478873672807 118 6 1 1.92 1 0.09534466505708565 0.0 0.6960144
true 0.00036292859568604063 1539 6 1 1.92 2 0.09534466505708565 0.0 13.1300803
true 0.00011065819450017944 2266 6 1 1.92 3 0.09534466505708565 0.0 25.6706276
true 0.0005472712599516316 4573 6 1 1.92 4 0.09534466505708565 0.0 66.83727
true 0.019205036636357975 195 6 2 1.92 1 0.09534466505708565 0.0 1.0455262
true 0.00034309210430538695 805 6 2 1.92 2 0.09534466505708565 0.0 6.7723411
true 0.018401143557418148 508 6 2 1.92 3 0.09534466505708565 0.0 7.9985031
true 0.0002858598365439169 5534 6 2 1.92 4 0.09534466505708565 0.0 81.8084809
true 0.01917437591627223 153 6 3 1.92 1 0.09534466505708565 0.0 0.9422386
true 0.012394876092668447 940 6 3 1.92 2 0.09534466505708565 0.0 8.5518751
true 0.0005010575305640456 2744 6 3 1.92 3 0.09534466505708565 0.0 32.1434165
true 0.00023393791776327166 6085 6 3 1.92 4 0.09534466505708565 0.0 89.5827552
true 0.018777059617003322 294 6 4 1.92 1 0.09534466505708565 0.0 1.6462126
true 0.0002942433052834509 2217 6 4 1.92 2 0.09534466505708565 0.0 19.2001593
true 0.0004858566910996981 2876 6 4 1.92 3 0.09534466505708565 0.0 33.8001439
true 0.0001407052036738743 3227 6 4 1.92 4 0.09534466505708565 0.0 48.7816467
true 0.4038595567040238 219 6 5 1.92 1 0.09534466505708565 0.0 1.2825297
true 0.00030256952362168744 1408 6 5 1.92 2 0.09534466505708565 0.0 12.2076978
true 6.653782427458177e-5 3573 6 5 1.92 3 0.09534466505708565 0.0 42.5047208
true 0.00028002741558845744 9002 6 5 1.92 4 0.09534466505708565 0.0 134.3827797
true 0.015448687279594586 143 6 6 1.92 1 0.09534466505708565 0.0 0.87365
true 0.00028326857476270356 2341 6 6 1.92 2 0.09534466505708565 0.0 19.9687868
true 0.0001960897625218616 3829 6 6 1.92 3 0.09534466505708565 0.0 44.0098229
true 0.00034893484817988263 7542 6 6 1.92 4 0.09534466505708565 0.0 111.7487025
true 0.019070109557878745 93 6 1 1.93 1 0.09445164403667455 0.0 0.5488442
true 0.018876107882255244 589 6 1 1.93 2 0.09445164403667455 0.0 5.3088847
true 0.00033407650157557534 1512 6 1 1.93 3 0.09445164403667455 0.0 18.0207062
true 0.00020994336228175037 2220 6 1 1.93 4 0.09445164403667455 0.0 33.3080373
true 0.018981093927841086 120 6 2 1.93 1 0.09445164403667455 0.0 0.6587693
true 0.0003336480444158796 888 6 2 1.93 2 0.09445164403667455 0.0 7.3618352
true 0.018167788435282523 572 6 2 1.93 3 0.09445164403667455 0.0 8.4745455
true 0.0004843025346166485 7158 6 2 1.93 4 0.09445164403667455 0.0 103.9322645
true 0.018951519524427123 124 6 3 1.93 1 0.09445164403667455 0.0 0.6913363
true 0.00033735149619240623 825 6 3 1.93 2 0.09445164403667455 0.0 7.020692
true 9.06074192410881e-5 3368 6 3 1.93 3 0.09445164403667455 0.0 39.4903159
true 0.0005693394423546919 2969 6 3 1.93 4 0.09445164403667455 0.0 44.924492
true 0.018563172655312127 122 6 4 1.93 1 0.09445164403667455 0.0 0.7432182
true 0.0003030378788319438 1841 6 4 1.93 2 0.09445164403667455 0.0 15.6429558
true 0.013936986786812336 575 6 4 1.93 3 0.09445164403667455 0.0 8.0146779
true 0.00010374341867799841 6710 6 4 1.93 4 0.09445164403667455 0.0 96.5818303
true 0.018329117860911126 135 6 5 1.93 1 0.09445164403667455 0.0 0.9565459
true 0.0003052898265806014 1266 6 5 1.93 2 0.09445164403667455 0.0 10.880749
true 7.487561756630567e-5 6659 6 5 1.93 3 0.09445164403667455 0.0 78.3426766
true 0.00016368233745686078 5063 6 5 1.93 4 0.09445164403667455 0.0 75.2493031
true 0.015274425520979934 292 6 6 1.93 1 0.09445164403667455 0.0 1.7593085
true 0.00024825848635182113 2213 6 6 1.93 2 0.09445164403667455 0.0 19.0198998
true 0.010721912800287206 1508 6 6 1.93 3 0.09445164403667455 0.0 18.3089344
true 0.0001286861239296888 5245 6 6 1.93 4 0.09445164403667455 0.0 76.1368045
true 0.018847482962820516 174 6 1 1.94 1 0.09357216363534221 0.0 0.9517445
true 0.0003467418814651624 666 6 1 1.94 2 0.09357216363534221 0.0 5.7637893
true 7.92192375916323e-5 2344 6 1 1.94 3 0.09357216363534221 0.0 27.1957281
true 0.0003027309689490054 5607 6 1 1.94 4 0.09357216363534221 0.0 80.9093226
true 0.01876115492968236 113 6 2 1.94 1 0.09357216363534221 0.0 0.6898716
true 0.000326977903886444 1030 6 2 1.94 2 0.09357216363534221 0.0 8.4255729
true 4.5931880946786796e-5 7884 6 2 1.94 3 0.09357216363534221 0.0 88.0469456
true 0.0007592591260471016 1621 6 2 1.94 4 0.09357216363534221 0.0 28.3010296
true 0.01873270041856745 185 6 3 1.94 1 0.09357216363534221 0.0 1.0785971
true 0.000329790262016109 494 6 3 1.94 2 0.09357216363534221 0.0 4.6015444
true 0.00037172511690227356 2568 6 3 1.94 3 0.09357216363534221 0.0 30.5013358
true 0.00047185038129887724 1176 6 3 1.94 4 0.09357216363534221 0.0 19.6385148
true 0.01835155225658125 266 6 4 1.94 1 0.09357216363534221 0.0 1.5191694
true 0.030045664425525156 579 6 4 1.94 2 0.09357216363534221 0.0 5.3850941
true 0.013791057095530232 860 6 4 1.94 3 0.09357216363534221 0.0 11.5194803
true 0.0004019411394648176 7523 6 4 1.94 4 0.09357216363534221 0.0 106.9033696
true 0.018123628236942878 223 6 5 1.94 1 0.09357216363534221 0.0 1.2781509
true 0.00028682753951244646 1909 6 5 1.94 2 0.09357216363534221 0.0 16.1701859
true 0.003553503528164692 4142 6 5 1.94 3 0.09357216363534221 0.0 48.6100015
true 0.00030729574944987625 8064 6 5 1.94 4 0.09357216363534221 0.0 118.1596948
true 0.015103329748689526 197 6 6 1.94 1 0.09357216363534221 0.0 1.0934553
true 0.00024963025614750206 3033 6 6 1.94 2 0.09357216363534221 0.0 26.3849831
true 0.00013226447294391783 2416 6 6 1.94 3 0.09357216363534221 0.0 28.2745685
true 0.00020795789910046936 4834 6 6 1.94 4 0.09357216363534221 0.0 70.1484205
true 0.01862914140809785 106 6 1 1.95 1 0.09270593780019673 0.0 0.6196908
true 0.0003469071842130411 570 6 1 1.95 2 0.09270593780019673 0.0 5.2812522
true 0.0006039414973654234 733 6 1 1.95 3 0.09270593780019673 0.0 9.4586928
true 0.0002824713581559002 1819 6 1 1.95 4 0.09270593780019673 0.0 27.4541375
true 0.0185456942912344 153 6 2 1.95 1 0.09270593780019673 0.0 0.8490199
true 0.01764446673963066 541 6 2 1.95 2 0.09270593780019673 0.0 4.8410381
true 0.0003357833800118615 2162 6 2 1.95 3 0.09270593780019673 0.0 25.5866176
true 0.00046030438434982446 4116 6 2 1.95 4 0.09270593780019673 0.0 60.7061846
true 0.018517864446019012 101 6 3 1.95 1 0.09270593780019673 0.0 0.6467642
true 0.0003238692997179493 1062 6 3 1.95 2 0.09270593780019673 0.0 9.0226568
true 0.0003983108593366147 3573 6 3 1.95 3 0.09270593780019673 0.0 41.0721922
true 0.00028316954648960335 2724 6 3 1.95 4 0.09270593780019673 0.0 39.9569753
true 0.01814596170399034 301 6 4 1.95 1 0.09270593780019673 0.0 1.7093238
true 0.0002748047636498968 1387 6 4 1.95 2 0.09270593780019673 0.0 11.5567866
true 0.0003390008978860909 4256 6 4 1.95 3 0.09270593780019673 0.0 49.8684107
true 0.0051616166655705925 12578 6 4 1.95 4 0.09270593780019673 0.0 187.1066876
true 0.017921092021768635 270 6 5 1.95 1 0.09270593780019673 0.0 1.5695746
true 0.00027387653450585694 1355 6 5 1.95 2 0.09270593780019673 0.0 11.2074932
true 0.00030043084286544006 6198 6 5 1.95 3 0.09270593780019673 0.0 71.1041447
true 0.00048506946648128044 3818 6 5 1.95 4 0.09270593780019673 0.0 56.6757718
true 0.014934298997724249 197 6 6 1.95 1 0.09270593780019673 0.0 1.1445335
true 0.00023798353557212085 632 6 6 1.95 2 0.09270593780019673 0.0 5.8152522
true 0.00921710648572735 2802 6 6 1.95 3 0.09270593780019673 0.0 35.4098565
true 0.00023801453208163736 5367 6 6 1.95 4 0.09270593780019673 0.0 78.5070204
true 0.01841465174853718 119 6 1 1.96 1 0.09185268817481701 0.0 0.6480984
true 0.0003315702482345473 1332 6 1 1.96 2 0.09185268817481701 0.0 11.1039328
true 0.0003165625890945156 2796 6 1 1.96 3 0.09185268817481701 0.0 32.8563269
true 0.0002798716093450615 2183 6 1 1.96 4 0.09185268817481701 0.0 36.9135381
true 0.01833313644625026 113 6 2 1.96 1 0.09185268817481701 0.0 0.6560062
true 0.0003124794518451768 827 6 2 1.96 2 0.09185268817481701 0.0 7.0737963
true 6.137442679457483e-5 2958 6 2 1.96 3 0.09185268817481701 0.0 33.9599877
true 0.0002309878090528128 8550 6 2 1.96 4 0.09185268817481701 0.0 123.2937642
true 0.018306397189752428 110 6 3 1.96 1 0.09185268817481701 0.0 0.6646609
true 0.0003165469252499979 1086 6 3 1.96 2 0.09185268817481701 0.0 8.9708938
true 0.0005419800709195085 1748 6 3 1.96 3 0.09185268817481701 0.0 20.1249944
true 0.00026017438372903195 7593 6 3 1.96 4 0.09185268817481701 0.0 109.4638272
true 0.017941427106600946 169 6 4 1.96 1 0.09185268817481701 0.0 0.9433536
true 0.00026715826871667736 2431 6 4 1.96 2 0.09185268817481701 0.0 20.3169288
true 0.000351323748512572 2886 6 4 1.96 3 0.09185268817481701 0.0 33.7359665
true 0.00042680790203240837 5453 6 4 1.96 4 0.09185268817481701 0.0 77.8904916
true 0.017722988419299403 114 6 5 1.96 1 0.09185268817481701 0.0 0.6981261
true 0.000303144686294321 1527 6 5 1.96 2 0.09185268817481701 0.0 12.918216
true 0.01420422611200849 2831 6 5 1.96 3 0.09185268817481701 0.0 32.7975752
true 0.0003876188492747845 1390 6 5 1.96 4 0.09185268817481701 0.0 22.8785249
true 0.014768678794322856 222 6 6 1.96 1 0.09185268817481701 0.0 1.3066247
true 0.0002540942201719465 2199 6 6 1.96 2 0.09185268817481701 0.0 19.1764672
true 0.011954007935840921 750 6 6 1.96 3 0.09185268817481701 0.0 10.3463003
true 0.00036899999456395843 5187 6 6 1.96 4 0.09185268817481701 0.0 78.1479146
true 0.018203848512773013 156 6 1 1.97 1 0.09101214385204551 0.0 0.8361446
true 0.00032437188931566663 589 6 1 1.97 2 0.09101214385204551 0.0 5.0980747
true 0.00030398041887153004 1224 6 1 1.97 3 0.09101214385204551 0.0 14.43405
true 0.00030408416661814597 2424 6 1 1.97 4 0.09101214385204551 0.0 36.801787
true 0.018125104797434205 230 6 2 1.97 1 0.09101214385204551 0.0 1.3458047
true 0.0004141934490860255 349 6 2 1.97 2 0.09101214385204551 0.0 3.4366293
true 0.0002875243146605311 2076 6 2 1.97 3 0.09101214385204551 0.0 23.99776
true 0.01735651825034773 1244 6 2 1.97 4 0.09101214385204551 0.0 20.7967978
true 0.01809842038234181 134 6 3 1.97 1 0.09101214385204551 0.0 0.7675002
true 0.000309458584902574 711 6 3 1.97 2 0.09101214385204551 0.0 6.3027951
true 0.0004221322103806213 3578 6 3 1.97 3 0.09101214385204551 0.0 43.4031821
true 0.0002632228677314126 3762 6 3 1.97 4 0.09101214385204551 0.0 54.9608818
true 0.017741128907770368 207 6 4 1.97 1 0.09101214385204551 0.0 1.1205858
true 0.00026553198801193556 2309 6 4 1.97 2 0.09101214385204551 0.0 19.6797265
true 2.2471051656369756e-5 7246 6 4 1.97 3 0.09101214385204551 0.0 83.1132932
true 0.0005157411504276149 5730 6 4 1.97 4 0.09101214385204551 0.0 83.8099369
true 0.017526993475704057 152 6 5 1.97 1 0.09101214385204551 0.0 0.8768787
true 0.00029249636499047995 2116 6 5 1.97 2 0.09101214385204551 0.0 18.0403815
true 4.682982356692955e-5 4340 6 5 1.97 3 0.09101214385204551 0.0 49.7810055
true 0.0006753724885128154 5318 6 5 1.97 4 0.09101214385204551 0.0 77.8952622
true 0.014606535479555677 144 6 6 1.97 1 0.09101214385204551 0.0 0.85321
true 0.010705068779716045 1161 6 6 1.97 2 0.09101214385204551 0.0 10.9076952
true 6.832614411889093e-5 3048 6 6 1.97 3 0.09101214385204551 0.0 35.4086882
true 0.0002387167854417116 14335 6 6 1.97 4 0.09101214385204551 0.0 213.2196846
true 0.017996980313217503 100 6 1 1.98 1 0.09018404113577616 0.0 0.614977
true 0.0003177938037183248 981 6 1 1.98 2 0.09018404113577616 0.0 8.3921746
true 0.00013052722673290162 3759 6 1 1.98 3 0.09018404113577616 0.0 43.1707074
true 0.000466437004546405 4914 6 1 1.98 4 0.09018404113577616 0.0 73.0120866
true 0.017920087696605413 113 6 2 1.98 1 0.09018404113577616 0.0 0.6645367
true 0.0002996810115392101 1175 6 2 1.98 2 0.09018404113577616 0.0 9.7259084
true 0.00018044833142533134 1441 6 2 1.98 3 0.09018404113577616 0.0 18.4345691
true 0.0007130687137200942 6691 6 2 1.98 4 0.09018404113577616 0.0 101.1815068
true 0.017894554995796303 226 6 3 1.98 1 0.09018404113577616 0.0 1.2955778
true 0.00038823859820078893 474 6 3 1.98 2 0.09018404113577616 0.0 4.4470835
true 0.00014748774247970906 3535 6 3 1.98 3 0.09018404113577616 0.0 40.118518
true 0.00029134764023967347 6193 6 3 1.98 4 0.09018404113577616 0.0 91.9435569
true 0.017545125385986182 226 6 4 1.98 1 0.09018404113577616 0.0 1.2462633
true 0.0002712192551730802 2275 6 4 1.98 2 0.09018404113577616 0.0 19.2313007
true 5.08943383399213e-5 2330 6 4 1.98 3 0.09018404113577616 0.0 26.7725258
true 0.00031299048535483875 4360 6 4 1.98 4 0.09018404113577616 0.0 65.2563938
true 0.01733583238117281 133 6 5 1.98 1 0.09018404113577616 0.0 0.813637
true 0.0002699695733512919 1514 6 5 1.98 2 0.09018404113577616 0.0 12.8143901
true 0.011545165587592988 2395 6 5 1.98 3 0.09018404113577616 0.0 29.2093309
true 0.0001868760830715188 5719 6 5 1.98 4 0.09018404113577616 0.0 82.6236604
true 0.1751657694286616 186 6 6 1.98 1 0.09018404113577616 0.0 1.0794034
true 0.0002411242099393159 2048 6 6 1.98 2 0.09018404113577616 0.0 17.2412602
true 0.016925243395602446 941 6 6 1.98 3 0.09018404113577616 0.0 12.7324445
true 0.00025140278422482637 5291 6 6 1.98 4 0.09018404113577616 0.0 76.5740646
true 0.017793324727256032 120 6 1 1.99 1 0.08936812331138665 0.0 0.7040315
true 0.00031077416054980933 785 6 1 1.99 2 0.08936812331138665 0.0 6.5242906
true 7.728596783107555e-5 2680 6 1 1.99 3 0.08936812331138665 0.0 30.9175979
true 0.0004019573998614301 3626 6 1 1.99 4 0.08936812331138665 0.0 55.2543786
true 0.017719497224801845 117 6 2 1.99 1 0.08936812331138665 0.0 0.6746536
true 0.0002929482992554411 1346 6 2 1.99 2 0.08936812331138665 0.0 11.5947512
true 0.0001987719357268991 5036 6 2 1.99 3 0.08936812331138665 0.0 57.8283001
true 0.008933082473710191 3005 6 2 1.99 4 0.08936812331138665 0.0 45.1102392
true 0.017694012099561913 109 6 3 1.99 1 0.08936812331138665 0.0 0.6805961
true 0.0002945835547193039 890 6 3 1.99 2 0.08936812331138665 0.0 7.5053252
true 0.00038681368220213247 4264 6 3 1.99 3 0.08936812331138665 0.0 49.1804493
true 7.768741573455085e-5 3025 6 3 1.99 4 0.08936812331138665 0.0 43.9918604
true 0.017351548288060528 182 6 4 1.99 1 0.08936812331138665 0.0 1.0261404
true 0.00025882851460561074 1070 6 4 1.99 2 0.08936812331138665 0.0 8.8484492
true 0.012856811989153977 1463 6 4 1.99 3 0.08936812331138665 0.0 18.0713575
true 0.00032143169718029663 6452 6 4 1.99 4 0.08936812331138665 0.0 93.7636504
true 0.017146385570148838 261 6 5 1.99 1 0.08936812331138665 0.0 1.5464747
true 0.00026449084560702384 1784 6 5 1.99 2 0.08936812331138665 0.0 15.6279194
true 0.013748085823699985 782 6 5 1.99 3 0.08936812331138665 0.0 10.5995894
true 0.0009809516251051754 8412 6 5 1.99 4 0.08936812331138665 0.0 124.8630418
true 0.0142888634819107 268 6 6 1.99 1 0.08936812331138665 0.0 1.5939093
true 0.0011150361018917958 1490 6 6 1.99 2 0.08936812331138665 0.0 13.1960072
true 0.003657874337134326 2301 6 6 1.99 3 0.08936812331138665 0.0 26.9226977
true 0.002205127622672239 10289 6 6 1.99 4 0.08936812331138665 0.0 157.7688687
true 0.01759398036396287 104 6 1 2.0 1 0.0885641404244465 0.0 0.6445766
true 0.00030376231867362824 969 6 1 2.0 2 0.0885641404244465 0.0 8.0623918
true 5.264151904360581e-5 1750 6 1 2.0 3 0.0885641404244465 0.0 21.2691904
true 0.0003873231155442358 4612 6 1 2.0 4 0.0885641404244465 0.0 67.9569124
true 0.017521548287921712 158 6 2 2.0 1 0.0885641404244465 0.0 0.8189666
true 0.01703149099345122 404 6 2 2.0 2 0.0885641404244465 0.0 3.9754395
true 0.00034987940151109953 2030 6 2 2.0 3 0.0885641404244465 0.0 23.4691457
true 0.00020061512955191207 4083 6 2 2.0 4 0.0885641404244465 0.0 59.3457731
true 0.0174972757422725 106 6 3 2.0 1 0.0885641404244465 0.0 0.6587167
true 0.00029027196884493883 1901 6 3 2.0 2 0.0885641404244465 0.0 15.9528416
true 7.42427817813085e-5 4610 6 3 2.0 3 0.0885641404244465 0.0 51.8645634
true 0.00023135528217566037 4492 6 3 2.0 4 0.0885641404244465 0.0 66.2347922
true 0.017161837507936442 222 6 4 2.0 1 0.0885641404244465 0.0 1.2356994
true 0.0002539072667891995 1558 6 4 2.0 2 0.0885641404244465 0.0 12.5627644
true 5.1441970758320243e-5 2966 6 4 2.0 3 0.0885641404244465 0.0 35.0326572
true 0.0002623857769656762 5633 6 4 2.0 4 0.0885641404244465 0.0 82.7548941
true 0.016960767167389014 172 6 5 2.0 1 0.0885641404244465 0.0 1.0341632
true 0.0002645564931891053 1839 6 5 2.0 2 0.0885641404244465 0.0 15.7648621
true 0.0001436000996163922 4937 6 5 2.0 3 0.0885641404244465 0.0 57.7404815
true 0.0003099400131582608 1922 6 5 2.0 4 0.0885641404244465 0.0 30.8165303
true 0.17541528060453485 155 6 6 2.0 1 0.0885641404244465 0.0 0.9069377
true 0.0002521049681633118 2524 6 6 2.0 2 0.0885641404244465 0.0 21.8222505
true 0.0001525395223688497 7259 6 6 2.0 3 0.0885641404244465 0.0 84.6493887
true 0.0008805642305008873 5528 6 6 2.0 4 0.0885641404244465 0.0 82.6291238