g_converged min_loss iter nsites nqubits0 h nlayers SvN m time
true 0.02314188404505685 51 4 1 1.75 1 0.11006905644949685 0.0 5.7048202
true 0.00039021853473197865 236 4 1 1.75 2 0.11006905644949685 0.0 0.9278901
true 2.891150397255071e-6 944 4 1 1.75 3 0.11006905644949685 0.0 4.8103465
true 2.3224408429722843e-7 407 4 1 1.75 4 0.11006905644949685 0.0 3.2921321
true 0.022205667256123218 72 4 2 1.75 1 0.11006905644949685 0.0 0.1546034
true 0.00020817151144117418 577 4 2 1.75 2 0.11006905644949685 0.0 2.2285938
true 1.8074501733994497e-5 681 4 2 1.75 3 0.11006905644949685 0.0 3.6602445
true 1.1917756852219963e-5 682 4 2 1.75 4 0.11006905644949685 0.0 5.2619931
true 0.02189408669408423 99 4 3 1.75 1 0.11006905644949685 0.0 0.2475361
true 0.00028655676872533603 562 4 3 1.75 2 0.11006905644949685 0.0 2.1370524
true 2.151825181264296e-5 1481 4 3 1.75 3 0.11006905644949685 0.0 7.5136371
true 0.0004860656396126946 899 4 3 1.75 4 0.11006905644949685 0.0 6.2041569
true 0.016421308762681497 101 4 4 1.75 1 0.11006905644949685 0.0 0.296508
true 0.00022265313286436161 673 4 4 1.75 2 0.11006905644949685 0.0 2.5831859
true 1.6610589118518093e-5 1104 4 4 1.75 3 0.11006905644949685 0.0 5.8417153
true 0.0001051048408934191 2602 4 4 1.75 4 0.11006905644949685 0.0 16.4347111
true 0.023024741069994137 57 4 1 1.754 1 0.10963132712715223 0.0 0.1436623
true 0.000386894396908366 677 4 1 1.754 2 0.10963132712715223 0.0 2.5522681
true 5.598032957920829e-5 865 4 1 1.754 3 0.10963132712715223 0.0 4.676838
true 3.366346849054125e-7 487 4 1 1.754 4 0.10963132712715223 0.0 3.9561737
true 0.022097541290663325 86 4 2 1.754 1 0.10963132712715223 0.0 0.2035561
true 0.0002105383179300535 635 4 2 1.754 2 0.10963132712715223 0.0 2.3631024
true 2.9474643431975922e-5 613 4 2 1.754 3 0.10963132712715223 0.0 3.2842111
true 7.607897231420857e-5 1331 4 2 1.754 4 0.10963132712715223 0.0 8.8642637
true 0.021788447057871124 64 4 3 1.754 1 0.10963132712715223 0.0 0.1891198
true 0.027268900301650318 202 4 3 1.754 2 0.10963132712715223 0.0 1.0133144
true 0.00702005376261879 576 4 3 1.754 3 0.10963132712715223 0.0 3.3936505
true 0.0002102250155780657 499 4 3 1.754 4 0.10963132712715223 0.0 4.3075536
true 0.016341404163638634 62 4 4 1.754 1 0.10963132712715223 0.0 0.1847894
true 0.00021362878004609065 248 4 4 1.754 2 0.10963132712715223 0.0 1.0915313
true 5.2766778347687615e-5 1033 4 4 1.754 3 0.10963132712715223 0.0 5.7488008
true 6.387885811241778e-5 2099 4 4 1.754 4 0.10963132712715223 0.0 15.2136002
true 0.022908853278385488 57 4 1 1.758 1 0.10919632649010559 0.0 0.1621582
true 0.0003835945987448741 232 4 1 1.758 2 0.10919632649010559 0.0 1.0860222
true 4.925581090886588e-6 940 4 1 1.758 3 0.10919632649010559 0.0 5.2863109
true 2.042047974104566e-6 982 4 1 1.758 4 0.10919632649010559 0.0 6.8618355
true 0.021989123088992063 52 4 2 1.758 1 0.10919632649010559 0.0 0.130456
true 0.0002045379929485336 510 4 2 1.758 2 0.10919632649010559 0.0 2.2006394
true 0.010475756402879344 567 4 2 1.758 3 0.10919632649010559 0.0 3.2382304
true 7.34288460227106e-5 2627 4 2 1.758 4 0.10919632649010559 0.0 18.7706496
true 0.021682774994462157 61 4 3 1.758 1 0.10919632649010559 0.0 0.1878511
true 0.0002725408011787593 464 4 3 1.758 2 0.10919632649010559 0.0 1.9818058
true 1.9294271440243687e-5 750 4 3 1.758 3 0.10919632649010559 0.0 4.3483733
true 7.519280171823055e-5 1881 4 3 1.758 4 0.10919632649010559 0.0 13.2124439
true 0.01626260782527604 119 4 4 1.758 1 0.10919632649010559 0.0 0.3199447
true 0.00021111990810215864 679 4 4 1.758 2 0.10919632649010559 0.0 2.9053729
true 7.92451122295923e-6 824 4 4 1.758 3 0.10919632649010559 0.0 4.7447339
true 8.909765548928417e-5 3035 4 4 1.758 4 0.10919632649010559 0.0 21.1159414
true 0.022793552651926785 59 4 1 1.762 1 0.10876403182300093 0.0 0.150585
true 0.0003797564029182632 254 4 1 1.762 2 0.10876403182300093 0.0 1.1188648
true 0.0003769145454691758 660 4 1 1.762 3 0.10876403182300093 0.0 3.9439872
true 2.2524184154770754e-5 607 4 1 1.762 4 0.10876403182300093 0.0 4.8761331
true 0.021882001799393647 53 4 2 1.762 1 0.10876403182300093 0.0 0.1555316
true 0.022180607329885943 211 4 2 1.762 2 0.10876403182300093 0.0 0.9709286
true 0.00011064527355506004 1747 4 2 1.762 3 0.10876403182300093 0.0 9.7330346
true 1.99042005034622e-5 835 4 2 1.762 4 0.10876403182300093 0.0 6.4760028
true 0.021578192876995955 68 4 3 1.762 1 0.10876403182300093 0.0 0.1882819
true 0.00027186910192063724 496 4 3 1.762 2 0.10876403182300093 0.0 2.0882188
true 3.601282779630566e-5 1031 4 3 1.762 3 0.10876403182300093 0.0 5.8140082
true 0.00021490759770172638 661 4 3 1.762 4 0.10876403182300093 0.0 5.3295168
true 0.25569848105977566 104 4 4 1.762 1 0.10876403182300093 0.0 0.2871914
true 0.0012437637040305233 616 4 4 1.762 2 0.10876403182300093 0.0 2.7761641
true 1.977869687043443e-5 768 4 4 1.762 3 0.10876403182300093 0.0 4.4584468
true 0.00014691529968954842 1039 4 4 1.762 4 0.10876403182300093 0.0 7.8908033
true 0.02267936549088606 76 4 1 1.766 1 0.10833442063930465 0.0 0.1970542
true 0.0003766740440178662 406 4 1 1.766 2 0.10833442063930465 0.0 1.718628
true 0.0002855355622817246 430 4 1 1.766 3 0.10833442063930465 0.0 2.6284658
true 3.975627925256742e-6 814 4 1 1.766 4 0.10833442063930465 0.0 6.4972788
true 0.021775834316485887 66 4 2 1.766 1 0.10833442063930465 0.0 0.1746498
true 0.00020426786914448658 432 4 2 1.766 2 0.10833442063930465 0.0 1.7520922
true 1.4675476720654723e-5 2930 4 2 1.766 3 0.10833442063930465 0.0 15.7857805
true 1.4705309400453448e-5 1260 4 2 1.766 4 0.10833442063930465 0.0 9.1845631
true 0.02147466284588832 74 4 3 1.766 1 0.10833442063930465 0.0 0.2047113
true 0.000276595920310226 509 4 3 1.766 2 0.10833442063930465 0.0 2.2180302
true 0.0001637442246991879 2451 4 3 1.766 3 0.10833442063930465 0.0 14.084352
true 0.00016879399153977662 1425 4 3 1.766 4 0.10833442063930465 0.0 10.4806465
true 0.016107137922907425 88 4 4 1.766 1 0.10833442063930465 0.0 0.25435
true 0.25000845130676963 215 4 4 1.766 2 0.10833442063930465 0.0 1.0660334
true 4.922743169356869e-5 871 4 4 1.766 3 0.10833442063930465 0.0 5.1459843
true 0.0001775944600567042 1271 4 4 1.766 4 0.10833442063930465 0.0 9.5379933
true 0.022566262239830714 73 4 1 1.77 1 0.10790747067873688 0.0 0.1915548
true 0.00037329996876234173 294 4 1 1.77 2 0.10790747067873688 0.0 1.2571037
true 5.256945894593912e-6 404 4 1 1.77 3 0.10790747067873688 0.0 2.4782317
true 3.0038011966104783e-6 640 4 1 1.77 4 0.10790747067873688 0.0 5.1574191
true 0.021669961778722407 65 4 2 1.77 1 0.10790747067873688 0.0 0.1956476
true 0.00020305030577921768 515 4 2 1.77 2 0.10790747067873688 0.0 2.0833519
true 1.9282833620654083e-5 1164 4 2 1.77 3 0.10790747067873688 0.0 6.5470566
true 8.723504256910597e-5 1195 4 2 1.77 4 0.10790747067873688 0.0 8.4917855
true 0.021371672012494236 78 4 3 1.77 1 0.10790747067873688 0.0 0.2206894
true 0.0002670651610349369 472 4 3 1.77 2 0.10790747067873688 0.0 2.0475826
true 0.00010373972385994505 436 4 3 1.77 3 0.10790747067873688 0.0 2.7937077
true 4.127748332984534e-5 1973 4 3 1.77 4 0.10790747067873688 0.0 14.361938
true 0.25564161802164154 81 4 4 1.77 1 0.10790747067873688 0.0 0.2439287
true 0.00020267852963205824 181 4 4 1.77 2 0.10790747067873688 0.0 0.9397977
true 1.7662216566058375e-5 1295 4 4 1.77 3 0.10790747067873688 0.0 7.4338587
true 9.196068631302234e-5 586 4 4 1.77 4 0.10790747067873688 0.0 5.0662238
true 0.02245381579239447 57 4 1 1.774 1 0.10748315990471694 0.0 0.1500206
true 0.0003701118635873746 346 4 1 1.774 2 0.10748315990471694 0.0 1.4598705
true 0.00038337979969610414 653 4 1 1.774 3 0.10748315990471694 0.0 3.8286993
true 2.8532130513236886e-6 701 4 1 1.774 4 0.10748315990471694 0.0 5.7878492
true 0.021566113643642915 64 4 2 1.774 1 0.10748315990471694 0.0 0.1814505
true 0.00019784974752826145 607 4 2 1.774 2 0.10748315990471694 0.0 2.5704926
true 5.047525158646815e-6 545 4 2 1.774 3 0.10748315990471694 0.0 3.3413967
true 0.00011473938135930783 1478 4 2 1.774 4 0.10748315990471694 0.0 10.9377672
true 0.021269286592951926 93 4 3 1.774 1 0.10748315990471694 0.0 0.2612132
true 0.00027000198109150553 472 4 3 1.774 2 0.10748315990471694 0.0 2.0219912
true 6.369420139179516e-5 1357 4 3 1.774 3 0.10748315990471694 0.0 7.848397
true 4.5710406793353364e-5 1505 4 3 1.774 4 0.10748315990471694 0.0 11.0534316
true 0.01595214517160537 104 4 4 1.774 1 0.10748315990471694 0.0 0.3049339
true 0.0002054925492715326 565 4 4 1.774 2 0.10748315990471694 0.0 2.4968285
true 5.274667516819154e-6 638 4 4 1.774 3 0.10748315990471694 0.0 3.9988934
true 3.8729889760294456e-5 1563 4 4 1.774 4 0.10748315990471694 0.0 11.4250206
true 0.02234222823114801 55 4 1 1.778 1 0.10706146650185454 0.0 0.1692674
true 0.0003677659126217203 347 4 1 1.778 2 0.10706146650185454 0.0 1.495815
true 1.9214500541764323e-5 1032 4 1 1.778 3 0.10706146650185454 0.0 5.8518462
true 1.2876919340820692e-6 353 4 1 1.778 4 0.10706146650185454 0.0 3.1524807
true 0.02146155033312025 63 4 2 1.778 1 0.10706146650185454 0.0 0.1699269
true 0.0004743374882566209 220 4 2 1.778 2 0.10706146650185454 0.0 1.0691637
true 1.6563589054607863e-5 1337 4 2 1.778 3 0.10706146650185454 0.0 7.4110324
true 2.238662830875149e-5 1981 4 2 1.778 4 0.10706146650185454 0.0 14.088092
true 0.021167456301244742 100 4 3 1.778 1 0.10706146650185454 0.0 0.2718443
true 0.00026539951239468174 458 4 3 1.778 2 0.10706146650185454 0.0 1.987567
true 2.3884135729475748e-5 726 4 3 1.778 3 0.10706146650185454 0.0 4.2092583
true 4.0056265198817886e-5 1637 4 3 1.778 4 0.10706146650185454 0.0 11.61832
true 0.2555857085098702 94 4 4 1.778 1 0.10706146650185454 0.0 0.2827209
true 0.0002122594057684113 672 4 4 1.778 2 0.10706146650185454 0.0 2.799844
true 2.010791019441127e-5 910 4 4 1.778 3 0.10706146650185454 0.0 5.3830126
true 0.00011732400257237485 2063 4 4 1.778 4 0.10706146650185454 0.0 14.9399746
true 0.022231622054139366 97 4 1 1.782 1 0.10664236887346724 0.0 0.2664051
true 0.0003643872182200747 350 4 1 1.782 2 0.10664236887346724 0.0 1.5280684
true 4.774967171106148e-7 545 4 1 1.782 3 0.10664236887346724 0.0 3.2924499
true 2.2723711664562884e-6 1456 4 1 1.782 4 0.10664236887346724 0.0 10.511509
true 0.021357866447867996 67 4 2 1.782 1 0.10664236887346724 0.0 0.1945914
true 0.0001977410097954435 463 4 2 1.782 2 0.10664236887346724 0.0 1.8900517
true 7.504443223615986e-6 1468 4 2 1.782 3 0.10664236887346724 0.0 8.0152594
true 8.643147512285565e-5 1474 4 2 1.782 4 0.10664236887346724 0.0 11.0797378
true 0.021066940898630777 57 4 3 1.782 1 0.10664236887346724 0.0 0.1608033
true 0.0002638535890965299 490 4 3 1.782 2 0.10664236887346724 0.0 2.2142303
true 7.455683755340041e-5 1126 4 3 1.782 3 0.10664236887346724 0.0 6.3659613
true 0.0002179550504413652 1377 4 3 1.782 4 0.10664236887346724 0.0 10.0166004
true 0.015800513697177596 116 4 4 1.782 1 0.10664236887346724 0.0 0.3489506
true 0.00020309248649871825 602 4 4 1.782 2 0.10664236887346724 0.0 2.5386734
true 1.1681620555162309e-5 1231 4 4 1.782 3 0.10664236887346724 0.0 7.1380467
true 0.0001598870798680957 559 4 4 1.782 4 0.10664236887346724 0.0 4.842258
true 0.022121670346838485 65 4 1 1.786 1 0.10622584563911956 0.0 0.1859488
true 0.00036450797512982414 265 4 1 1.786 2 0.10622584563911956 0.0 1.1729786
true 0.0003033477024024789 1410 4 1 1.786 3 0.10622584563911956 0.0 7.6579817
true 9.181768192589868e-6 830 4 1 1.786 4 0.10622584563911956 0.0 6.1512263
true 0.02125572880156254 67 4 2 1.786 1 0.10622584563911956 0.0 0.1890515
true 0.010873880967830735 249 4 2 1.786 2 0.10622584563911956 0.0 1.106267
true 0.0091377860686567 1387 4 2 1.786 3 0.10622584563911956 0.0 7.8300177
true 4.3715077121003754e-5 819 4 2 1.786 4 0.10622584563911956 0.0 6.5178169
true 0.020967003306645932 114 4 3 1.786 1 0.10622584563911956 0.0 0.3321076
true 0.00025733772282534223 475 4 3 1.786 2 0.10622584563911956 0.0 2.0792444
true 0.01398830206828298 945 4 3 1.786 3 0.10622584563911956 0.0 5.6189406
true 1.1754661378908052e-5 907 4 3 1.786 4 0.10622584563911956 0.0 7.5369642
true 0.015725347440235543 77 4 4 1.786 1 0.10622584563911956 0.0 0.2476892
true 0.01985135498365012 198 4 4 1.786 2 0.10622584563911956 0.0 0.9857332
true 0.0002736026804601166 1583 4 4 1.786 3 0.10622584563911956 0.0 9.4024309
true 3.206115130827136e-5 2179 4 4 1.786 4 0.10622584563911956 0.0 15.4166708
true 0.02201246112364269 52 4 1 1.79 1 0.10581187563218997 0.0 0.1508083
true 0.0003580196686070458 577 4 1 1.79 2 0.10581187563218997 0.0 2.4253224
true 4.330231718163713e-5 692 4 1 1.79 3 0.10581187563218997 0.0 3.9627111
true 7.348553433317306e-6 476 4 1 1.79 4 0.10581187563218997 0.0 4.1718495
true 0.021153746907353083 68 4 2 1.79 1 0.10581187563218997 0.0 0.1975815
true 0.01082039790099712 300 4 2 1.79 2 0.10581187563218997 0.0 1.3726757
true 1.5838187740757625e-5 808 4 2 1.79 3 0.10581187563218997 0.0 4.6121642
true 0.0003269306689173135 918 4 2 1.79 4 0.10581187563218997 0.0 6.9608625
true 0.02086725385853812 58 4 3 1.79 1 0.10581187563218997 0.0 0.1576601
true 0.00025453970022624545 858 4 3 1.79 2 0.10581187563218997 0.0 3.7091986
true 5.353370781034187e-5 904 4 3 1.79 3 0.10581187563218997 0.0 5.3310128
true 0.0004788130356698783 2177 4 3 1.79 4 0.10581187563218997 0.0 15.3287677
true 0.2546446744666154 64 4 4 1.79 1 0.10581187563218997 0.0 0.2017237
true 0.00020026096700706542 1121 4 4 1.79 2 0.10581187563218997 0.0 4.8451373
true 3.6389548252468984e-5 1716 4 4 1.79 3 0.10581187563218997 0.0 9.848426
true 0.00017585972066612443 1672 4 4 1.79 4 0.10581187563218997 0.0 12.1907529
true 0.02190431190917158 47 4 1 1.794 1 0.10540043789747637 0.0 0.1337021
true 0.00035653414476266576 241 4 1 1.794 2 0.10540043789747637 0.0 1.1725502
true 5.078790372703423e-7 495 4 1 1.794 3 0.10540043789747637 0.0 3.0646001
true 1.642459885742298e-5 708 4 1 1.794 4 0.10540043789747637 0.0 5.6664714
true 0.021053429837224774 73 4 2 1.794 1 0.10540043789747637 0.0 0.2203671
true 0.0001914220435015046 539 4 2 1.794 2 0.10540043789747637 0.0 2.2157835
true 9.306879740905716e-6 702 4 2 1.794 3 0.10540043789747637 0.0 4.22791
true 6.961201858501909e-5 1806 4 2 1.794 4 0.10540043789747637 0.0 13.1110597
true 0.020768919424853965 67 4 3 1.794 1 0.10540043789747637 0.0 0.1958972
true 0.0002545011178996341 626 4 3 1.794 2 0.10540043789747637 0.0 2.7155148
true 4.388026366719533e-5 1689 4 3 1.794 3 0.10540043789747637 0.0 10.1233496
true 2.8902657337033972e-5 1964 4 3 1.794 4 0.10540043789747637 0.0 14.1174677
true 0.015577379295249494 88 4 4 1.794 1 0.10540043789747637 0.0 0.2689166
true 0.00019974833618989496 548 4 4 1.794 2 0.10540043789747637 0.0 2.6473501
true 3.5361833067487636e-5 1016 4 4 1.794 3 0.10540043789747637 0.0 6.1287706
true 0.0001320426816543846 1472 4 4 1.794 4 0.10540043789747637 0.0 11.2257859
true 0.021797066084035643 70 4 1 1.798 1 0.10499151168882122 0.0 0.2202484
true 0.0003514629401534797 330 4 1 1.798 2 0.10499151168882122 0.0 1.5743817
true 4.080773036874152e-6 549 4 1 1.798 3 0.10499151168882122 0.0 3.6395963
true 1.6960434833235283e-6 932 4 1 1.798 4 0.10499151168882122 0.0 8.5296935
true 0.020952470846243382 76 4 2 1.798 1 0.10499151168882122 0.0 0.2500908
true 0.00018952669475200135 899 4 2 1.798 2 0.10499151168882122 0.0 4.5797474
true 0.00023527875943918364 1369 4 2 1.798 3 0.10499151168882122 0.0 9.2058431
true 2.2855666521520712e-5 1181 4 2 1.798 4 0.10499151168882122 0.0 10.0904305
true 0.02067084855461841 101 4 3 1.798 1 0.10499151168882122 0.0 0.3683244
true 0.0002502323317015535 681 4 3 1.798 2 0.10499151168882122 0.0 3.2756507
true 5.412996499047177e-5 1149 4 3 1.798 3 0.10499151168882122 0.0 7.5739196
true 0.00013833736218210602 440 4 3 1.798 4 0.10499151168882122 0.0 4.6059601
true 0.015503872332476895 59 4 4 1.798 1 0.10499151168882122 0.0 0.2435686
true 0.00019283363304545276 697 4 4 1.798 2 0.10499151168882122 0.0 3.5278038
true 0.009420412053508534 1361 4 4 1.798 3 0.10499151168882122 0.0 9.6530136
true 0.00010199943546203294 1973 4 4 1.798 4 0.10499151168882122 0.0 17.8721221
true 0.021690226285008996 56 4 1 1.802 1 0.10458507646675824 0.0 0.21
true 0.00034853253674083096 218 4 1 1.802 2 0.10458507646675824 0.0 1.3356767
true 5.155899942715925e-5 272 4 1 1.802 3 0.10458507646675824 0.0 2.5188452
true 6.322961965121721e-7 431 4 1 1.802 4 0.10458507646675824 0.0 5.0371272
true 0.020852845555377336 76 4 2 1.802 1 0.10458507646675824 0.0 0.3008572
true 0.00018634156834665405 519 4 2 1.802 2 0.10458507646675824 0.0 2.8341245
true 6.647016076838375e-5 1553 4 2 1.802 3 0.10458507646675824 0.0 13.0257376
true 0.00012560558653235132 1442 4 2 1.802 4 0.10458507646675824 0.0 15.4438423
true 0.34056336076982374 65 4 3 1.802 1 0.10458507646675824 0.0 0.3137679
true 0.0002502983565537316 976 4 3 1.802 2 0.10458507646675824 0.0 6.2305548
true 6.171801080438281e-5 728 4 3 1.802 3 0.10458507646675824 0.0 6.1756084
true 0.00016276528142319022 652 4 3 1.802 4 0.10458507646675824 0.0 7.63777
true 0.25458523600523636 74 4 4 1.802 1 0.10458507646675824 0.0 0.3164703
true 0.00019331925942006611 710 4 4 1.802 2 0.10458507646675824 0.0 4.5197318
true 0.00024938034445282087 859 4 4 1.802 3 0.10458507646675824 0.0 7.6901443
true 0.00015048687955174223 968 4 4 1.802 4 0.10458507646675824 0.0 11.001386
true 0.02158418448485533 52 4 1 1.806 1 0.10418111189620055 0.0 0.232037
true 0.00034593900163443214 306 4 1 1.806 2 0.10418111189620055 0.0 1.8776277
true 3.752939574275249e-6 825 4 1 1.806 3 0.10418111189620055 0.0 6.7320886
true 5.176627129122036e-6 908 4 1 1.806 4 0.10418111189620055 0.0 9.9467207
true 0.020753640151054742 84 4 2 1.806 1 0.10418111189620055 0.0 0.3611643
true 0.00022965124155352457 349 4 2 1.806 2 0.10418111189620055 0.0 2.2305518
true 0.008928406402461675 624 4 2 1.806 3 0.10418111189620055 0.0 5.9924728
true 2.6761675199410417e-5 1550 4 2 1.806 4 0.10418111189620055 0.0 17.7034974
true 0.020477032005450924 69 4 3 1.806 1 0.10418111189620055 0.0 0.3243144
true 0.00024743982357043154 435 4 3 1.806 2 0.10418111189620055 0.0 2.9860541
true 0.0002311703248365308 1517 4 3 1.806 3 0.10418111189620055 0.0 14.0979297
true 0.00020119980153219622 627 4 3 1.806 4 0.10418111189620055 0.0 8.7144063
true 0.25539646989242326 68 4 4 1.806 1 0.10418111189620055 0.0 0.3250858
true 0.00019938296579603831 725 4 4 1.806 2 0.10418111189620055 0.0 4.6067597
true 2.054372693678641e-5 658 4 4 1.806 3 0.10418111189620055 0.0 6.2015717
true 4.942697825799369e-5 2363 4 4 1.806 4 0.10418111189620055 0.0 26.0482263
true 0.021479718582499807 58 4 1 1.81 1 0.10377959784414785 0.0 0.2407652
true 0.0003429581077418753 496 4 1 1.81 2 0.10377959784414785 0.0 3.239547
true 3.0926637454853356e-6 636 4 1 1.81 3 0.10377959784414785 0.0 5.6927577
true 3.496145094539216e-7 844 4 1 1.81 4 0.10377959784414785 0.0 9.5060838
true 0.02065568243428012 64 4 2 1.81 1 0.10377959784414785 0.0 0.3010066
true 0.0001856798846581742 605 4 2 1.81 2 0.10377959784414785 0.0 3.9104683
true 0.00032819852489829326 1078 4 2 1.81 3 0.10377959784414785 0.0 8.9365269
true 2.2340298146905635e-5 838 4 2 1.81 4 0.10377959784414785 0.0 9.7159055
true 0.020380979824196583 65 4 3 1.81 1 0.10377959784414785 0.0 0.2849845
true 0.0002465455916988805 697 4 3 1.81 2 0.10377959784414785 0.0 4.4500389
true 0.000178559087214795 550 4 3 1.81 3 0.10377959784414785 0.0 5.0830697
true 0.0001247618642562139 1480 4 3 1.81 4 0.10377959784414785 0.0 15.8666923
true 0.015287522595615333 88 4 4 1.81 1 0.10377959784414785 0.0 0.4143026
true 0.00018900729857587728 782 4 4 1.81 2 0.10377959784414785 0.0 4.9353682
true 1.7250568491375406e-5 1540 4 4 1.81 3 0.10377959784414785 0.0 13.2440625
true 0.00021204306104403992 1381 4 4 1.81 4 0.10377959784414785 0.0 15.0877373
true 0.021374878482956605 65 4 1 1.814 1 0.10338051437741284 0.0 0.2615392
true 0.0003399677831342207 420 4 1 1.814 2 0.10338051437741284 0.0 2.5781222
true 3.5479316550790507e-6 630 4 1 1.814 3 0.10338051437741284 0.0 5.6997873
true 3.4231641505289012e-6 828 4 1 1.814 4 0.10338051437741284 0.0 9.4215984
true 0.020558144488111357 79 4 2 1.814 1 0.10338051437741284 0.0 0.3307647
true 0.0001850007152602584 659 4 2 1.814 2 0.10338051437741284 0.0 3.9944749
true 0.00011968533220227395 876 4 2 1.814 3 0.10338051437741284 0.0 7.6115493
true 7.351375138808791e-5 861 4 2 1.814 4 0.10338051437741284 0.0 9.7383517
true 0.02028621802913873 67 4 3 1.814 1 0.10338051437741284 0.0 0.3002041
true 0.0002448936758541927 448 4 3 1.814 2 0.10338051437741284 0.0 2.8490959
true 0.00013006138224852526 1110 4 3 1.814 3 0.10338051437741284 0.0 9.6200585
true 0.00032518688785843075 1245 4 3 1.814 4 0.10338051437741284 0.0 13.6481459
true 0.015214425220702585 77 4 4 1.814 1 0.10338051437741284 0.0 0.3370637
true 0.00018362111784300805 516 4 4 1.814 2 0.10338051437741284 0.0 3.3662778
true 7.262282943748533e-5 1260 4 4 1.814 3 0.10338051437741284 0.0 10.6703143
true 0.00018704749131848164 956 4 4 1.814 4 0.10338051437741284 0.0 11.1640727
true 0.021271652298041677 54 4 1 1.818 1 0.10298384176038922 0.0 0.239383
true 0.00035457178879710893 326 4 1 1.818 2 0.10298384176038922 0.0 2.1927672
true 5.309562415900526e-6 649 4 1 1.818 3 0.10298384176038922 0.0 5.7186306
true 1.6699910059814194e-6 766 4 1 1.818 4 0.10298384176038922 0.0 8.6186032
true 0.020461299346157924 72 4 2 1.818 1 0.10298384176038922 0.0 0.2773314
true 0.010460809928754006 285 4 2 1.818 2 0.10298384176038922 0.0 1.9762592
true 7.335974227171138e-5 876 4 2 1.818 3 0.10298384176038922 0.0 7.5608979
true 0.00034994660870929506 950 4 2 1.818 4 0.10298384176038922 0.0 10.9844785
true 0.020191752053685712 78 4 3 1.818 1 0.10298384176038922 0.0 0.3623789
true 0.0002379083580323904 217 4 3 1.818 2 0.10298384176038922 0.0 1.5106798
true 0.00022442316422697597 610 4 3 1.818 3 0.10298384176038922 0.0 5.5541239
true 0.0018835346189897313 1576 4 3 1.818 4 0.10298384176038922 0.0 17.8534477
true 0.2553193725139172 71 4 4 1.818 1 0.10298384176038922 0.0 0.3230108
true 0.000188736774421841 617 4 4 1.818 2 0.10298384176038922 0.0 3.9352654
true 4.3648314691918655e-5 729 4 4 1.818 3 0.10298384176038922 0.0 6.6094926
true 0.0001353965067432683 571 4 4 1.818 4 0.10298384176038922 0.0 7.0014229
true 0.0211685349854685 56 4 1 1.822 1 0.10258956045284198 0.0 0.2156183
true 0.00037254836789563095 210 4 1 1.822 2 0.10258956045284198 0.0 1.4844167
true 0.0003796478728182451 747 4 1 1.822 3 0.10258956045284198 0.0 6.2877944
true 5.290261901935711e-6 1149 4 1 1.822 4 0.10258956045284198 0.0 12.2680291
true 0.020365438905760952 63 4 2 1.822 1 0.10258956045284198 0.0 0.2720315
true 0.000187273160832363 209 4 2 1.822 2 0.10258956045284198 0.0 1.5326938
true 0.0001492250033642284 910 4 2 1.822 3 0.10258956045284198 0.0 7.6661764
true 0.0015565354895910877 1403 4 2 1.822 4 0.10258956045284198 0.0 14.9392207
true 0.020097546155437462 60 4 3 1.822 1 0.10258956045284198 0.0 0.2460572
true 0.0002381715545173487 568 4 3 1.822 2 0.10258956045284198 0.0 3.5923928
true 5.6586316965571516e-5 693 4 3 1.822 3 0.10258956045284198 0.0 6.0684471
true 8.33384032414101e-5 1649 4 3 1.822 4 0.10258956045284198 0.0 17.5770475
true 0.015073378306249136 83 4 4 1.822 1 0.10258956045284198 0.0 0.3842549
true 0.018088824461966885 523 4 4 1.822 2 0.10258956045284198 0.0 3.4883259
true 7.119716565888445e-5 854 4 4 1.822 3 0.10258956045284198 0.0 7.5111374
true 0.00015506559858471936 615 4 4 1.822 4 0.10258956045284198 0.0 7.7434397
true 0.021066863815410952 66 4 1 1.826 1 0.10219765110770393 0.0 0.2691313
true 0.0003315185082930494 253 4 1 1.826 2 0.10219765110770393 0.0 1.6065926
true 0.0002789489877525475 812 4 1 1.826 3 0.10219765110770393 0.0 6.8787561
true 3.138274098368754e-7 671 4 1 1.826 4 0.10219765110770393 0.0 8.2134558
true 0.020270883719745947 65 4 2 1.826 1 0.10219765110770393 0.0 0.2814716
true 0.00018548392350081766 574 4 2 1.826 2 0.10219765110770393 0.0 3.5587271
true 0.00875691732465686 814 4 2 1.826 3 0.10219765110770393 0.0 7.2167192
true 6.506052210797364e-5 1357 4 2 1.826 4 0.10219765110770393 0.0 14.2223409
true 0.020004240565994147 77 4 3 1.826 1 0.10219765110770393 0.0 0.3128797
true 0.0002407176684363077 954 4 3 1.826 2 0.10219765110770393 0.0 6.0686361
true 2.5966824729920884e-5 628 4 3 1.826 3 0.10219765110770393 0.0 5.7707292
true 0.00011645274289475334 1453 4 3 1.826 4 0.10219765110770393 0.0 15.4293077
true 0.25526701116678385 66 4 4 1.826 1 0.10219765110770393 0.0 0.3486555
true 0.00018347930333047213 744 4 4 1.826 2 0.10219765110770393 0.0 4.6980984
true 0.01045445752261688 690 4 4 1.826 3 0.10219765110770393 0.0 6.2141848
true 0.00039688862841759376 1929 4 4 1.826 4 0.10219765110770393 0.0 20.6699729
true 0.020965352763264 54 4 1 1.83 1 0.10180809456892552 0.0 0.243104
true 0.0003286331654497321 218 4 1 1.83 2 0.10180809456892552 0.0 1.4513171
true 6.711819311833178e-6 1151 4 1 1.83 3 0.10180809456892552 0.0 9.4538535
true 2.82836472581538e-6 1502 4 1 1.83 4 0.10180809456892552 0.0 15.9192349
true 0.02017574093798799 66 4 2 1.83 1 0.10180809456892552 0.0 0.2978486
true 0.010312428912791632 332 4 2 1.83 2 0.10180809456892552 0.0 2.2366403
true 0.0097133904318209 404 4 2 1.83 3 0.10180809456892552 0.0 3.764134
true 4.821161329301993e-5 925 4 2 1.83 4 0.10180809456892552 0.0 10.2954565
true 0.01991224145580713 110 4 3 1.83 1 0.10180809456892552 0.0 0.4130306
true 0.005877854530939586 571 4 3 1.83 2 0.10180809456892552 0.0 3.8711183
true 1.5551245426274434e-5 1358 4 3 1.83 3 0.10180809456892552 0.0 11.405383
true 0.00010792122491008287 2398 4 3 1.83 4 0.10180809456892552 0.0 25.0021193
true 0.014933970437817426 148 4 4 1.83 1 0.10180809456892552 0.0 0.7027384
true 0.00018581023630798166 701 4 4 1.83 2 0.10180809456892552 0.0 4.4930349
true 0.00011109716233291544 885 4 4 1.83 3 0.10180809456892552 0.0 7.6508844
true 6.764148090110389e-5 1956 4 4 1.83 4 0.10180809456892552 0.0 21.1563623
true 0.020864446553651494 55 4 1 1.834 1 0.10142087186934172 0.0 0.2271005
true 0.0003257609808749451 253 4 1 1.834 2 0.10142087186934172 0.0 1.7384163
true 2.613127360939771e-6 745 4 1 1.834 3 0.10142087186934172 0.0 6.327817
true 1.699349526124161e-5 370 4 1 1.834 4 0.10142087186934172 0.0 4.766261
true 0.02008101715179242 85 4 2 1.834 1 0.10142087186934172 0.0 0.3682801
true 0.0001829617053897281 215 4 2 1.834 2 0.10142087186934172 0.0 1.4181553
true 2.319320653143553e-5 1455 4 2 1.834 3 0.10142087186934172 0.0 11.949735
true 4.4409451197768846e-5 373 4 2 1.834 4 0.10142087186934172 0.0 4.9565435
true 0.34028816508419646 61 4 3 1.834 1 0.10142087186934172 0.0 0.3051322
true 0.00024397505832387165 438 4 3 1.834 2 0.10142087186934172 0.0 2.8088957
true 3.224319052091973e-5 767 4 3 1.834 3 0.10142087186934172 0.0 6.6838087
true 8.171941993876757e-5 594 4 3 1.834 4 0.10142087186934172 0.0 7.8625815
true 0.014864935182042252 129 4 4 1.834 1 0.10142087186934172 0.0 0.550923
true 0.00018347247167600778 728 4 4 1.834 2 0.10142087186934172 0.0 4.5885307
true 2.273212364042876e-5 1238 4 4 1.834 3 0.10142087186934172 0.0 10.5942713
true 0.00014292794585207824 1571 4 4 1.834 4 0.10142087186934172 0.0 16.8173196
true 0.020764679168558564 50 4 1 1.838 1 0.10103596422854427 0.0 0.2491455
true 0.00032305048195407915 400 4 1 1.838 2 0.10103596422854427 0.0 2.5500049
true 0.00015502448411963687 455 4 1 1.838 3 0.10103596422854427 0.0 4.1502694
true 3.446686304642288e-6 1356 4 1 1.838 4 0.10103596422854427 0.0 13.9224492
true 0.019987606769078597 69 4 2 1.838 1 0.10103596422854427 0.0 0.2840621
true 0.00018335014004403072 522 4 2 1.838 2 0.10103596422854427 0.0 3.1987094
true 0.00915763121069918 300 4 2 1.838 3 0.10103596422854427 0.0 2.9848992
true 0.0003899750844262029 1362 4 2 1.838 4 0.10103596422854427 0.0 15.2419208
true 0.01972869778889939 69 4 3 1.838 1 0.10103596422854427 0.0 0.3341783
true 0.00023111580570136145 579 4 3 1.838 2 0.10103596422854427 0.0 3.5694223
true 0.0001659172576735831 745 4 3 1.838 3 0.10103596422854427 0.0 6.8445577
true 6.0930189001440205e-6 563 4 3 1.838 4 0.10103596422854427 0.0 6.9349234
true 0.014796725728406873 133 4 4 1.838 1 0.10103596422854427 0.0 0.6403975
true 0.2450063318017467 456 4 4 1.838 2 0.10103596422854427 0.0 3.1097739
true 5.269973820838658e-5 1073 4 4 1.838 3 0.10103596422854427 0.0 9.1878433
true 3.1737877489862454e-6 1637 4 4 1.838 4 0.10103596422854427 0.0 18.1168128
true 0.020665502289826165 104 4 1 1.842 1 0.10065335305081168 0.0 0.4031533
true 0.0003204646100862796 279 4 1 1.842 2 0.10065335305081168 0.0 1.8261238
true 0.00019727916505335452 632 4 1 1.842 3 0.10065335305081168 0.0 5.3603024
true 0.00025583161573483615 699 4 1 1.842 4 0.10065335305081168 0.0 8.1954953
true 0.01989517678581862 72 4 2 1.842 1 0.10065335305081168 0.0 0.2932941
true 0.010166799993297448 303 4 2 1.842 2 0.10065335305081168 0.0 2.1108597
true 9.77277457783754e-6 928 4 2 1.842 3 0.10065335305081168 0.0 8.0124512
true 7.573347466843794e-6 1482 4 2 1.842 4 0.10065335305081168 0.0 15.2986972
true 0.019637935468159024 65 4 3 1.842 1 0.10065335305081168 0.0 0.2739174
true 0.00023106271525458189 723 4 3 1.842 2 0.10065335305081168 0.0 4.3427678
true 7.011763677526132e-5 905 4 3 1.842 3 0.10065335305081168 0.0 7.9021993
true 0.00029411121831126225 548 4 3 1.842 4 0.10065335305081168 0.0 6.7766497
true 0.014728975931804889 88 4 4 1.842 1 0.10065335305081168 0.0 0.386029
true 0.00018330655541358432 558 4 4 1.842 2 0.10065335305081168 0.0 3.6322356
true 0.0001968511766281128 1573 4 4 1.842 3 0.10065335305081168 0.0 13.9558465
true 0.00010083924117769427 770 4 4 1.842 4 0.10065335305081168 0.0 9.2691211
true 0.02056758189431801 66 4 1 1.846 1 0.10027301992303005 0.0 0.2576822
true 0.000317841010093578 209 4 1 1.846 2 0.10027301992303005 0.0 1.4222155
true 0.00032452385693415575 505 4 1 1.846 3 0.10027301992303005 0.0 4.3877914
true 0.00013332524702464044 412 4 1 1.846 4 0.10027301992303005 0.0 5.4453221
true 0.01980357642938224 61 4 2 1.846 1 0.10027301992303005 0.0 0.2776293
true 0.00035148795277298306 201 4 2 1.846 2 0.10027301992303005 0.0 1.3839127
true 1.5918236729334234e-5 1784 4 2 1.846 3 0.10027301992303005 0.0 14.3545211
true 0.00019987459303058563 1492 4 2 1.846 4 0.10027301992303005 0.0 15.7682927
true 0.01954856294948452 60 4 3 1.846 1 0.10027301992303005 0.0 0.2856723
true 0.00024499863746191286 162 4 3 1.846 2 0.10027301992303005 0.0 1.2861678
true 0.00021160807411322682 550 4 3 1.846 3 0.10027301992303005 0.0 5.3495433
true 6.730406040117431e-5 1406 4 3 1.846 4 0.10027301992303005 0.0 15.1615948
true 0.01466129376519465 78 4 4 1.846 1 0.10027301992303005 0.0 0.3464788
true 0.00018886578677330956 528 4 4 1.846 2 0.10027301992303005 0.0 3.4553364
true 0.009907692466628329 952 4 4 1.846 3 0.10027301992303005 0.0 8.5253032
true 5.7822950510280635e-5 2427 4 4 1.846 4 0.10027301992303005 0.0 25.2905156
true 0.020469389766792356 56 4 1 1.85 1 0.09989494661266994 0.0 0.2695133
true 0.00031669141674545154 178 4 1 1.85 2 0.09989494661266994 0.0 1.192974
true 0.0003232300201734817 316 4 1 1.85 3 0.09989494661266994 0.0 3.0726723
true 1.3787626616523774e-6 1039 4 1 1.85 4 0.09989494661266994 0.0 11.9677343
true 0.0197115569115541 66 4 2 1.85 1 0.09989494661266994 0.0 0.2640523
true 0.000173886631644804 534 4 2 1.85 2 0.09989494661266994 0.0 3.1566698
true 7.321615156763439e-5 281 4 2 1.85 3 0.09989494661266994 0.0 3.0073872
true 1.1455495085133105e-5 2069 4 2 1.85 4 0.09989494661266994 0.0 21.4914546
true 0.019458744189275828 69 4 3 1.85 1 0.09989494661266994 0.0 0.3465894
true 0.0002644680436621842 204 4 3 1.85 2 0.09989494661266994 0.0 1.4804628
true 5.785797946415242e-5 908 4 3 1.85 3 0.09989494661266994 0.0 7.7656185
true 6.653213678795937e-5 1808 4 3 1.85 4 0.09989494661266994 0.0 18.4702662
true 0.01459400667401027 101 4 4 1.85 1 0.09989494661266994 0.0 0.4739143
true 0.0002738845704215731 312 4 4 1.85 2 0.09989494661266994 0.0 2.215463
true 3.479325665901867e-5 1502 4 4 1.85 3 0.09989494661266994 0.0 13.1707869
true 0.00023397095529853473 1856 4 4 1.85 4 0.09989494661266994 0.0 19.4901451
true 0.020372691239014196 52 4 1 1.854 1 0.09951911506575709 0.0 0.2135442
true 0.0003150620994148978 633 4 1 1.854 2 0.09951911506575709 0.0 4.0602741
true 6.134082595909973e-5 1549 4 1 1.854 3 0.09951911506575709 0.0 12.5365794
true 3.0871792143782883e-6 999 4 1 1.854 4 0.09951911506575709 0.0 10.6912348
true 0.01962054624948395 64 4 2 1.854 1 0.09951911506575709 0.0 0.2764352
true 0.010024386817787306 240 4 2 1.854 2 0.09951911506575709 0.0 1.6784251
true 0.009388509744152618 906 4 2 1.854 3 0.09951911506575709 0.0 7.6840024
true 1.8700801447668614e-6 746 4 2 1.854 4 0.09951911506575709 0.0 8.339528
true 0.019370716152241268 116 4 3 1.854 1 0.09951911506575709 0.0 0.4691474
true 0.00022902162915988677 668 4 3 1.854 2 0.09951911506575709 0.0 3.9439194
true 7.397392958805964e-5 1834 4 3 1.854 3 0.09951911506575709 0.0 14.900404
true 2.6906138448782684e-5 1683 4 3 1.854 4 0.09951911506575709 0.0 17.4533771
true 0.014528012928849324 90 4 4 1.854 1 0.09951911506575709 0.0 0.3826559
true 0.0001753007309689275 840 4 4 1.854 2 0.09951911506575709 0.0 5.2890582
true 0.00013629066776434107 470 4 4 1.854 3 0.09951911506575709 0.0 4.3982418
true 3.7154640433009756e-5 1026 4 4 1.854 4 0.09951911506575709 0.0 11.4160664
true 0.02027648229335033 68 4 1 1.858 1 0.09914550740489696 0.0 0.2579748
true 0.0003102186224451242 334 4 1 1.858 2 0.09914550740489696 0.0 2.1847389
true 3.341875879125933e-5 427 4 1 1.858 3 0.09914550740489696 0.0 3.8844239
true 3.261377183932934e-5 620 4 1 1.858 4 0.09914550740489696 0.0 7.2318195
true 0.019530719869915808 67 4 2 1.858 1 0.09914550740489696 0.0 0.2946415
true 0.00022090728312387786 176 4 2 1.858 2 0.09914550740489696 0.0 1.2435845
true 0.00016287907400996948 330 4 2 1.858 3 0.09914550740489696 0.0 3.1934698
true 2.145859105215364e-5 1145 4 2 1.858 4 0.09914550740489696 0.0 12.4443268
true 0.019281730164986726 96 4 3 1.858 1 0.09914550740489696 0.0 0.4552037
true 0.00024586887876241564 170 4 3 1.858 2 0.09914550740489696 0.0 1.2122614
true 5.022524050411296e-5 832 4 3 1.858 3 0.09914550740489696 0.0 7.5159975
true 0.00027099083837543264 1888 4 3 1.858 4 0.09914550740489696 0.0 20.9479387
true 0.25506921457907095 72 4 4 1.858 1 0.09914550740489696 0.0 0.3683175
true 0.00017723941551216205 670 4 4 1.858 2 0.09914550740489696 0.0 4.1729017
true 8.660028441571932e-5 1635 4 4 1.858 3 0.09914550740489696 0.0 13.8807873
true 9.170803275955486e-5 2025 4 4 1.858 4 0.09914550740489696 0.0 21.5751228
true 0.020180563472776802 49 4 1 1.862 1 0.09877410592728914 0.0 0.240625
true 0.00030821722690516085 258 4 1 1.862 2 0.09877410592728914 0.0 1.7705639
true 7.1332283551051034e-6 865 4 1 1.862 3 0.09877410592728914 0.0 7.1491309
true 1.4857333903162129e-6 1179 4 1 1.862 4 0.09877410592728914 0.0 13.0409726
true 0.019440781987455524 75 4 2 1.862 1 0.09877410592728914 0.0 0.364483
true 0.00016575659400294707 547 4 2 1.862 2 0.09877410592728914 0.0 3.2117152
true 1.167248089173345e-5 902 4 2 1.862 3 0.09877410592728914 0.0 7.6840404
true 0.0002770209932695389 1114 4 2 1.862 4 0.09877410592728914 0.0 12.2434219
true 0.01919473060592473 54 4 3 1.862 1 0.09877410592728914 0.0 0.2620557
true 0.00022827590459578717 276 4 3 1.862 2 0.09877410592728914 0.0 1.837394
true 0.00016594800545449706 560 4 3 1.862 3 0.09877410592728914 0.0 5.0999082
true 1.3139337378934949e-5 734 4 3 1.862 4 0.09877410592728914 0.0 8.8017284
true 0.1287317734650032 103 4 4 1.862 1 0.09877410592728914 0.0 0.4314495
true 0.00017584040499910025 599 4 4 1.862 2 0.09877410592728914 0.0 3.8249914
true 3.071063135705321e-5 1623 4 4 1.862 3 0.09877410592728914 0.0 14.1360576
true 0.00025158292464480536 434 4 4 1.862 4 0.09877410592728914 0.0 6.054391
true 0.020085473046889346 52 4 1 1.866 1 0.09840489310279808 0.0 0.2230604
true 0.00030505596095381504 407 4 1 1.866 2 0.09840489310279808 0.0 2.3800523
true 0.0003142159522224741 292 4 1 1.866 3 0.09840489310279808 0.0 3.0400821
true 5.81738676350696e-5 1289 4 1 1.866 4 0.09840489310279808 0.0 14.0113414
true 0.019353040802137705 58 4 2 1.866 1 0.09840489310279808 0.0 0.2527165
true 0.00016779856742063504 765 4 2 1.866 2 0.09840489310279808 0.0 4.5639796
true 8.640014869434887e-5 998 4 2 1.866 3 0.09840489310279808 0.0 8.3480222
true 2.858773184552521e-5 2476 4 2 1.866 4 0.09840489310279808 0.0 25.6525923
true 0.019107821613608484 55 4 3 1.866 1 0.09840489310279808 0.0 0.2585607
true 0.00022045680908514922 534 4 3 1.866 2 0.09840489310279808 0.0 3.3740668
true 6.516599780903576e-5 694 4 3 1.866 3 0.09840489310279808 0.0 6.0146945
true 3.387376102217029e-5 1577 4 3 1.866 4 0.09840489310279808 0.0 16.3571717
true 0.2542880370781288 67 4 4 1.866 1 0.09840489310279808 0.0 0.3284066
true 0.00017124889818381783 621 4 4 1.866 2 0.09840489310279808 0.0 3.9844527
true 2.0443073038250992e-5 1683 4 4 1.866 3 0.09840489310279808 0.0 14.4047919
true 2.3395197092920816e-5 1706 4 4 1.866 4 0.09840489310279808 0.0 18.4152096
true 0.019991295243157403 54 4 1 1.87 1 0.09803785157202537 0.0 0.2589327
true 0.0003024757666743594 394 4 1 1.87 2 0.09803785157202537 0.0 2.4331532
true 1.669505202700483e-5 1089 4 1 1.87 3 0.09803785157202537 0.0 9.1172739
true 3.0459425082729474e-6 1107 4 1 1.87 4 0.09803785157202537 0.0 11.7179699
true 0.01926408181566136 109 4 2 1.87 1 0.09803785157202537 0.0 0.4457086
true 0.00983669134231449 376 4 2 1.87 2 0.09803785157202537 0.0 2.4342336
true 0.008804462036711369 1340 4 2 1.87 3 0.09803785157202537 0.0 10.9325947
true 3.70623319776997e-5 1303 4 2 1.87 4 0.09803785157202537 0.0 14.2802041
true 0.019021058540255282 71 4 3 1.87 1 0.09803785157202537 0.0 0.3232922
true 0.0002271353940794437 425 4 3 1.87 2 0.09803785157202537 0.0 2.770618
true 0.002063204388724852 366 4 3 1.87 3 0.09803785157202537 0.0 3.546024
true 4.146516266269792e-5 574 4 3 1.87 4 0.09803785157202537 0.0 6.7493613
true 0.25427071598606477 81 4 4 1.87 1 0.09803785157202537 0.0 0.3712464
true 0.0001679230205863247 682 4 4 1.87 2 0.09803785157202537 0.0 4.2976635
true 2.5843716835755037e-5 1485 4 4 1.87 3 0.09803785157202537 0.0 12.789235
true 0.0002823938965121481 1331 4 4 1.87 4 0.09803785157202537 0.0 14.4528781
true 0.019897695567029583 63 4 1 1.874 1 0.09767296414441141 0.0 0.2550394
true 0.00030004557341473115 360 4 1 1.874 2 0.09767296414441141 0.0 2.2175966
true 0.01721523581270762 398 4 1 1.874 3 0.09767296414441141 0.0 3.9618391
true 5.326266317440265e-7 1443 4 1 1.874 4 0.09767296414441141 0.0 15.2895078
true 0.01917627533113736 86 4 2 1.874 1 0.09767296414441141 0.0 0.3148909
true 0.00016328407948076884 713 4 2 1.874 2 0.09767296414441141 0.0 4.3720806
true 0.009077187216771948 565 4 2 1.874 3 0.09767296414441141 0.0 4.998347
true 1.256318060219308e-5 1591 4 2 1.874 4 0.09767296414441141 0.0 16.9106044
true 0.3399660349213151 73 4 3 1.874 1 0.09767296414441141 0.0 0.3581042
true 0.00021505449575774196 642 4 3 1.874 2 0.09767296414441141 0.0 4.0375785
true 4.585959262237704e-5 1776 4 3 1.874 3 0.09767296414441141 0.0 14.3158027
true 4.0193774053398634e-5 1223 4 3 1.874 4 0.09767296414441141 0.0 12.8185404
true 0.014202021448306026 88 4 4 1.874 1 0.09767296414441141 0.0 0.3910275
true 0.00016619396006213594 809 4 4 1.874 2 0.09767296414441141 0.0 5.1800472
true 0.00013297967590934767 1390 4 4 1.874 3 0.09767296414441141 0.0 11.6855266
true 0.00012990433727384787 2619 4 4 1.874 4 0.09767296414441141 0.0 27.3620613
true 0.0198049461648247 34 4 1 1.878 1 0.09731021379635559 0.0 0.1490067
true 0.0002974675263116566 250 4 1 1.878 2 0.09731021379635559 0.0 1.5804175
true 4.911128740403559e-6 653 4 1 1.878 3 0.09731021379635559 0.0 5.5036847
true 1.2033091143504038e-6 1126 4 1 1.878 4 0.09731021379635559 0.0 12.0396175
true 0.019089487121718457 61 4 2 1.878 1 0.09731021379635559 0.0 0.2776121
true 0.014462456909881932 315 4 2 1.878 2 0.09731021379635559 0.0 2.0495164
true 0.0005137962932544593 952 4 2 1.878 3 0.09731021379635559 0.0 8.0265257
true 9.494665714901429e-5 1412 4 2 1.878 4 0.09731021379635559 0.0 14.6311298
true 0.018850173557136436 69 4 3 1.878 1 0.09731021379635559 0.0 0.2972951
true 0.0002148741245461642 479 4 3 1.878 2 0.09731021379635559 0.0 2.9106704
true 2.472976343015354e-5 978 4 3 1.878 3 0.09731021379635559 0.0 8.8361476
true 0.00016366282351854 2160 4 3 1.878 4 0.09731021379635559 0.0 21.8592341
true 0.014138271706040942 61 4 4 1.878 1 0.09731021379635559 0.0 0.2951297
true 0.0001720054060267706 455 4 4 1.878 2 0.09731021379635559 0.0 3.0248641
true 3.8763454273504916e-5 883 4 4 1.878 3 0.09731021379635559 0.0 7.9479997
true 0.00013445512893309197 1971 4 4 1.878 4 0.09731021379635559 0.0 20.3861774
true 0.019712562268511924 58 4 1 1.882 1 0.09694958366936954 0.0 0.262787
true 0.00029661751497972455 356 4 1 1.882 2 0.09694958366936954 0.0 2.2039717
true 2.232849837802142e-6 481 4 1 1.882 3 0.09694958366936954 0.0 4.3504043
true 3.576609203803649e-7 899 4 1 1.882 4 0.09694958366936954 0.0 9.7301014
true 0.019003154733022082 70 4 2 1.882 1 0.09694958366936954 0.0 0.3138528
true 0.00015873019858594906 814 4 2 1.882 2 0.09694958366936954 0.0 4.771305
true 0.008730404253337515 562 4 2 1.882 3 0.09694958366936954 0.0 5.0148667
true 5.3576657736059685e-5 1674 4 2 1.882 4 0.09694958366936954 0.0 17.6250846
true 0.01876692003247865 54 4 3 1.882 1 0.09694958366936954 0.0 0.2662011
true 0.00021532322720698346 497 4 3 1.882 2 0.09694958366936954 0.0 3.0304765
true 4.543844926696572e-5 1343 4 3 1.882 3 0.09694958366936954 0.0 11.5121876
true 0.00010164559905730582 2099 4 3 1.882 4 0.09694958366936954 0.0 22.1871532
true 0.014074473850349115 99 4 4 1.882 1 0.09694958366936954 0.0 0.4239019
true 0.25004532005036734 177 4 4 1.882 2 0.09694958366936954 0.0 1.358099
true 0.009441511832225594 728 4 4 1.882 3 0.09694958366936954 0.0 6.3730933
true 0.00019143047660202805 1727 4 4 1.882 4 0.09694958366936954 0.0 19.1635841
true 0.019620993950637378 54 4 1 1.886 1 0.09659105706823835 0.0 0.2223144
true 0.00029282336754204996 189 4 1 1.886 2 0.09659105706823835 0.0 1.3216236
true 9.234375210054324e-7 1115 4 1 1.886 3 0.09659105706823835 0.0 9.2846286
true 8.704022165684222e-6 759 4 1 1.886 4 0.09659105706823835 0.0 9.1240767
true 0.018916256561827216 77 4 2 1.886 1 0.09659105706823835 0.0 0.3476951
true 0.00015952512321598666 386 4 2 1.886 2 0.09659105706823835 0.0 2.4761122
true 0.008485184286679298 570 4 2 1.886 3 0.09659105706823835 0.0 5.152525
true 4.416461507861236e-5 1903 4 2 1.886 4 0.09659105706823835 0.0 19.4125416
true 0.018681318425666227 70 4 3 1.886 1 0.09659105706823835 0.0 0.30589
true 0.00021873773965260432 428 4 3 1.886 2 0.09659105706823835 0.0 2.7422401
true 4.5238316042898553e-5 1025 4 3 1.886 3 0.09659105706823835 0.0 8.7624968
true 7.040785155472869e-6 1169 4 3 1.886 4 0.09659105706823835 0.0 12.408678
true 0.014011973319917659 100 4 4 1.886 1 0.09659105706823835 0.0 0.4000322
true 0.00016699993799848545 696 4 4 1.886 2 0.09659105706823835 0.0 4.4860649
true 6.740016725090281e-5 1274 4 4 1.886 3 0.09659105706823835 0.0 10.5889551
true 0.00015543876672935442 678 4 4 1.886 4 0.09659105706823835 0.0 8.7530404
true 0.019529831685248744 59 4 1 1.89 1 0.09623461745921115 0.0 0.2382688
true 0.00029084636417769927 214 4 1 1.89 2 0.09623461745921115 0.0 1.3834512
true 3.1177128983483904e-6 454 4 1 1.89 3 0.09623461745921115 0.0 4.1168076
true 1.1037381158485182e-6 759 4 1 1.89 4 0.09623461745921115 0.0 8.6723274
true 0.01883117707827342 99 4 2 1.89 1 0.09623461745921115 0.0 0.4426607
true 0.00016065415784638493 785 4 2 1.89 2 0.09623461745921115 0.0 4.7080357
true 1.3972566250908258e-5 1695 4 2 1.89 3 0.09623461745921115 0.0 13.8064806
true 1.6233877633609062e-5 625 4 2 1.89 4 0.09623461745921115 0.0 7.1819202
true 0.018598041461947434 83 4 3 1.89 1 0.09623461745921115 0.0 0.3607164
true 0.00020935546457340193 534 4 3 1.89 2 0.09623461745921115 0.0 3.3636135
true 3.023924331433762e-5 734 4 3 1.89 3 0.09623461745921115 0.0 6.4745898
true 0.00010994471816735037 1437 4 3 1.89 4 0.09623461745921115 0.0 15.1762323
true 0.013949343487265564 89 4 4 1.89 1 0.09623461745921115 0.0 0.3732227
true 0.0003664063128900469 283 4 4 1.89 2 0.09623461745921115 0.0 1.9447812
true 0.0001243299942713244 1538 4 4 1.89 3 0.09623461745921115 0.0 12.8175924
true 0.00010928321537542751 1422 4 4 1.89 4 0.09623461745921115 0.0 15.0681667
true 0.01943962679967204 58 4 1 1.894 1 0.09588024846821386 0.0 0.2832652
true 0.000288322689262821 351 4 1 1.894 2 0.09588024846821386 0.0 2.1286586
true 2.5336644503659578e-5 522 4 1 1.894 3 0.09588024846821386 0.0 4.4939381
true 6.260303729466177e-6 1004 4 1 1.894 4 0.09588024846821386 0.0 10.7051517
true 0.01874721034905294 56 4 2 1.894 1 0.09588024846821386 0.0 0.2201103
true 0.0001550369342543101 434 4 2 1.894 2 0.09588024846821386 0.0 2.7405095
true 0.0093317644950002 669 4 2 1.894 3 0.09588024846821386 0.0 5.8279677
true 4.6668548804806864e-5 590 4 2 1.894 4 0.09588024846821386 0.0 6.8874439
true 0.018515086217518018 117 4 3 1.894 1 0.09588024846821386 0.0 0.4381896
true 0.0002042887553410644 458 4 3 1.894 2 0.09588024846821386 0.0 3.0019549
true 0.005874928624998906 717 4 3 1.894 3 0.09588024846821386 0.0 6.2404838
true 8.680188517175742e-5 794 4 3 1.894 4 0.09588024846821386 0.0 9.0272036
true 0.013886555885545937 76 4 4 1.894 1 0.09588024846821386 0.0 0.3838466
true 0.00016578072880017725 845 4 4 1.894 2 0.09588024846821386 0.0 5.3727148
true 3.0194222488497124e-5 1886 4 4 1.894 3 0.09588024846821386 0.0 16.1719463
true 0.00011917837414439358 1785 4 4 1.894 4 0.09588024846821386 0.0 19.4817468
true 0.01935002573898692 57 4 1 1.898 1 0.0955279338790827 0.0 0.2715758
true 0.0002871083733396729 607 4 1 1.898 2 0.0955279338790827 0.0 3.8435383
true 0.0002045834260753776 637 4 1 1.898 3 0.0955279338790827 0.0 5.3658767
true 4.287775252631576e-7 780 4 1 1.898 4 0.0955279338790827 0.0 8.7834388
true 0.018662954558491318 63 4 2 1.898 1 0.0955279338790827 0.0 0.2406646
true 0.0001629880149447982 944 4 2 1.898 2 0.0955279338790827 0.0 5.5674295
true 3.509864363254733e-5 756 4 2 1.898 3 0.0955279338790827 0.0 6.9278674
true 3.438527638041644e-5 834 4 2 1.898 4 0.0955279338790827 0.0 9.2811536
true 0.018432753986497834 62 4 3 1.898 1 0.0955279338790827 0.0 0.2492541
true 0.0002885720548724269 332 4 3 1.898 2 0.0955279338790827 0.0 2.4011372
true 1.424658680326818e-5 935 4 3 1.898 3 0.0955279338790827 0.0 7.946795
true 9.303018063326155e-6 1434 4 3 1.898 4 0.0955279338790827 0.0 15.1904832
true 0.013825949663366477 73 4 4 1.898 1 0.0955279338790827 0.0 0.3084253
true 0.00016342848017718292 732 4 4 1.898 2 0.0955279338790827 0.0 4.6721192
true 7.543987685894316e-5 865 4 4 1.898 3 0.0955279338790827 0.0 7.4208612
true 0.00020149906596361733 869 4 4 1.898 4 0.0955279338790827 0.0 9.6872108
true 0.019260534543063756 57 4 1 1.902 1 0.09517765763180867 0.0 0.2498529
true 0.0002840137728200576 299 4 1 1.902 2 0.09517765763180867 0.0 1.8514909
true 2.758553791704088e-5 584 4 1 1.902 3 0.09517765763180867 0.0 5.065454
true 2.9163446548796657e-6 435 4 1 1.902 4 0.09517765763180867 0.0 5.4181104
true 0.018578420311795907 68 4 2 1.902 1 0.09517765763180867 0.0 0.2803728
true 0.00022768034080922206 273 4 2 1.902 2 0.09517765763180867 0.0 1.8549658
true 0.00020889950661895362 1624 4 2 1.902 3 0.09517765763180867 0.0 13.5579583
true 5.428930976608681e-5 1636 4 2 1.902 4 0.09517765763180867 0.0 17.5675326
true 0.018350858323848068 67 4 3 1.902 1 0.09517765763180867 0.0 0.2423349
true 0.00020589094713663325 605 4 3 1.902 2 0.09517765763180867 0.0 3.6990508
true 2.8359995781324088e-5 712 4 3 1.902 3 0.09517765763180867 0.0 6.1480972
true 0.0001965249109856885 714 4 3 1.902 4 0.09517765763180867 0.0 8.1656538
true 0.013763398546968286 82 4 4 1.902 1 0.09517765763180867 0.0 0.4000344
true 0.00016351931351510363 689 4 4 1.902 2 0.09517765763180867 0.0 4.3354592
true 0.001476795452177035 847 4 4 1.902 3 0.09517765763180867 0.0 7.2570758
true 0.00024271504694185764 847 4 4 1.902 4 0.09517765763180867 0.0 10.2540765
true 0.019172490930842778 56 4 1 1.906 1 0.09482940382082519 0.0 0.2506823
true 0.0002811433509214978 256 4 1 1.906 2 0.09482940382082519 0.0 1.5798048
true 0.00029754494796851993 710 4 1 1.906 3 0.09482940382082519 0.0 5.8742593
true 4.643437387374938e-7 372 4 1 1.906 4 0.09482940382082519 0.0 5.0123298
true 0.01849643583060706 65 4 2 1.906 1 0.09482940382082519 0.0 0.2814329
true 0.000155232289487911 731 4 2 1.906 2 0.09482940382082519 0.0 4.4872688
true 8.839084990550083e-5 900 4 2 1.906 3 0.09482940382082519 0.0 7.7115237
true 1.0393929201962804e-5 2206 4 2 1.906 4 0.09482940382082519 0.0 22.3331385
true 0.018269661229882495 66 4 3 1.906 1 0.09482940382082519 0.0 0.2835508
true 0.00021667311763564254 604 4 3 1.906 2 0.09482940382082519 0.0 3.7922677
true 5.1498699743153985e-5 693 4 3 1.906 3 0.09482940382082519 0.0 6.193652
true 0.00015437281463848151 1674 4 3 1.906 4 0.09482940382082519 0.0 18.0391653
true 0.013702533710718931 70 4 4 1.906 1 0.09482940382082519 0.0 0.3433079
true 0.00015436993302424262 173 4 4 1.906 2 0.09482940382082519 0.0 1.2874685
true 1.2503246591299977e-5 1637 4 4 1.906 3 0.09482940382082519 0.0 13.8572442
true 0.00010484905517310628 2094 4 4 1.906 4 0.09482940382082519 0.0 21.8064884
true 0.019084204857968023 53 4 1 1.91 1 0.09448315669328772 0.0 0.2292037
true 0.0002804917135819096 215 4 1 1.91 2 0.09448315669328772 0.0 1.4633375
true 0.00029627042323882025 337 4 1 1.91 3 0.09448315669328772 0.0 3.0945515
true 2.2401972854524388e-7 347 4 1 1.91 4 0.09448315669328772 0.0 4.9078216
true 0.01841301474969506 74 4 2 1.91 1 0.09448315669328772 0.0 0.3068745
true 0.00015247027855402884 753 4 2 1.91 2 0.09448315669328772 0.0 4.4917502
true 0.008358382314259977 507 4 2 1.91 3 0.09448315669328772 0.0 4.4790831
true 4.621656079803471e-5 1858 4 2 1.91 4 0.09448315669328772 0.0 19.7306667
true 0.01818912545570156 86 4 3 1.91 1 0.09448315669328772 0.0 0.3817133
true 0.022988679604856916 174 4 3 1.91 2 0.09448315669328772 0.0 1.3198602
true 4.818440972594503e-5 818 4 3 1.91 3 0.09448315669328772 0.0 6.9624958
true 0.0002607712209375575 1114 4 3 1.91 4 0.09448315669328772 0.0 12.3463267
true 0.013642207468189407 76 4 4 1.91 1 0.09448315669328772 0.0 0.3754281
true 0.0001526234583002356 671 4 4 1.91 2 0.09448315669328772 0.0 4.3911125
true 1.5852675607191946e-5 1668 4 4 1.91 3 0.09448315669328772 0.0 13.8507825
true 0.0001243779710404097 544 4 4 1.91 4 0.09448315669328772 0.0 6.64621
true 0.01899945683220705 63 4 1 1.914 1 0.09413890064739362 0.0 0.2725199
true 0.00027671682657776087 385 4 1 1.914 2 0.09413890064739362 0.0 2.3821549
true 3.8930923640712045e-5 432 4 1 1.914 3 0.09413890064739362 0.0 4.0617005
true 4.2781458198248856e-7 601 4 1 1.914 4 0.09413890064739362 0.0 7.4309396
true 0.01833111953218286 81 4 2 1.914 1 0.09413890064739362 0.0 0.371701
true 0.00014655852994924223 248 4 2 1.914 2 0.09413890064739362 0.0 1.6098729
true 0.00834679920320855 515 4 2 1.914 3 0.09413890064739362 0.0 4.6543164
true 5.596046687408873e-5 562 4 2 1.914 4 0.09413890064739362 0.0 6.7321214
true 0.018108953955040048 69 4 3 1.914 1 0.09413890064739362 0.0 0.2906716
true 0.000202162562177625 595 4 3 1.914 2 0.09413890064739362 0.0 3.6130781
true 8.324604524671357e-5 672 4 3 1.914 3 0.09413890064739362 0.0 5.9723075
true 0.00015790688995507654 1804 4 3 1.914 4 0.09413890064739362 0.0 19.2189034
true 0.25408377399060694 73 4 4 1.914 1 0.09413890064739362 0.0 0.3179515
true 0.00022797101621832572 246 4 4 1.914 2 0.09413890064739362 0.0 1.7518688
true 2.2929977734537088e-5 1167 4 4 1.914 3 0.09413890064739362 0.0 9.9339081
true 0.00019840115468007513 1445 4 4 1.914 4 0.09413890064739362 0.0 15.7626597
true 0.018910636715372686 84 4 1 1.918 1 0.09379662023072305 0.0 0.3336107
true 0.0002744996441235159 511 4 1 1.918 2 0.09379662023072305 0.0 3.1578298
true 0.0002480107567697232 634 4 1 1.918 3 0.09379662023072305 0.0 5.2762885
true 1.782477360545709e-6 710 4 1 1.918 4 0.09379662023072305 0.0 8.1498887
true 0.018249883447716053 60 4 2 1.918 1 0.09379662023072305 0.0 0.2494648
true 0.00021262574930336342 191 4 2 1.918 2 0.09379662023072305 0.0 1.3876392
true 3.753715277599046e-5 796 4 2 1.918 3 0.09379662023072305 0.0 6.7026307
true 0.00010018961906504975 1176 4 2 1.918 4 0.09379662023072305 0.0 12.5023705
true 0.018029367888109975 85 4 3 1.918 1 0.09379662023072305 0.0 0.3393761
true 0.00024897851323115355 183 4 3 1.918 2 0.09379662023072305 0.0 1.3710728
true 2.0481709477641424e-5 1859 4 3 1.918 3 0.09379662023072305 0.0 15.1903438
true 0.00026577701974935436 1554 4 3 1.918 4 0.09379662023072305 0.0 16.2648014
true 0.2547276904292624 65 4 4 1.918 1 0.09379662023072305 0.0 0.2691985
true 0.0001524503185030418 755 4 4 1.918 2 0.09379662023072305 0.0 4.8046603
true 4.0783275052316825e-5 1317 4 4 1.918 3 0.09379662023072305 0.0 10.924829
true 0.00010017112450007304 1688 4 4 1.918 4 0.09379662023072305 0.0 17.5395569
true 0.018824489578103176 52 4 1 1.922 1 0.09345630013858364 0.0 0.2326233
true 0.0002720381283287665 309 4 1 1.922 2 0.09345630013858364 0.0 1.8623171
true 0.00027348035050012154 1805 4 1 1.922 3 0.09345630013858364 0.0 14.7829475
true 3.488395004636047e-6 630 4 1 1.922 4 0.09345630013858364 0.0 7.4115931
true 0.018168978936739244 66 4 2 1.922 1 0.09345630013858364 0.0 0.2792418
true 0.00014764287425034217 668 4 2 1.922 2 0.09345630013858364 0.0 3.9639635
true 2.0473244342983365e-5 644 4 2 1.922 3 0.09345630013858364 0.0 5.6349309
true 7.994583312925796e-5 1743 4 2 1.922 4 0.09345630013858364 0.0 17.7582102
true 0.017950804426271654 84 4 3 1.922 1 0.09345630013858364 0.0 0.373721
true 0.00020102779044928187 663 4 3 1.922 2 0.09345630013858364 0.0 4.0302487
true 1.343408487899008e-5 1969 4 3 1.922 3 0.09345630013858364 0.0 16.6619561
true 1.0209409573673037e-5 759 4 3 1.922 4 0.09345630013858364 0.0 8.5337606
true 0.01346325474895084 77 4 4 1.922 1 0.09345630013858364 0.0 0.308429
true 0.0006498809960406304 187 4 4 1.922 2 0.09345630013858364 0.0 1.408104
true 1.1517196851801303e-5 1070 4 4 1.922 3 0.09345630013858364 0.0 9.1109268
true 0.00011464913427886025 2058 4 4 1.922 4 0.09345630013858364 0.0 22.2128222
true 0.01873883289747963 55 4 1 1.926 1 0.09311792521238485 0.0 0.2293705
true 0.00027024841611944517 402 4 1 1.926 2 0.09311792521238485 0.0 2.4927835
true 0.00027008089139712865 567 4 1 1.926 3 0.09311792521238485 0.0 5.0294465
true 1.3865557063286182e-5 414 4 1 1.926 4 0.09311792521238485 0.0 5.4915872
true 0.01808838798586379 83 4 2 1.926 1 0.09311792521238485 0.0 0.3487658
true 0.009230128644334618 213 4 2 1.926 2 0.09311792521238485 0.0 1.47648
true 0.008228805983363424 751 4 2 1.926 3 0.09311792521238485 0.0 6.4562238
true 4.229092758359365e-5 916 4 2 1.926 4 0.09311792521238485 0.0 9.8707507
true 0.017871581018079896 86 4 3 1.926 1 0.09311792521238485 0.0 0.3535725
true 0.00019634536217490636 573 4 3 1.926 2 0.09311792521238485 0.0 3.5881835
true 0.005815832755126038 588 4 3 1.926 3 0.09311792521238485 0.0 5.3748502
true 0.0004978353742965588 1945 4 3 1.926 4 0.09311792521238485 0.0 20.5783251
true 0.013403860707983606 107 4 4 1.926 1 0.09311792521238485 0.0 0.4972187
true 0.00015398256777522656 474 4 4 1.926 2 0.09311792521238485 0.0 3.0463373
true 0.00016473618922428768 388 4 4 1.926 3 0.09311792521238485 0.0 3.7647199
true 4.9747638697847374e-5 1054 4 4 1.926 4 0.09311792521238485 0.0 11.6207161
true 0.018653925760045098 75 4 1 1.93 1 0.09278148043804385 0.0 0.3219622
true 0.0002799968118545326 248 4 1 1.93 2 0.09278148043804385 0.0 1.6275501
true 0.0002766603838113002 465 4 1 1.93 3 0.09278148043804385 0.0 4.2578693
true 4.25993832986471e-8 527 4 1 1.93 4 0.09278148043804385 0.0 6.3316432
true 0.018008629220456623 90 4 2 1.93 1 0.09278148043804385 0.0 0.3341421
true 0.0001496821982033547 753 4 2 1.93 2 0.09278148043804385 0.0 4.6483486
true 2.0204020501735087e-5 1046 4 2 1.93 3 0.09278148043804385 0.0 8.7949605
true 0.00016600382966569516 1066 4 2 1.93 4 0.09278148043804385 0.0 11.5969364
true 0.017793876734804648 77 4 3 1.93 1 0.09278148043804385 0.0 0.3516216
true 0.00018871978191157637 425 4 3 1.93 2 0.09278148043804385 0.0 2.6522858
true 1.4192083516125406e-5 1623 4 3 1.93 3 0.09278148043804385 0.0 13.5796683
true 0.0005607646061272323 689 4 3 1.93 4 0.09278148043804385 0.0 8.0609875
true 0.013345274521683548 79 4 4 1.93 1 0.09278148043804385 0.0 0.3556644
true 0.00015208894423973662 508 4 4 1.93 2 0.09278148043804385 0.0 3.1991418
true 7.793212084244994e-5 2904 4 4 1.93 3 0.09278148043804385 0.0 24.3507403
true 7.654575598360636e-5 1752 4 4 1.93 4 0.09278148043804385 0.0 18.4322865
true 0.018570223618138593 61 4 1 1.934 1 0.09244695094438028 0.0 0.2729141
true 0.0002655818115998021 459 4 1 1.934 2 0.09244695094438028 0.0 2.8257112
true 5.751146616939096e-6 876 4 1 1.934 3 0.09244695094438028 0.0 7.1632799
true 1.5206571492620835e-5 566 4 1 1.934 4 0.09244695094438028 0.0 6.5856945
true 0.0179302267261211 68 4 2 1.934 1 0.09244695094438028 0.0 0.2729888
true 0.009147801012312468 275 4 2 1.934 2 0.09244695094438028 0.0 1.7986953
true 0.00012879092617593124 1278 4 2 1.934 3 0.09244695094438028 0.0 10.5179319
true 0.0011824834805429507 1106 4 2 1.934 4 0.09244695094438028 0.0 12.5121366
true 0.01771648595830777 66 4 3 1.934 1 0.09244695094438028 0.0 0.2949014
true 0.00022508127203087666 190 4 3 1.934 2 0.09244695094438028 0.0 1.3461101
true 4.075426811347057e-5 1414 4 3 1.934 3 0.09244695094438028 0.0 11.8740978
true 0.0002642447497709181 1185 4 3 1.934 4 0.09244695094438028 0.0 12.9799289
true 0.013288158762308641 180 4 4 1.934 1 0.09244695094438028 0.0 0.7364142
true 0.00017813904332314445 307 4 4 1.934 2 0.09244695094438028 0.0 2.0631923
true 0.004826874806559592 1328 4 4 1.934 3 0.09244695094438028 0.0 11.5898053
true 0.0001041141296945769 816 4 4 1.934 4 0.09244695094438028 0.0 9.1506633
true 0.01848588710221205 58 4 1 1.938 1 0.09211432200155097 0.0 0.2549726
true 0.00026733518895388775 166 4 1 1.938 2 0.09211432200155097 0.0 1.2660313
true 7.788708601413896e-5 277 4 1 1.938 3 0.09211432200155097 0.0 2.7181644
true 2.128912132332017e-5 1062 4 1 1.938 4 0.09211432200155097 0.0 11.5472838
true 0.017850637742327646 80 4 2 1.938 1 0.09211432200155097 0.0 0.3131308
true 0.0001553988955831087 201 4 2 1.938 2 0.09211432200155097 0.0 1.3660957
true 2.8098768487250236e-5 1159 4 2 1.938 3 0.09211432200155097 0.0 9.6709203
true 0.00012939849700208117 657 4 2 1.938 4 0.09211432200155097 0.0 7.8767649
true 0.01763966384225842 75 4 3 1.938 1 0.09211432200155097 0.0 0.3426521
true 0.00019534422026841933 600 4 3 1.938 2 0.09211432200155097 0.0 3.8435524
true 2.1730376467465895e-5 2452 4 3 1.938 3 0.09211432200155097 0.0 20.6168752
true 0.00016491941916156141 1971 4 3 1.938 4 0.09211432200155097 0.0 20.7639413
true 0.013229712718354741 66 4 4 1.938 1 0.09211432200155097 0.0 0.2832339
true 0.00014552140684011283 855 4 4 1.938 2 0.09211432200155097 0.0 5.2531469
true 0.000103646055929274 831 4 4 1.938 3 0.09211432200155097 0.0 7.2169158
true 9.382643628025322e-5 575 4 4 1.938 4 0.09211432200155097 0.0 7.0059122
true 0.018403130163240244 68 4 1 1.942 1 0.09178357901951265 0.0 0.2628441
true 0.00028767460508544174 191 4 1 1.942 2 0.09178357901951265 0.0 1.3883562
true 0.00010639764663816775 279 4 1 1.942 3 0.09178357901951265 0.0 2.905703
true 5.272627862651369e-7 1205 4 1 1.942 4 0.09178357901951265 0.0 13.3032023
true 0.0177725991519731 82 4 2 1.942 1 0.09178357901951265 0.0 0.320221
true 0.00014138344359676536 394 4 2 1.942 2 0.09178357901951265 0.0 2.4987669
true 1.4664775912470729e-5 705 4 2 1.942 3 0.09178357901951265 0.0 6.1937488
true 3.0849560657991715e-5 2555 4 2 1.942 4 0.09178357901951265 0.0 25.4918905
true 0.0175625054999138 82 4 3 1.942 1 0.09178357901951265 0.0 0.3526569
true 0.0001831017276064939 189 4 3 1.942 2 0.09178357901951265 0.0 1.3759705
true 3.368829493029709e-5 954 4 3 1.942 3 0.09178357901951265 0.0 8.2302403
true 0.00016212494647266373 1757 4 3 1.942 4 0.09178357901951265 0.0 17.9226451
true 0.013173225052941245 70 4 4 1.942 1 0.09178357901951265 0.0 0.3487538
true 0.00014903292789653078 510 4 4 1.942 2 0.09178357901951265 0.0 3.2313173
true 9.477828801106314e-5 792 4 4 1.942 3 0.09178357901951265 0.0 6.8065523
true 7.954891683732701e-5 2322 4 4 1.942 4 0.09178357901951265 0.0 24.348621
true 0.018320196334107586 81 4 1 1.946 1 0.09145470754647729 0.0 0.3078897
true 0.0002595948414884086 357 4 1 1.946 2 0.09145470754647729 0.0 2.150998
true 0.0002613433367786855 788 4 1 1.946 3 0.09145470754647729 0.0 6.5769482
true 9.820736315668821e-6 977 4 1 1.946 4 0.09145470754647729 0.0 11.016104
true 0.017695030676951023 86 4 2 1.946 1 0.09145470754647729 0.0 0.3287862
true 0.00015229042740735887 477 4 2 1.946 2 0.09145470754647729 0.0 2.9230704
true 1.803538559633222e-5 870 4 2 1.946 3 0.09145470754647729 0.0 7.2140623
true 0.00017898033973565153 1242 4 2 1.946 4 0.09145470754647729 0.0 13.2598573
true 0.3394414100998924 82 4 3 1.946 1 0.09145470754647729 0.0 0.3782576
true 0.00019783464956218966 511 4 3 1.946 2 0.09145470754647729 0.0 3.0575649
true 0.00010961912856185159 931 4 3 1.946 3 0.09145470754647729 0.0 7.8089613
true 7.406617312734805e-5 1185 4 3 1.946 4 0.09145470754647729 0.0 12.7448987
true 0.013116147578460413 70 4 4 1.946 1 0.09145470754647729 0.0 0.2911907
true 0.0001489122346510635 776 4 4 1.946 2 0.09145470754647729 0.0 4.8315678
true 0.00016759979223467114 1116 4 4 1.946 3 0.09145470754647729 0.0 9.4269234
true 7.552024415806435e-5 829 4 4 1.946 4 0.09145470754647729 0.0 9.3301375
true 0.01823840735842258 54 4 1 1.95 1 0.09112769326740153 0.0 0.2447614
true 0.00025775709893705034 285 4 1 1.95 2 0.09112769326740153 0.0 1.773987
true 0.00013778645497819486 318 4 1 1.95 3 0.09112769326740153 0.0 3.2223256
true 0.0001879922290406455 386 4 1 1.95 4 0.09112769326740153 0.0 5.0286619
true 0.017617766982997024 75 4 2 1.95 1 0.09112769326740153 0.0 0.2788291
true 0.00014122875331396 803 4 2 1.95 2 0.09112769326740153 0.0 4.9279532
true 0.007851798672536603 591 4 2 1.95 3 0.09112769326740153 0.0 5.238733
true 0.00014592648955050191 1964 4 2 1.95 4 0.09112769326740153 0.0 20.1017006
true 0.01741097997489603 84 4 3 1.95 1 0.09112769326740153 0.0 0.3688462
true 0.00019282772333991302 429 4 3 1.95 2 0.09112769326740153 0.0 2.6708175
true 2.9140035389877788e-5 1088 4 3 1.95 3 0.09112769326740153 0.0 9.1689232
true 6.165381973688433e-5 1372 4 3 1.95 4 0.09112769326740153 0.0 14.3936208
true 0.25393943446865685 74 4 4 1.95 1 0.09112769326740153 0.0 0.3416466
true 0.00014850390140290493 767 4 4 1.95 2 0.09112769326740153 0.0 4.7126967
true 1.7888502163082576e-5 1326 4 4 1.95 3 0.09112769326740153 0.0 11.5536487
true 4.959622991941581e-5 522 4 4 1.95 4 0.09112769326740153 0.0 6.8456817
true 0.01815687100575314 55 4 1 1.954 1 0.09080252200248888 0.0 0.2316078
true 0.00025542197655697985 384 4 1 1.954 2 0.09080252200248888 0.0 2.3742193
true 5.190809335869906e-5 1387 4 1 1.954 3 0.09080252200248888 0.0 11.4297065
true 1.5899718039391608e-6 410 4 1 1.954 4 0.09080252200248888 0.0 5.3324703
true 0.017541153353888256 76 4 2 1.954 1 0.09080252200248888 0.0 0.3012607
true 0.00013741801373745588 519 4 2 1.954 2 0.09080252200248888 0.0 3.0507582
true 1.7257616646670915e-5 1973 4 2 1.954 3 0.09080252200248888 0.0 15.8147629
true 6.638839311795541e-5 1079 4 2 1.954 4 0.09080252200248888 0.0 11.9729962
true 0.0173358670758413 53 4 3 1.954 1 0.09080252200248888 0.0 0.2755103
true 0.00018531569250068713 808 4 3 1.954 2 0.09080252200248888 0.0 4.9618623
true 0.005578688658718356 1018 4 3 1.954 3 0.09080252200248888 0.0 8.8066006
true 9.952005863581952e-5 1098 4 3 1.954 4 0.09080252200248888 0.0 12.1176834
true 0.013003424097132371 95 4 4 1.954 1 0.09080252200248888 0.0 0.4567015
true 0.00015435872711579146 697 4 4 1.954 2 0.09080252200248888 0.0 4.4465622
true 0.004414852270526792 532 4 4 1.954 3 0.09080252200248888 0.0 4.8940095
true 0.00013728276295810193 1342 4 4 1.954 4 0.09080252200248888 0.0 14.2855208
true 0.018075762088337555 56 4 1 1.958 1 0.09047917970571502 0.0 0.2145677
true 0.0002541671964757519 676 4 1 1.958 2 0.09047917970571502 0.0 4.1193422
true 0.00023987045792106532 494 4 1 1.958 3 0.09047917970571502 0.0 4.2233862
true 4.61773514981445e-8 535 4 1 1.958 4 0.09047917970571502 0.0 6.2757939
true 0.017465542032623627 80 4 2 1.958 1 0.09047917970571502 0.0 0.3047269
true 0.00013412819778313434 292 4 2 1.958 2 0.09047917970571502 0.0 1.8500054
true 3.5644909990917295e-5 678 4 2 1.958 3 0.09047917970571502 0.0 5.9254249
true 0.0007749379414553059 1850 4 2 1.958 4 0.09047917970571502 0.0 19.0215939
true 0.017261359325949004 110 4 3 1.958 1 0.09047917970571502 0.0 0.4561331
true 0.00018398936471068308 472 4 3 1.958 2 0.09047917970571502 0.0 2.8560366
true 3.095659606896136e-6 997 4 3 1.958 3 0.09047917970571502 0.0 8.4257292
true 2.6753540357434453e-5 1194 4 3 1.958 4 0.09047917970571502 0.0 12.7214565
true 0.012946798148112393 99 4 4 1.958 1 0.09047917970571502 0.0 0.3906369
true 0.00014625459897930904 616 4 4 1.958 2 0.09047917970571502 0.0 3.7991477
true 0.00024059620573126106 713 4 4 1.958 3 0.09047917970571502 0.0 6.8297663
true 0.00012154324202230671 2843 4 4 1.958 4 0.09047917970571502 0.0 29.7449287
true 0.01799533840681572 76 4 1 1.962 1 0.09015765246337229 0.0 0.3327067
true 0.0002512013759486953 574 4 1 1.962 2 0.09015765246337229 0.0 3.5490043
true 0.00015448882692675747 506 4 1 1.962 3 0.09015765246337229 0.0 4.4676057
true 6.305441991871774e-7 669 4 1 1.962 4 0.09015765246337229 0.0 7.6563321
true 0.017389418382418753 97 4 2 1.962 1 0.09015765246337229 0.0 0.3658273
true 0.00014079843643702294 517 4 2 1.962 2 0.09015765246337229 0.0 3.0946331
true 0.0001354959738257 774 4 2 1.962 3 0.09015765246337229 0.0 6.6950381
true 1.4551846568205962e-5 1235 4 2 1.962 4 0.09015765246337229 0.0 13.5793975
true 0.01718744879712336 87 4 3 1.962 1 0.09015765246337229 0.0 0.3463092
true 0.00018076767704635252 490 4 3 1.962 2 0.09015765246337229 0.0 2.9430317
true 2.5717958959077986e-5 1238 4 3 1.962 3 0.09015765246337229 0.0 10.2820893
true 4.317632623455451e-5 1098 4 3 1.962 4 0.09015765246337229 0.0 11.9788538
true 0.012891275977193375 111 4 4 1.962 1 0.09015765246337229 0.0 0.4872635
true 0.00014342512963431975 941 4 4 1.962 2 0.09015765246337229 0.0 5.9336886
true 6.380955672655175e-5 331 4 4 1.962 3 0.09015765246337229 0.0 3.4253164
true 0.0003671378814280729 1419 4 4 1.962 4 0.09015765246337229 0.0 14.8791623
true 0.01791559040294083 56 4 1 1.966 1 0.0898379264926114 0.0 0.2363477
true 0.00024936271955633416 564 4 1 1.966 2 0.0898379264926114 0.0 3.3581793
true 2.677044653121019e-6 350 4 1 1.966 3 0.0898379264926114 0.0 3.2754233
true 2.5504458772696026e-7 428 4 1 1.966 4 0.0898379264926114 0.0 5.8065306
true 0.017315074254961482 61 4 2 1.966 1 0.0898379264926114 0.0 0.2458602
true 0.000372499757600564 230 4 2 1.966 2 0.0898379264926114 0.0 1.5431165
true 0.0001394245176360165 1679 4 2 1.966 3 0.0898379264926114 0.0 13.452932
true 7.970366905193926e-5 1020 4 2 1.966 4 0.0898379264926114 0.0 12.0733902
true 0.017113704871667874 69 4 3 1.966 1 0.0898379264926114 0.0 0.3500608
true 0.00017909038835337934 748 4 3 1.966 2 0.0898379264926114 0.0 4.6532211
true 3.664661640493764e-5 961 4 3 1.966 3 0.0898379264926114 0.0 8.0869909
true 0.00016278135908226465 1782 4 3 1.966 4 0.0898379264926114 0.0 18.440754
true 0.01283546910891499 86 4 4 1.966 1 0.0898379264926114 0.0 0.3402969
true 0.0001625624180361107 398 4 4 1.966 2 0.0898379264926114 0.0 2.6699269
true 0.0001655037307872198 1137 4 4 1.966 3 0.0898379264926114 0.0 9.6244385
true 6.554728509057528e-5 1698 4 4 1.966 4 0.0898379264926114 0.0 17.7761936
true 0.01783636052949461 51 4 1 1.97 1 0.08951998814003295 0.0 0.2197373
true 0.0009077484864026264 188 4 1 1.97 2 0.08951998814003295 0.0 1.4077472
true 8.923440835012508e-5 531 4 1 1.97 3 0.08951998814003295 0.0 4.6549363
true 3.311353503621106e-7 446 4 1 1.97 4 0.08951998814003295 0.0 5.4463288
true 0.017239756929510436 77 4 2 1.97 1 0.08951998814003295 0.0 0.4748848
true 0.01713070847684317 401 4 2 1.97 2 0.08951998814003295 0.0 2.5478423
true 8.293948946067053e-5 692 4 2 1.97 3 0.08951998814003295 0.0 5.9802207
true 6.159279650561067e-5 2337 4 2 1.97 4 0.08951998814003295 0.0 24.2519219
true 0.33927906789668505 63 4 3 1.97 1 0.08951998814003295 0.0 0.2933748
true 0.00018481558801784295 815 4 3 1.97 2 0.08951998814003295 0.0 5.0777425
true 1.5588100488942807e-5 1183 4 3 1.97 3 0.08951998814003295 0.0 10.1440419
true 0.00017972407380826652 1201 4 3 1.97 4 0.08951998814003295 0.0 12.7815428
true 0.2544597932944077 91 4 4 1.97 1 0.08951998814003295 0.0 0.3680233
true 0.00014498876470017685 836 4 4 1.97 2 0.08951998814003295 0.0 5.3088846
true 1.1112759600237498e-5 1205 4 4 1.97 3 0.08951998814003295 0.0 9.8939341
true 0.00012711254664980742 1034 4 4 1.97 4 0.08951998814003295 0.0 11.464486
true 0.017757548989102534 52 4 1 1.974 1 0.08920382388026434 0.0 0.2223992
true 0.0002458875756867207 346 4 1 1.974 2 0.08920382388026434 0.0 2.232381
true 4.008408190370183e-7 539 4 1 1.974 3 0.08920382388026434 0.0 4.5493777
true 2.3008138614000195e-5 767 4 1 1.974 4 0.08920382388026434 0.0 8.2727182
true 0.01716547991756323 64 4 2 1.974 1 0.08920382388026434 0.0 0.2586253
true 0.00013814633317582592 482 4 2 1.974 2 0.08920382388026434 0.0 2.8689282
true 4.6894081069726035e-5 563 4 2 1.974 3 0.08920382388026434 0.0 5.5220951
true 0.00013877742203208254 594 4 2 1.974 4 0.08920382388026434 0.0 6.9530444
true 0.016968094583971416 82 4 3 1.974 1 0.08920382388026434 0.0 0.3888323
true 0.00017846210029735335 478 4 3 1.974 2 0.08920382388026434 0.0 2.9372541
true 7.501125381435363e-5 600 4 3 1.974 3 0.08920382388026434 0.0 5.3365381
true 3.589269957648966e-5 1639 4 3 1.974 4 0.08920382388026434 0.0 17.3849526
true 0.012726210516066122 131 4 4 1.974 1 0.08920382388026434 0.0 0.6278073
true 0.00019144047015443033 230 4 4 1.974 2 0.08920382388026434 0.0 1.638903
true 0.00017360789218177908 1269 4 4 1.974 3 0.08920382388026434 0.0 10.4885424
true 5.8275207742333746e-5 2388 4 4 1.974 4 0.08920382388026434 0.0 25.2133417
true 0.017679575753448695 74 4 1 1.978 1 0.08888942031458075 0.0 0.2958951
true 0.00024522922372111067 307 4 1 1.978 2 0.08888942031458075 0.0 1.8725542
true 7.919960876012766e-6 823 4 1 1.978 3 0.08888942031458075 0.0 6.7476588
true 2.3866598226618407e-6 556 4 1 1.978 4 0.08888942031458075 0.0 6.7024209
true 0.01709175382796657 68 4 2 1.978 1 0.08888942031458075 0.0 0.3266052
true 0.00012756576206782166 333 4 2 1.978 2 0.08888942031458075 0.0 2.0547928
true 0.007837303728241735 351 4 2 1.978 3 0.08888942031458075 0.0 3.3381214
true 0.0006377344220115377 891 4 2 1.978 4 0.08888942031458075 0.0 10.0916853
true 0.016897065316724098 68 4 3 1.978 1 0.08888942031458075 0.0 0.279706
true 0.0001880186072687843 164 4 3 1.978 2 0.08888942031458075 0.0 1.2485321
true 7.422713752382644e-5 916 4 3 1.978 3 0.08888942031458075 0.0 7.7506953
true 1.229867846717451e-5 982 4 3 1.978 4 0.08888942031458075 0.0 11.2351904
true 0.012672309100327267 89 4 4 1.978 1 0.08888942031458075 0.0 0.4161485
true 0.0004443556378004032 215 4 4 1.978 2 0.08888942031458075 0.0 1.534875
true 0.008496146335328178 2142 4 4 1.978 3 0.08888942031458075 0.0 17.7126527
true 8.931082290969394e-5 1647 4 4 1.978 4 0.08888942031458075 0.0 17.3565512
true 0.017601728145883067 50 4 1 1.982 1 0.08857676416951786 0.0 0.2287941
true 0.00024150540675438315 329 4 1 1.982 2 0.08857676416951786 0.0 1.9496139
true 0.00012700752256245007 327 4 1 1.982 3 0.08857676416951786 0.0 3.1233604
true 3.908279062214692e-6 720 4 1 1.982 4 0.08857676416951786 0.0 7.8461733
true 0.017018517360292362 61 4 2 1.982 1 0.08857676416951786 0.0 0.2711209
true 0.0004295684906401309 226 4 2 1.982 2 0.08857676416951786 0.0 1.4957272
true 1.6548157895868165e-5 1103 4 2 1.982 3 0.08857676416951786 0.0 9.1436102
true 0.0004602122159937938 860 4 2 1.982 4 0.08857676416951786 0.0 9.9245598
true 0.01682443058464191 61 4 3 1.982 1 0.08857676416951786 0.0 0.2707239
true 0.00018701911083725728 543 4 3 1.982 2 0.08857676416951786 0.0 3.3391479
true 2.12437625184414e-5 827 4 3 1.982 3 0.08857676416951786 0.0 7.0412884
true 9.352949359305492e-5 1646 4 3 1.982 4 0.08857676416951786 0.0 17.3661862
true 0.01261868559889677 83 4 4 1.982 1 0.08857676416951786 0.0 0.3700544
true 0.0016107917836445523 251 4 4 1.982 2 0.08857676416951786 0.0 1.7981244
true 1.7807118413232237e-5 1394 4 4 1.982 3 0.08857676416951786 0.0 11.8236405
true 9.173459731146028e-5 1700 4 4 1.982 4 0.08857676416951786 0.0 17.7688162
true 0.01752428639380149 56 4 1 1.986 1 0.0882658422955151 0.0 0.2545654
true 0.030803979302609974 126 4 1 1.986 2 0.0882658422955151 0.0 0.9553139
true 9.127649101958735e-5 276 4 1 1.986 3 0.0882658422955151 0.0 2.8585174
true 4.346045845926572e-6 788 4 1 1.986 4 0.0882658422955151 0.0 8.5462581
true 0.016945768122515192 71 4 2 1.986 1 0.0882658422955151 0.0 0.2943524
true 0.00013679200302085803 660 4 2 1.986 2 0.0882658422955151 0.0 3.9031552
true 2.5508721421291236e-5 2215 4 2 1.986 3 0.0882658422955151 0.0 17.4681728
true 5.2140910415998665e-5 837 4 2 1.986 4 0.0882658422955151 0.0 9.5140953
true 0.016753357198249164 71 4 3 1.986 1 0.0882658422955151 0.0 0.3230147
true 0.00017815430069099505 815 4 3 1.986 2 0.0882658422955151 0.0 4.9916019
true 0.01114758057259759 710 4 3 1.986 3 0.0882658422955151 0.0 6.0788704
true 0.00030786098040178994 1058 4 3 1.986 4 0.0882658422955151 0.0 11.8098252
true 0.012565030520870268 67 4 4 1.986 1 0.0882658422955151 0.0 0.3035527
true 0.00015572116375014988 717 4 4 1.986 2 0.0882658422955151 0.0 4.5992066
true 3.9618122607609774e-5 402 4 4 1.986 3 0.0882658422955151 0.0 3.8217252
true 9.795411810023524e-5 2231 4 4 1.986 4 0.0882658422955151 0.0 23.7547356
true 0.017448384529365257 55 4 1 1.99 1 0.08795664166558036 0.0 0.2351373
true 0.00023780896958519593 233 4 1 1.99 2 0.08795664166558036 0.0 1.3984807
true 3.7529719058015942e-6 555 4 1 1.99 3 0.08795664166558036 0.0 4.8421003
true 2.4432302849763943e-6 1230 4 1 1.99 4 0.08795664166558036 0.0 12.6879186
true 0.016874254151316798 97 4 2 1.99 1 0.08795664166558036 0.0 0.3648008
true 0.0001313139395674734 530 4 2 1.99 2 0.08795664166558036 0.0 3.4973433
true 0.0008782271540784536 661 4 2 1.99 3 0.08795664166558036 0.0 5.9021265
true 4.3008337268030106e-5 713 4 2 1.99 4 0.08795664166558036 0.0 8.658958
true 0.01668253604012108 63 4 3 1.99 1 0.08795664166558036 0.0 0.2550984
true 0.00017445361883868435 505 4 3 1.99 2 0.08795664166558036 0.0 3.2288887
true 8.042681394336097e-5 800 4 3 1.99 3 0.08795664166558036 0.0 6.7943249
true 1.0503180029375336e-5 777 4 3 1.99 4 0.08795664166558036 0.0 8.5836493
true 0.012511872146361971 93 4 4 1.99 1 0.08795664166558036 0.0 0.4119258
true 0.0001418674718092483 1065 4 4 1.99 2 0.08795664166558036 0.0 6.5781403
true 0.00012202238666034204 1611 4 4 1.99 3 0.08795664166558036 0.0 13.6009477
true 6.53505242655672e-5 1780 4 4 1.99 4 0.08795664166558036 0.0 19.1123074
true 0.01737153821596049 54 4 1 1.994 1 0.08764914937395794 0.0 0.1975858
true 0.0002363237790065642 595 4 1 1.994 2 0.08764914937395794 0.0 3.678971
true 0.00017362119241814966 588 4 1 1.994 3 0.08764914937395794 0.0 4.919356
true 2.2079574743649744e-5 437 4 1 1.994 4 0.08764914937395794 0.0 5.7220032
true 0.016802157725104044 68 4 2 1.994 1 0.08764914937395794 0.0 0.26377
true 0.0001312792205109825 946 4 2 1.994 2 0.08764914937395794 0.0 5.6967026
true 8.751152322211686e-6 982 4 2 1.994 3 0.08764914937395794 0.0 7.9360169
true 8.743324545887332e-5 1388 4 2 1.994 4 0.08764914937395794 0.0 15.435248
true 0.016612208013205787 90 4 3 1.994 1 0.08764914937395794 0.0 0.3952089
true 0.00018280468590018786 481 4 3 1.994 2 0.08764914937395794 0.0 3.0195081
true 9.123359926203427e-5 390 4 3 1.994 3 0.08764914937395794 0.0 3.843225
true 0.00011875814055040124 829 4 3 1.994 4 0.08764914937395794 0.0 9.6781999
true 0.012459460812130937 117 4 4 1.994 1 0.08764914937395794 0.0 0.4381111
true 0.0001271636458873432 248 4 4 1.994 2 0.08764914937395794 0.0 1.7003145
true 0.00011952146947609432 615 4 4 1.994 3 0.08764914937395794 0.0 5.4320634
true 1.7920959372211276e-5 1144 4 4 1.994 4 0.08764914937395794 0.0 12.6798145
true 0.017295797902498744 60 4 1 1.998 1 0.08734335263481015 0.0 0.2457722
true 0.0002342832080403645 255 4 1 1.998 2 0.08734335263481015 0.0 1.602921
true 0.0002807036549240527 275 4 1 1.998 3 0.08734335263481015 0.0 2.6723742
true 1.419944116504146e-5 1016 4 1 1.998 4 0.08734335263481015 0.0 10.2163889
true 0.016730996074957566 73 4 2 1.998 1 0.08734335263481015 0.0 0.2595089
true 0.008529025706638299 253 4 2 1.998 2 0.08734335263481015 0.0 1.5661544
true 4.693964189922406e-5 2504 4 2 1.998 3 0.08734335263481015 0.0 18.9372685
true 8.566018978306555e-6 1205 4 2 1.998 4 0.08734335263481015 0.0 12.921254
true 0.3390987971332969 57 4 3 1.998 1 0.08734335263481015 0.0 0.2341335
true 0.0001737071354718974 568 4 3 1.998 2 0.08734335263481015 0.0 3.2951412
true 0.00011241107917394262 1843 4 3 1.998 3 0.08734335263481015 0.0 14.1286978
true 4.0208044405594855e-5 1063 4 3 1.998 4 0.08734335263481015 0.0 10.7148047
true 0.01240701559312854 86 4 4 1.998 1 0.08734335263481015 0.0 0.320763
true 0.00014141715976233316 1071 4 4 1.998 2 0.08734335263481015 0.0 6.4194031
true 0.00012135085150490055 2100 4 4 1.998 3 0.08734335263481015 0.0 15.9737802
true 5.0824028837770374e-5 1595 4 4 1.998 4 0.08734335263481015 0.0 15.5443835