g_converged min_loss iter nsites nqubits0 h nlayers SvN m time
true 0.034000898925396816 111 6 1 1.51 1 0.14860607298695988 0.0 0.5835667
true 0.0010548131389085391 1172 6 1 1.51 2 0.14860607298695988 0.0 8.6597713
true 0.0010051673796474536 1784 6 1 1.51 3 0.14860607298695988 0.0 18.0427344
true 0.00015467586994016846 3553 6 1 1.51 4 0.14860607298695988 0.0 44.239932
true 0.033643536496710036 119 6 2 1.51 1 0.14860607298695988 0.0 0.6134369
true 0.0009663337236497649 1826 6 2 1.51 2 0.14860607298695988 0.0 13.435186
true 0.03150481502420696 524 6 2 1.51 3 0.14860607298695988 0.0 6.5293053
true 0.0006633842727223338 2602 6 2 1.51 4 0.14860607298695988 0.0 32.4615304
true 0.03352431241681886 152 6 3 1.51 1 0.14860607298695988 0.0 0.7559002
true 0.0009801281400213708 930 6 3 1.51 2 0.14860607298695988 0.0 7.0122222
true 0.0006467865415989427 3496 6 3 1.51 3 0.14860607298695988 0.0 35.7130554
true 0.0005139635794928673 6878 6 3 1.51 4 0.14860607298695988 0.0 84.3488653
true 0.03243078723418366 165 6 4 1.51 1 0.14860607298695988 0.0 0.7766554
true 0.0007928017202690207 1735 6 4 1.51 2 0.14860607298695988 0.0 12.6497778
true 0.0006358606208767964 1189 6 4 1.51 3 0.14860607298695988 0.0 12.5195429
true 0.0005468492476358999 6083 6 4 1.51 4 0.14860607298695988 0.0 74.1143345
true 0.03177523600948347 132 6 5 1.51 1 0.14860607298695988 0.0 0.7001374
true 0.0007935078005767871 1042 6 5 1.51 2 0.14860607298695988 0.0 7.6892351
true 0.0005530876245941841 5467 6 5 1.51 3 0.14860607298695988 0.0 54.0909035
true 0.0006315222198191361 4179 6 5 1.51 4 0.14860607298695988 0.0 51.3700424
true 0.18205011857040784 314 6 6 1.51 1 0.14860607298695988 0.0 1.5131039
true 0.0006977236605934337 1648 6 6 1.51 2 0.14860607298695988 0.0 12.2759838
true 9.001945476730389e-5 3098 6 6 1.51 3 0.14860607298695988 0.0 30.5727874
true 0.0007905066247811399 6872 6 6 1.51 4 0.14860607298695988 0.0 85.390166
true 0.03345534140577461 108 6 1 1.52 1 0.14676781227962965 0.0 0.5430588
true 0.030766854005693345 926 6 1 1.52 2 0.14676781227962965 0.0 6.7009877
true 0.0017682550583963952 655 6 1 1.52 3 0.14676781227962965 0.0 7.4697217
true 0.018076830197021776 4384 6 1 1.52 4 0.14676781227962965 0.0 52.8934656
true 0.03311084149068286 110 6 2 1.52 1 0.14676781227962965 0.0 0.5701883
true 0.000941147141810067 1509 6 2 1.52 2 0.14676781227962965 0.0 10.7525802
true 0.030864640654430175 910 6 2 1.52 3 0.14676781227962965 0.0 9.6961136
true 0.00040946953551934673 4754 6 2 1.52 4 0.14676781227962965 0.0 60.0216056
true 0.032995810589797336 121 6 3 1.52 1 0.14676781227962965 0.0 0.6162619
true 0.0009527198625282803 692 6 3 1.52 2 0.14676781227962965 0.0 5.1079335
true 0.0004296489836595289 1770 6 3 1.52 3 0.14676781227962965 0.0 18.0364403
true 0.0006213807946347516 4544 6 3 1.52 4 0.14676781227962965 0.0 57.4052508
true 0.26554978643045807 159 6 4 1.52 1 0.14676781227962965 0.0 0.7911378
true 0.0007670986162310739 582 6 4 1.52 2 0.14676781227962965 0.0 4.643975
true 0.007833724295998906 1987 6 4 1.52 3 0.14676781227962965 0.0 19.6011862
true 0.0011923265949753958 2733 6 4 1.52 4 0.14676781227962965 0.0 34.772294
true 0.03129535341984352 156 6 5 1.52 1 0.14676781227962965 0.0 0.8634275
true 0.000772212084500512 1397 6 5 1.52 2 0.14676781227962965 0.0 9.8491158
true 0.0001339879802236932 2681 6 5 1.52 3 0.14676781227962965 0.0 27.1714311
true 0.0006409839805558871 5101 6 5 1.52 4 0.14676781227962965 0.0 63.2536504
true 0.33734077038805194 211 6 6 1.52 1 0.14676781227962965 0.0 1.0620896
true 0.0006841988405132763 1743 6 6 1.52 2 0.14676781227962965 0.0 12.8250741
true 0.0004577299937303103 3613 6 6 1.52 3 0.14676781227962965 0.0 36.3235024
true 0.00025119726521789326 4080 6 6 1.52 4 0.14676781227962965 0.0 52.5281339
true 0.03292320202959431 143 6 1 1.53 1 0.14496629210198328 0.0 0.6991378
true 0.03065760337041873 320 6 1 1.53 2 0.14496629210198328 0.0 2.5869088
true 0.000429262259764418 1646 6 1 1.53 3 0.14496629210198328 0.0 16.8015695
true 0.0007917508410695273 2269 6 1 1.53 4 0.14496629210198328 0.0 28.9767178
true 0.03259140417226675 116 6 2 1.53 1 0.14496629210198328 0.0 0.590862
true 0.030625903849959613 582 6 2 1.53 2 0.14496629210198328 0.0 4.3918851
true 0.0006731099889881742 2100 6 2 1.53 3 0.14496629210198328 0.0 20.9189568
true 0.0006185214655119731 7605 6 2 1.53 4 0.14496629210198328 0.0 92.7266432
true 0.03248036708366866 186 6 3 1.53 1 0.14496629210198328 0.0 0.8847468
true 0.0009277679440249376 563 6 3 1.53 2 0.14496629210198328 0.0 4.4243264
true 0.00017723656903608406 5648 6 3 1.53 3 0.14496629210198328 0.0 54.5270359
true 0.0006929377127595227 3242 6 3 1.53 4 0.14496629210198328 0.0 40.3973708
true 0.03144588739254106 127 6 4 1.53 1 0.14496629210198328 0.0 0.6189293
true 0.0007547318270849923 2082 6 4 1.53 2 0.14496629210198328 0.0 14.8399943
true 0.02294125365307191 692 6 4 1.53 3 0.14496629210198328 0.0 8.2604777
true 0.004255591452101845 3384 6 4 1.53 4 0.14496629210198328 0.0 42.1644286
true 0.21948891700786682 140 6 5 1.53 1 0.14496629210198328 0.0 0.7401424
true 0.0007522993688790058 1822 6 5 1.53 2 0.14496629210198328 0.0 13.7265778
true 0.20013451596379744 2536 6 5 1.53 3 0.14496629210198328 0.0 25.4931223
true 0.0006988012512401997 6371 6 5 1.53 4 0.14496629210198328 0.0 79.4027976
true 0.18290704807188915 167 6 6 1.53 1 0.14496629210198328 0.0 0.851904
true 0.0006629716317740527 1310 6 6 1.53 2 0.14496629210198328 0.0 9.4932425
true 0.0001832007512608073 3643 6 6 1.53 3 0.14496629210198328 0.0 36.8789402
true 0.0008887307890877624 7547 6 6 1.53 4 0.14496629210198328 0.0 98.9174091
true 0.03240433864998815 154 6 1 1.54 1 0.14320052060549301 0.0 0.7556477
true 0.0009655331974561254 1468 6 1 1.54 2 0.14320052060549301 0.0 10.6851946
true 0.00016013120442842643 2805 6 1 1.54 3 0.14320052060549301 0.0 26.8137652
true 0.00024850542852461466 3679 6 1 1.54 4 0.14320052060549301 0.0 46.4434855
true 0.0320840921662876 128 6 2 1.54 1 0.14320052060549301 0.0 0.6251023
true 0.029805700979232574 937 6 2 1.54 2 0.14320052060549301 0.0 7.0347042
true 0.00017336515614108094 4088 6 2 1.54 3 0.14320052060549301 0.0 39.4130248
true 0.004794977421066021 5011 6 2 1.54 4 0.14320052060549301 0.0 60.4175831
true 0.031977040683831524 115 6 3 1.54 1 0.14320052060549301 0.0 0.5989574
true 0.0008990494250160815 1513 6 3 1.54 2 0.14320052060549301 0.0 11.1734145
true 0.03071367007360798 1686 6 3 1.54 3 0.14320052060549301 0.0 17.0318824
true 0.0004010712930205644 5771 6 3 1.54 4 0.14320052060549301 0.0 70.5079489
true 0.03097115422280408 207 6 4 1.54 1 0.14320052060549301 0.0 0.9612902
true 0.0007289166551160131 1049 6 4 1.54 2 0.14320052060549301 0.0 7.7293471
true 0.00017927349377502844 3393 6 4 1.54 3 0.14320052060549301 0.0 32.3549669
true 0.0004912611539758527 2298 6 4 1.54 4 0.14320052060549301 0.0 29.8529516
true 0.21918619892919286 186 6 5 1.54 1 0.14320052060549301 0.0 0.9076723
true 0.0007374214289679326 1156 6 5 1.54 2 0.14320052060549301 0.0 8.3544953
true 0.00011981827758735796 7703 6 5 1.54 3 0.14320052060549301 0.0 77.9910685
true 0.0006453446414818375 7001 6 5 1.54 4 0.14320052060549301 0.0 86.7410238
true 0.025306452053378437 195 6 6 1.54 1 0.14320052060549301 0.0 0.9893961
true 0.000649730443315862 1844 6 6 1.54 2 0.14320052060549301 0.0 13.840445
true 0.020537223403017574 1278 6 6 1.54 3 0.14320052060549301 0.0 14.3201934
true 0.0005017886773014587 2570 6 6 1.54 4 0.14320052060549301 0.0 32.7876791
true 0.03189790694089867 143 6 1 1.55 1 0.14146953786835154 0.0 0.6779968
true 0.0009376792905883558 696 6 1 1.55 2 0.14146953786835154 0.0 5.0850414
true 0.0008793945265357928 2034 6 1 1.55 3 0.14146953786835154 0.0 19.8344528
true 0.0008142945936553958 1977 6 1 1.55 4 0.14146953786835154 0.0 27.5144822
true 0.03158889016178812 134 6 2 1.55 1 0.14146953786835154 0.0 0.628513
true 0.0008684933564528097 526 6 2 1.55 2 0.14146953786835154 0.0 4.038824
true 0.0011687873749395006 1456 6 2 1.55 3 0.14146953786835154 0.0 15.1546278
true 0.0005123793743348204 2659 6 2 1.55 4 0.14146953786835154 0.0 33.3013538
true 0.031486119209110874 116 6 3 1.55 1 0.14146953786835154 0.0 0.5978155
true 0.0008739118416988267 691 6 3 1.55 2 0.14146953786835154 0.0 5.1466263
true 0.030390739916088167 1275 6 3 1.55 3 0.14146953786835154 0.0 13.4749568
true 0.0006695924538714185 4882 6 3 1.55 4 0.14146953786835154 0.0 59.4608586
true 0.2648673520179362 281 6 4 1.55 1 0.14146953786835154 0.0 1.3638473
true 0.0007077581915497649 1624 6 4 1.55 2 0.14146953786835154 0.0 11.9185624
true 0.0009987715949147241 5000 6 4 1.55 3 0.14146953786835154 0.0 49.2294276
true 0.0005367677559909301 8089 6 4 1.55 4 0.14146953786835154 0.0 100.1510425
true 0.029919711317711383 177 6 5 1.55 1 0.14146953786835154 0.0 0.8967358
true 0.0007095185999261066 1171 6 5 1.55 2 0.14146953786835154 0.0 8.5915862
true 0.014147601207713457 3126 6 5 1.55 3 0.14146953786835154 0.0 31.5816143
true 0.0006932676797959725 2420 6 5 1.55 4 0.14146953786835154 0.0 31.8541176
true 0.1824097756973659 156 6 6 1.55 1 0.14146953786835154 0.0 0.8440989
true 0.0006212707142246032 1691 6 6 1.55 2 0.14146953786835154 0.0 12.6710636
true 0.00019912960501750065 3810 6 6 1.55 3 0.14146953786835154 0.0 36.794896
true 0.0010673419809071512 3835 6 6 1.55 4 0.14146953786835154 0.0 48.5780887
true 0.03140368080748113 161 6 1 1.56 1 0.13977241481340572 0.0 0.789205
true 0.0009111464303287464 738 6 1 1.56 2 0.13977241481340572 0.0 5.4124809
true 0.0002532891183452679 2510 6 1 1.56 3 0.13977241481340572 0.0 24.818427
true 0.00011925710077365093 3958 6 1 1.56 4 0.13977241481340572 0.0 48.0980466
true 0.031105618117935357 106 6 2 1.56 1 0.13977241481340572 0.0 0.5743102
true 0.0008376983066589738 1172 6 2 1.56 2 0.13977241481340572 0.0 8.2790096
true 0.00012160989922543886 2019 6 2 1.56 3 0.13977241481340572 0.0 20.3999098
true 0.0005373312131160546 3396 6 2 1.56 4 0.13977241481340572 0.0 43.489842
true 0.03100624930295624 172 6 3 1.56 1 0.13977241481340572 0.0 0.8603947
true 0.0008493931665276196 819 6 3 1.56 2 0.13977241481340572 0.0 6.2429543
true 0.019902270503349362 3559 6 3 1.56 3 0.13977241481340572 0.0 36.3913276
true 0.0007168878447057306 5200 6 3 1.56 4 0.13977241481340572 0.0 63.7329806
true 0.030053357218000037 209 6 4 1.56 1 0.13977241481340572 0.0 1.0383935
true 0.04724334823221882 670 6 4 1.56 2 0.13977241481340572 0.0 5.5086877
true 0.0018028556714656946 5942 6 4 1.56 3 0.13977241481340572 0.0 60.680155
true 0.00039736072439021386 4866 6 4 1.56 4 0.13977241481340572 0.0 60.8252951
true 0.029482028952803573 139 6 5 1.56 1 0.13977241481340572 0.0 0.7244286
true 0.0006933606325721265 1980 6 5 1.56 2 0.13977241481340572 0.0 14.4722414
true 0.013909091514745175 2178 6 5 1.56 3 0.13977241481340572 0.0 22.0756728
true 0.00017242313594714175 6994 6 5 1.56 4 0.13977241481340572 0.0 85.0597833
true 0.1809659925087408 193 6 6 1.56 1 0.13977241481340572 0.0 0.9607211
true 0.004569249275134764 1793 6 6 1.56 2 0.13977241481340572 0.0 13.5677437
true 0.010461505278415087 2567 6 6 1.56 3 0.13977241481340572 0.0 25.3570959
true 0.0006806491139912663 5469 6 6 1.56 4 0.13977241481340572 0.0 67.9483529
true 0.030921462383029286 105 6 1 1.57 1 0.1381082521562763 0.0 0.5124525
true 0.0008867164543059358 747 6 1 1.57 2 0.1381082521562763 0.0 5.6226682
true 0.00011654179763764816 4042 6 1 1.57 3 0.1381082521562763 0.0 39.2135122
true 0.0007456904991819391 2240 6 1 1.57 4 0.1381082521562763 0.0 28.1021887
true 0.030633779849124715 150 6 2 1.57 1 0.1381082521562763 0.0 0.7169766
true 0.0008155764796404508 599 6 2 1.57 2 0.1381082521562763 0.0 4.4909556
true 0.026506327246514416 1970 6 2 1.57 3 0.1381082521562763 0.0 19.4342192
true 0.0007538648943636039 2971 6 2 1.57 4 0.1381082521562763 0.0 39.1197031
true 0.030537868475956537 198 6 3 1.57 1 0.1381082521562763 0.0 0.9319662
true 0.000825973156835802 1423 6 3 1.57 2 0.1381082521562763 0.0 10.3483932
true 0.0001402395556512707 787 6 3 1.57 3 0.1381082521562763 0.0 8.7007566
true 0.000561633750926808 6019 6 3 1.57 4 0.1381082521562763 0.0 74.8514313
true 0.02961039334083801 147 6 4 1.57 1 0.1381082521562763 0.0 0.7086815
true 0.0006755756834329607 1932 6 4 1.57 2 0.1381082521562763 0.0 13.8857773
true 0.00011042051049686696 5666 6 4 1.57 3 0.1381082521562763 0.0 54.8115651
true 0.00045964398840360465 3882 6 4 1.57 4 0.1381082521562763 0.0 47.486731
true 0.029056286495188943 186 6 5 1.57 1 0.1381082521562763 0.0 0.9083631
true 0.0006966859450063811 497 6 5 1.57 2 0.1381082521562763 0.0 4.1044526
true 0.0001834156732336556 3688 6 5 1.57 3 0.1381082521562763 0.0 36.7914831
true 0.0006035719817513163 4382 6 5 1.57 4 0.1381082521562763 0.0 54.0287342
true 0.024212473791249394 164 6 6 1.57 1 0.1381082521562763 0.0 0.8186826
true 0.0005913691382164651 2274 6 6 1.57 2 0.1381082521562763 0.0 16.4196809
true 0.00017963322096831158 3252 6 6 1.57 3 0.1381082521562763 0.0 32.244416
true 0.16687892591707953 2197 6 6 1.57 4 0.1381082521562763 0.0 30.9012903
true 0.030450591579335717 147 6 1 1.58 1 0.13647617938387846 0.0 0.6747943
true 0.029814487866270056 381 6 1 1.58 2 0.13647617938387846 0.0 3.2271044
true 0.00142349803328512 723 6 1 1.58 3 0.13647617938387846 0.0 7.9562059
true 0.0006739223280727846 2536 6 1 1.58 4 0.13647617938387846 0.0 33.5413296
true 0.030172897286146222 145 6 2 1.58 1 0.13647617938387846 0.0 0.6758125
true 0.0007925490121416523 1540 6 2 1.58 2 0.13647617938387846 0.0 10.7468476
true 0.00043324179521536665 1249 6 2 1.58 3 0.13647617938387846 0.0 12.767256
true 0.00045575122356289466 2607 6 2 1.58 4 0.13647617938387846 0.0 32.8194288
true 0.030080369868902668 111 6 3 1.58 1 0.13647617938387846 0.0 0.5658574
true 0.0008034561895621795 1214 6 3 1.58 2 0.13647617938387846 0.0 8.917275
true 0.01939034612333664 5058 6 3 1.58 3 0.13647617938387846 0.0 50.8728915
true 3.813132823558366e-5 980 6 3 1.58 4 0.13647617938387846 0.0 15.0537501
true 0.02917789766497625 170 6 4 1.58 1 0.13647617938387846 0.0 0.8538322
true 0.005736752775872059 1481 6 4 1.58 2 0.13647617938387846 0.0 11.5419514
true 0.00018242821098971018 3482 6 4 1.58 3 0.13647617938387846 0.0 34.8187917
true 0.0006153110107466886 5413 6 4 1.58 4 0.13647617938387846 0.0 70.3513537
true 0.21667773681370636 108 6 5 1.58 1 0.13647617938387846 0.0 0.5967097
true 0.0009083201232273685 486 6 5 1.58 2 0.13647617938387846 0.0 3.9430002
true 0.00011176855278863807 3643 6 5 1.58 3 0.13647617938387846 0.0 36.1270305
true 0.00040481301275133717 4104 6 5 1.58 4 0.13647617938387846 0.0 50.7864426
true 0.02386379036452055 186 6 6 1.58 1 0.13647617938387846 0.0 0.9844467
true 0.0005877811808952249 2221 6 6 1.58 2 0.13647617938387846 0.0 15.7794276
true 7.362536980307088e-5 3473 6 6 1.58 3 0.13647617938387846 0.0 34.8394597
true 0.0002594913571807948 7556 6 6 1.58 4 0.13647617938387846 0.0 94.60101
true 0.029990871832872412 112 6 1 1.59 1 0.13487535376348045 0.0 0.5835716
true 0.0008368904988249048 1034 6 1 1.59 2 0.13487535376348045 0.0 7.5857468
true 0.000839926772762567 3013 6 1 1.59 3 0.13487535376348045 0.0 30.2434736
true 0.0013042821747700772 3485 6 1 1.59 4 0.13487535376348045 0.0 44.4066466
true 0.02972271375756594 130 6 2 1.59 1 0.13487535376348045 0.0 0.6017771
true 0.025510901897817767 478 6 2 1.59 2 0.13487535376348045 0.0 3.8462259
true 0.0002222195295899787 1544 6 2 1.59 3 0.13487535376348045 0.0 15.7854295
true 0.0003418495012045275 4730 6 2 1.59 4 0.13487535376348045 0.0 57.41974
true 0.029633269943208085 134 6 3 1.59 1 0.13487535376348045 0.0 0.6530882
true 0.0007815563357096064 1124 6 3 1.59 2 0.13487535376348045 0.0 8.1387726
true 0.00013751415649252788 2995 6 3 1.59 3 0.13487535376348045 0.0 29.7893095
true 0.0005317281372405244 4437 6 3 1.59 4 0.13487535376348045 0.0 55.5364338
true 0.028754550023329314 166 6 4 1.59 1 0.13487535376348045 0.0 0.7722833
true 0.0006300322830457977 1550 6 4 1.59 2 0.13487535376348045 0.0 10.7831498
true 0.0007404550043417085 2712 6 4 1.59 3 0.13487535376348045 0.0 26.3071047
true 0.000505160363506757 2015 6 4 1.59 4 0.13487535376348045 0.0 25.9718379
true 0.21644523742819724 145 6 5 1.59 1 0.13487535376348045 0.0 0.7477674
true 0.0006403590934159542 1294 6 5 1.59 2 0.13487535376348045 0.0 9.2664125
true 0.00010000017796039096 3966 6 5 1.59 3 0.13487535376348045 0.0 39.9398686
true 0.0005928182676610439 4648 6 5 1.59 4 0.13487535376348045 0.0 58.5952648
true 0.18019229343359588 242 6 6 1.59 1 0.13487535376348045 0.0 1.1251034
true 0.0005588701339590737 1641 6 6 1.59 2 0.13487535376348045 0.0 11.7493782
true 6.259879287632646e-5 3143 6 6 1.59 3 0.13487535376348045 0.0 31.5278688
true 0.0007243508396265289 5575 6 6 1.59 4 0.13487535376348045 0.0 69.5235186
true 0.029542017479315785 97 6 1 1.6 1 0.1333049593821452 0.0 0.4943802
true 0.0008138882456162344 862 6 1 1.6 2 0.1333049593821452 0.0 6.2429939
true 0.0013823134404853388 2567 6 1 1.6 3 0.1333049593821452 0.0 25.3540003
true 0.0006544745815089126 2370 6 1 1.6 4 0.1333049593821452 0.0 30.7368049
true 0.029283000218573996 117 6 2 1.6 1 0.1333049593821452 0.0 0.5576398
true 0.0007503830063587402 784 6 2 1.6 2 0.1333049593821452 0.0 5.7663873
true 0.00011159053160711419 2159 6 2 1.6 3 0.1333049593821452 0.0 21.4659983
true 0.0001957118896314114 6106 6 2 1.6 4 0.1333049593821452 0.0 74.7796538
true 0.02919667648382962 155 6 3 1.6 1 0.1333049593821452 0.0 0.7898348
true 0.0007601681401127047 760 6 3 1.6 2 0.1333049593821452 0.0 5.5307948
true 0.028146433202231296 2750 6 3 1.6 3 0.1333049593821452 0.0 28.7401653
true 0.00028853734119440216 4279 6 3 1.6 4 0.1333049593821452 0.0 52.8695067
true 0.02834061505584126 171 6 4 1.6 1 0.1333049593821452 0.0 0.8101093
true 0.0006232193219044835 1125 6 4 1.6 2 0.1333049593821452 0.0 8.1269006
true 0.00014202116924796893 5925 6 4 1.6 3 0.1333049593821452 0.0 57.9880413
true 0.0006254561420259569 6001 6 4 1.6 4 0.1333049593821452 0.0 74.9694604
true 0.405908521062354 113 6 5 1.6 1 0.1333049593821452 0.0 0.6209101
true 0.000623003874104111 1190 6 5 1.6 2 0.1333049593821452 0.0 8.9769843
true 0.0005604423135112668 2863 6 5 1.6 3 0.1333049593821452 0.0 27.4084197
true 0.0005986267167227055 6083 6 5 1.6 4 0.1333049593821452 0.0 74.3618324
true 0.023189015412205072 359 6 6 1.6 1 0.1333049593821452 0.0 1.8056766
true 0.0005428212136060021 2328 6 6 1.6 2 0.1333049593821452 0.0 17.0274309
true 0.0002843488809210852 2901 6 6 1.6 3 0.1333049593821452 0.0 28.0164809
true 0.0006385887414542083 3687 6 6 1.6 4 0.1333049593821452 0.0 47.4377733
true 0.029103259366075884 110 6 1 1.61 1 0.13176420621645163 0.0 0.5580966
true 0.0007914084324228132 687 6 1 1.61 2 0.13176420621645163 0.0 5.2896417
true 0.0007824720878393809 1199 6 1 1.61 3 0.13176420621645163 0.0 12.6790456
true 4.358741543025735e-5 4132 6 1 1.61 4 0.13176420621645163 0.0 51.3958536
true 0.02885309774828848 128 6 2 1.61 1 0.13176420621645163 0.0 0.6230712
true 0.0007302084302604206 904 6 2 1.61 2 0.13176420621645163 0.0 6.5215866
true 0.00043296975559217743 1083 6 2 1.61 3 0.13176420621645163 0.0 11.6145782
true 7.514074299583284e-5 2998 6 2 1.61 4 0.13176420621645163 0.0 39.8785701
true 0.028770217299493472 115 6 3 1.61 1 0.13176420621645163 0.0 0.5841773
true 0.0007396285116959556 1162 6 3 1.61 2 0.13176420621645163 0.0 8.2776827
true 0.0001126547397892012 2793 6 3 1.61 3 0.13176420621645163 0.0 27.3030914
true 0.0007021424897789194 4986 6 3 1.61 4 0.13176420621645163 0.0 60.4805652
true 0.0279360905714999 145 6 4 1.61 1 0.13176420621645163 0.0 0.7017085
true 0.0006082422304590357 1485 6 4 1.61 2 0.13176420621645163 0.0 10.6310311
true 0.020771207973569655 2188 6 4 1.61 3 0.13176420621645163 0.0 21.9094962
true 0.004525483616851081 3235 6 4 1.61 4 0.13176420621645163 0.0 42.0688534
true 0.027436080362134418 269 6 5 1.61 1 0.13176420621645163 0.0 1.2591527
true 0.0006033954731610614 1713 6 5 1.61 2 0.13176420621645163 0.0 12.7853742
true 0.00011901958017034309 7378 6 5 1.61 3 0.13176420621645163 0.0 72.9896617
true 0.0005562472065320789 5193 6 5 1.61 4 0.13176420621645163 0.0 63.5497738
true 0.02286329933306855 182 6 6 1.61 1 0.13176420621645163 0.0 0.9304877
true 0.0005286601076876599 1554 6 6 1.61 2 0.13176420621645163 0.0 11.4178047
true 0.00010792782552625686 4956 6 6 1.61 3 0.13176420621645163 0.0 50.2346816
true 0.0005193792923963622 5449 6 6 1.61 4 0.13176420621645163 0.0 67.4492219
true 0.028674352267061443 94 6 1 1.62 1 0.1302523292320997 0.0 0.4588257
true 0.0007702445226359655 808 6 1 1.62 2 0.1302523292320997 0.0 5.7519859
true 0.0007712220798054559 1383 6 1 1.62 3 0.1302523292320997 0.0 14.7624576
true 0.0008891399144512757 3580 6 1 1.62 4 0.1302523292320997 0.0 44.9805404
true 0.02843302655832175 113 6 2 1.62 1 0.1302523292320997 0.0 0.5408176
true 0.0007104273320370225 1271 6 2 1.62 2 0.1302523292320997 0.0 8.994324
true 0.0004957663098745235 2173 6 2 1.62 3 0.1302523292320997 0.0 21.9794905
true 0.0007332005495673533 6398 6 2 1.62 4 0.1302523292320997 0.0 78.4246933
true 0.028353276131184418 163 6 3 1.62 1 0.1302523292320997 0.0 0.7771434
true 0.0007202166664518709 2324 6 3 1.62 2 0.1302523292320997 0.0 16.955272
true 0.0007371084940618333 1808 6 3 1.62 3 0.1302523292320997 0.0 18.9537259
true 0.0003064147025817106 7608 6 3 1.62 4 0.1302523292320997 0.0 93.4350638
true 0.027540627882056357 191 6 4 1.62 1 0.1302523292320997 0.0 0.8796837
true 0.0005792682472718497 1383 6 4 1.62 2 0.1302523292320997 0.0 9.9011372
true 0.00012795738664056477 7868 6 4 1.62 3 0.1302523292320997 0.0 75.5536462
true 0.0005579925632973465 3807 6 4 1.62 4 0.1302523292320997 0.0 47.3689818
true 0.2157764242044725 137 6 5 1.62 1 0.1302523292320997 0.0 0.6999209
true 0.0005921101175760501 2536 6 5 1.62 2 0.1302523292320997 0.0 18.5790729
true 0.0007566494733131535 3369 6 5 1.62 3 0.1302523292320997 0.0 33.6371812
true 0.0006645183843996483 3669 6 5 1.62 4 0.1302523292320997 0.0 47.2854959
true 0.022544522461082895 342 6 6 1.62 1 0.1302523292320997 0.0 1.7168935
true 0.0005233620784992435 2636 6 6 1.62 2 0.1302523292320997 0.0 19.2473988
true 0.004646816285265948 2314 6 6 1.62 3 0.1302523292320997 0.0 23.8581591
true 0.0003053678156510568 9328 6 6 1.62 4 0.1302523292320997 0.0 113.2814161
true 0.02825556238725968 97 6 1 1.63 1 0.1287685875130133 0.0 0.4688975
true 0.0007561693187222995 951 6 1 1.63 2 0.1287685875130133 0.0 6.9774761
true 0.00020778801003629166 3664 6 1 1.63 3 0.1287685875130133 0.0 34.8647191
true 0.0005084594376939533 4167 6 1 1.63 4 0.1287685875130133 0.0 52.2738252
true 0.028022601416460208 136 6 2 1.63 1 0.1287685875130133 0.0 0.6354633
true 0.0006919064572007139 1212 6 2 1.63 2 0.1287685875130133 0.0 8.5307685
true 0.026311332963140838 1780 6 2 1.63 3 0.1287685875130133 0.0 17.9236173
true 0.0001769724530229777 4800 6 2 1.63 4 0.1287685875130133 0.0 58.7085103
true 0.027945603547502435 133 6 3 1.63 1 0.1287685875130133 0.0 0.6775126
true 0.0007016997740394068 1440 6 3 1.63 2 0.1287685875130133 0.0 10.4513444
true 0.00013811682270351935 5824 6 3 1.63 3 0.1287685875130133 0.0 58.8730063
true 0.0005528838912555919 9234 6 3 1.63 4 0.1287685875130133 0.0 113.6460545
true 0.027153331773989625 118 6 4 1.63 1 0.1287685875130133 0.0 0.637888
true 0.0005688538259391446 1832 6 4 1.63 2 0.1287685875130133 0.0 13.4302376
true 0.013655804227148335 3950 6 4 1.63 3 0.1287685875130133 0.0 39.343474
true 0.0004005342649128635 4084 6 4 1.63 4 0.1287685875130133 0.0 50.4824495
true 0.21676719161709562 268 6 5 1.63 1 0.1287685875130133 0.0 1.3127743
true 0.0005781847088927705 1321 6 5 1.63 2 0.1287685875130133 0.0 9.6074826
true 0.00023384981792589076 3633 6 5 1.63 3 0.1287685875130133 0.0 36.1436096
true 0.000502639336498234 6058 6 5 1.63 4 0.1287685875130133 0.0 75.1269087
true 0.02223230482367572 253 6 6 1.63 1 0.1287685875130133 0.0 1.152796
true 0.24306089497223815 430 6 6 1.63 2 0.1287685875130133 0.0 3.7211122
true 0.00044637887589764796 2701 6 6 1.63 3 0.1287685875130133 0.0 27.0512566
true 0.0004025909498172886 4238 6 6 1.63 4 0.1287685875130133 0.0 53.7369639
true 0.02784609523047321 96 6 1 1.64 1 0.12731226341949994 0.0 0.4674233
true 0.0007289862125720581 1310 6 1 1.64 2 0.12731226341949994 0.0 9.414415
true 0.0002028614636140902 1808 6 1 1.64 3 0.12731226341949994 0.0 17.9149784
true 0.00014999276797267314 2533 6 1 1.64 4 0.12731226341949994 0.0 31.8267899
true 0.027620831589651368 110 6 2 1.64 1 0.12731226341949994 0.0 0.5570051
true 0.0006740304925628993 666 6 2 1.64 2 0.12731226341949994 0.0 4.8041684
true 0.00017542390515098982 1544 6 2 1.64 3 0.12731226341949994 0.0 15.3731285
true 7.896203796128876e-5 2984 6 2 1.64 4 0.12731226341949994 0.0 40.5030151
true 0.027545802340303016 122 6 3 1.64 1 0.12731226341949994 0.0 0.6561037
true 0.000682561134145924 995 6 3 1.64 2 0.12731226341949994 0.0 7.5912899
true 0.00012079833528973645 4570 6 3 1.64 3 0.12731226341949994 0.0 44.6683554
true 0.0001881666310386184 3928 6 3 1.64 4 0.12731226341949994 0.0 51.1684947
true 0.02677462129664339 470 6 4 1.64 1 0.12731226341949994 0.0 2.1352692
true 0.0005533575334119578 1523 6 4 1.64 2 0.12731226341949994 0.0 10.989916
true 0.0005277553889769943 3111 6 4 1.64 3 0.12731226341949994 0.0 31.7286102
true 0.0004556909555081673 7155 6 4 1.64 4 0.12731226341949994 0.0 89.0557169
true 0.21535371501318426 117 6 5 1.64 1 0.12731226341949994 0.0 0.6403531
true 0.0005573796150839638 1206 6 5 1.64 2 0.12731226341949994 0.0 8.5968172
true 8.867811157752259e-5 2384 6 5 1.64 3 0.12731226341949994 0.0 23.479119
true 0.0011229492400217534 6312 6 5 1.64 4 0.12731226341949994 0.0 79.1948489
true 0.021926934093411187 336 6 6 1.64 1 0.12731226341949994 0.0 1.7038332
true 0.0004922649022425137 2261 6 6 1.64 2 0.12731226341949994 0.0 16.6777692
true 0.004154308237010333 6627 6 6 1.64 3 0.12731226341949994 0.0 66.8008632
true 0.0005661729898894056 5550 6 6 1.64 4 0.12731226341949994 0.0 69.8891642
true 0.027446182545042053 92 6 1 1.65 1 0.125882661774852 0.0 0.4733955
true 0.000709482771686254 1681 6 1 1.65 2 0.125882661774852 0.0 12.2113498
true 0.0006311296967886904 1020 6 1 1.65 3 0.125882661774852 0.0 10.8567185
true 0.000568834375791416 2520 6 1 1.65 4 0.125882661774852 0.0 32.4266607
true 0.027228225080893786 122 6 2 1.65 1 0.125882661774852 0.0 0.5882658
true 0.0006562509296589025 953 6 2 1.65 2 0.125882661774852 0.0 6.7608493
true 0.00041611418449202797 1578 6 2 1.65 3 0.125882661774852 0.0 16.116195
true 0.0010717898069778908 4095 6 2 1.65 4 0.125882661774852 0.0 51.6577495
true 0.027155632867967072 109 6 3 1.65 1 0.125882661774852 0.0 0.5418197
true 0.0006646913392014028 1635 6 3 1.65 2 0.125882661774852 0.0 12.0925355
true 0.00015150534505527688 6241 6 3 1.65 3 0.125882661774852 0.0 59.1420211
true 0.0008202289220597033 7173 6 3 1.65 4 0.125882661774852 0.0 88.7235136
true 0.026403974989066173 187 6 4 1.65 1 0.125882661774852 0.0 0.9129545
true 0.0005428425248270308 1538 6 4 1.65 2 0.125882661774852 0.0 11.1963705
true 0.00015681844939620382 5572 6 4 1.65 3 0.125882661774852 0.0 54.2542577
true 0.0005055230886909651 5781 6 4 1.65 4 0.125882661774852 0.0 70.8028185
true 0.025953508141290004 140 6 5 1.65 1 0.125882661774852 0.0 0.7517661
true 0.03853635032997209 555 6 5 1.65 2 0.125882661774852 0.0 4.4094919
true 0.005115674518298763 3701 6 5 1.65 3 0.125882661774852 0.0 36.7703047
true 0.0001929283141140714 4546 6 5 1.65 4 0.125882661774852 0.0 58.3473084
true 0.1791459083675517 184 6 6 1.65 1 0.125882661774852 0.0 0.9314329
true 0.00047790480645600503 2249 6 6 1.65 2 0.125882661774852 0.0 16.0642512
true 0.00011316386752246073 3595 6 6 1.65 3 0.125882661774852 0.0 36.149732
true 0.0003748842590822384 3162 6 6 1.65 4 0.125882661774852 0.0 40.7890476
true 0.027054606009274007 103 6 1 1.66 1 0.12447910907986316 0.0 0.5335144
true 0.0006905738227591662 581 6 1 1.66 2 0.12447910907986316 0.0 4.2728091
true 0.0009649902033191937 1118 6 1 1.66 3 0.12447910907986316 0.0 12.1095964
true 6.124573910282205e-5 3517 6 1 1.66 4 0.12447910907986316 0.0 43.2919447
true 0.026844267806811345 136 6 2 1.66 1 0.12447910907986316 0.0 0.6485989
true 0.0011997641980298346 802 6 2 1.66 2 0.12447910907986316 0.0 6.2709948
true 8.667479938606615e-5 1742 6 2 1.66 3 0.12447910907986316 0.0 17.7595057
true 0.00010417653152317019 6045 6 2 1.66 4 0.12447910907986316 0.0 74.1265746
true 0.026774424675592972 122 6 3 1.66 1 0.12447910907986316 0.0 0.6070479
true 0.0006471142610610473 1323 6 3 1.66 2 0.12447910907986316 0.0 9.4804089
true 0.0010122710725048074 1919 6 3 1.66 3 0.12447910907986316 0.0 18.7626043
true 0.00012002588106165464 8424 6 3 1.66 4 0.12447910907986316 0.0 105.5803514
true 0.026041869269224874 160 6 4 1.66 1 0.12447910907986316 0.0 0.7827644
true 0.0005655537280210982 694 6 4 1.66 2 0.12447910907986316 0.0 5.2666648
true 0.018472031321776508 3737 6 4 1.66 3 0.12447910907986316 0.0 38.1938105
true 0.00024302210922265421 6632 6 4 1.66 4 0.12447910907986316 0.0 81.330459
true 0.2147799403312925 111 6 5 1.66 1 0.12447910907986316 0.0 0.5866279
true 0.0005428376150738212 672 6 5 1.66 2 0.12447910907986316 0.0 5.1614428
true 0.020651073135613752 1110 6 5 1.66 3 0.12447910907986316 0.0 11.9466434
true 0.00044054172264215154 4831 6 5 1.66 4 0.12447910907986316 0.0 59.2152859
true 0.17898311848895743 147 6 6 1.66 1 0.12447910907986316 0.0 0.7677907
true 0.0009608854294282746 710 6 6 1.66 2 0.12447910907986316 0.0 6.0528813
true 0.013362767275669873 2121 6 6 1.66 3 0.12447910907986316 0.0 21.1296141
true 0.0005150776074047958 4543 6 6 1.66 4 0.12447910907986316 0.0 58.5362457
true 0.026671834748006662 83 6 1 1.67 1 0.12310095275454412 0.0 0.4366709
true 0.000672623464306743 1068 6 1 1.67 2 0.12310095275454412 0.0 7.7308554
true 6.520300190643313e-5 3127 6 1 1.67 3 0.12310095275454412 0.0 30.0605764
true 0.000264458072569973 6050 6 1 1.67 4 0.12310095275454412 0.0 75.5435104
true 0.026468685215285198 97 6 2 1.67 1 0.12310095275454412 0.0 0.488262
true 0.0006223835723573046 397 6 2 1.67 2 0.12310095275454412 0.0 3.2145035
true 8.380559967235968e-5 4017 6 2 1.67 3 0.12310095275454412 0.0 39.6297518
true 0.00041386429390380397 3539 6 2 1.67 4 0.12310095275454412 0.0 44.4780616
true 0.026401101186794822 107 6 3 1.67 1 0.12310095275454412 0.0 0.5138615
true 0.0006303759581347915 691 6 3 1.67 2 0.12310095275454412 0.0 5.0313644
true 0.00025445350194421473 3271 6 3 1.67 3 0.12310095275454412 0.0 32.5020389
true 0.00032369651904930646 2144 6 3 1.67 4 0.12310095275454412 0.0 28.5075816
true 0.025687081889663607 192 6 4 1.67 1 0.12310095275454412 0.0 0.8791817
true 0.0005756889403821935 669 6 4 1.67 2 0.12310095275454412 0.0 5.0744574
true 8.42563790542511e-5 5472 6 4 1.67 3 0.12310095275454412 0.0 52.8734618
true 3.99064779035424e-5 9809 6 4 1.67 4 0.12310095275454412 0.0 120.5759933
true 0.21584085596227434 106 6 5 1.67 1 0.12310095275454412 0.0 0.5709271
true 0.200358229724318 520 6 5 1.67 2 0.12310095275454412 0.0 4.1959336
true 0.0002720500779451407 4460 6 5 1.67 3 0.12310095275454412 0.0 45.4969296
true 0.0008403972430150675 7700 6 5 1.67 4 0.12310095275454412 0.0 96.1162639
true 0.17986758400409075 238 6 6 1.67 1 0.12310095275454412 0.0 1.1969477
true 0.0004507982469953616 1538 6 6 1.67 2 0.12310095275454412 0.0 10.839093
true 0.166945699856671 2045 6 6 1.67 3 0.12310095275454412 0.0 20.24386
true 0.00017573775090661456 7857 6 6 1.67 4 0.12310095275454412 0.0 99.6187642
true 0.026297635510723116 105 6 1 1.68 1 0.12174756040643517 0.0 0.5343907
true 0.025848910744957376 446 6 1 1.68 2 0.12174756040643517 0.0 3.6123251
true 0.0011245798872185908 607 6 1 1.68 3 0.12174756040643517 0.0 7.1791947
true 0.0005309603362311788 926 6 1 1.68 4 0.12174756040643517 0.0 13.7181887
true 0.026101076082392816 113 6 2 1.68 1 0.12174756040643517 0.0 0.6196188
true 0.024605098545795095 434 6 2 1.68 2 0.12174756040643517 0.0 3.5380879
true 0.00011358752194437494 2424 6 2 1.68 3 0.12174756040643517 0.0 24.0860866
true 0.0003464949762335967 4434 6 2 1.68 4 0.12174756040643517 0.0 54.1691169
true 0.02603570988907659 143 6 3 1.68 1 0.12174756040643517 0.0 0.6541644
true 0.0006140161515718242 1087 6 3 1.68 2 0.12174756040643517 0.0 7.9197619
true 0.0005985035913722939 4721 6 3 1.68 3 0.12174756040643517 0.0 46.0085902
true 0.0003574852905672092 4253 6 3 1.68 4 0.12174756040643517 0.0 52.9144947
true 0.025338744639383168 272 6 4 1.68 1 0.12174756040643517 0.0 1.3176937
true 0.0005047355152691668 1557 6 4 1.68 2 0.12174756040643517 0.0 10.6728786
true 0.00020095878772324882 2281 6 4 1.68 3 0.12174756040643517 0.0 22.9469368
true 0.000515895262877597 4751 6 4 1.68 4 0.12174756040643517 0.0 58.2860861
true 0.024921025941106945 138 6 5 1.68 1 0.12174756040643517 0.0 0.7871976
true 0.0005065648699697056 1858 6 5 1.68 2 0.12174756040643517 0.0 13.3721879
true 0.00019353191078950172 4602 6 5 1.68 3 0.12174756040643517 0.0 45.0225872
true 0.0008903857461349917 4821 6 5 1.68 4 0.12174756040643517 0.0 60.0389093
true 0.1787995747850881 200 6 6 1.68 1 0.12174756040643517 0.0 1.0144643
true 0.00044647199589178954 1691 6 6 1.68 2 0.12174756040643517 0.0 12.2502207
true 0.025319834246018264 2153 6 6 1.68 3 0.12174756040643517 0.0 22.0307368
true 0.0003051369482426995 4503 6 6 1.68 4 0.12174756040643517 0.0 56.4908976
true 0.02593131782618474 132 6 1 1.69 1 0.12041831912479119 0.0 0.6382722
true 0.0006391756328347764 932 6 1 1.69 2 0.12041831912479119 0.0 6.789249
true 0.0009247182255659459 2475 6 1 1.69 3 0.12041831912479119 0.0 24.7330435
true 0.00037344765223540355 4630 6 1 1.69 4 0.12041831912479119 0.0 56.4032836
true 0.025741265389737644 137 6 2 1.69 1 0.12041831912479119 0.0 0.6502348
true 0.0005922981138173911 1720 6 2 1.69 2 0.12041831912479119 0.0 11.9917963
true 9.046574097723581e-5 2754 6 2 1.69 3 0.12041831912479119 0.0 27.5417541
true 0.0008453787185991324 3274 6 2 1.69 4 0.12041831912479119 0.0 41.652832
true 0.02567881552470332 118 6 3 1.69 1 0.12041831912479119 0.0 0.5841523
true 0.0005982839317324832 692 6 3 1.69 2 0.12041831912479119 0.0 5.1256599
true 0.00011540941785803671 1935 6 3 1.69 3 0.12041831912479119 0.0 19.7713567
true 0.0004536101134138641 4400 6 3 1.69 4 0.12041831912479119 0.0 55.4528148
true 0.26222295635326087 124 6 4 1.69 1 0.12041831912479119 0.0 0.6433328
true 0.040042499521437486 367 6 4 1.69 2 0.12041831912479119 0.0 3.1566488
true 0.0060696396247608975 5686 6 4 1.69 3 0.12041831912479119 0.0 56.0501912
true 0.000368852970769204 6106 6 4 1.69 4 0.12041831912479119 0.0 75.2242237
true 0.21437035746773833 143 6 5 1.69 1 0.12041831912479119 0.0 0.7358295
true 0.0004931331762182189 1183 6 5 1.69 2 0.12041831912479119 0.0 8.3793753
true 0.019854393407060633 717 6 5 1.69 3 0.12041831912479119 0.0 9.1381978
true 0.0001969975177302463 3566 6 5 1.69 4 0.12041831912479119 0.0 44.9785467
true 0.02049327371590372 226 6 6 1.69 1 0.12041831912479119 0.0 1.0746882
true 0.0004297533869805914 1430 6 6 1.69 2 0.12041831912479119 0.0 10.5448219
true 7.174215434913034e-5 4862 6 6 1.69 3 0.12041831912479119 0.0 48.9474578
true 0.00035566904096347624 4020 6 6 1.69 4 0.12041831912479119 0.0 52.9049281
true 0.02557304683611178 119 6 1 1.7 1 0.11911263479990587 0.0 0.5586597
true 0.0006213597384230884 1211 6 1 1.7 2 0.11911263479990587 0.0 8.5279571
true 0.0001717010278028952 1673 6 1 1.7 3 0.11911263479990587 0.0 16.4538831
true 0.0006681532539579704 1760 6 1 1.7 4 0.11911263479990587 0.0 23.0936712
true 0.025389464839241815 113 6 2 1.7 1 0.11911263479990587 0.0 0.5829283
true 0.024067860067162522 603 6 2 1.7 2 0.11911263479990587 0.0 4.7631302
true 7.541355078641288e-5 1238 6 2 1.7 3 0.11911263479990587 0.0 12.5791759
true 0.0002994858416043855 3276 6 2 1.7 4 0.11911263479990587 0.0 39.9436623
true 0.02532788753853928 120 6 3 1.7 1 0.11911263479990587 0.0 0.6367078
true 0.0005837914701091925 585 6 3 1.7 2 0.11911263479990587 0.0 4.5049795
true 0.000721672566835844 1741 6 3 1.7 3 0.11911263479990587 0.0 18.2634844
true 0.0009255634519846345 3720 6 3 1.7 4 0.11911263479990587 0.0 45.8749086
true 0.02466524157059849 150 6 4 1.7 1 0.11911263479990587 0.0 0.7598253
true 0.0004732442216389271 1085 6 4 1.7 2 0.11911263479990587 0.0 7.8018525
true 0.001946982413922979 5049 6 4 1.7 3 0.11911263479990587 0.0 50.6530678
true 0.000420006381659066 5527 6 4 1.7 4 0.11911263479990587 0.0 69.1486492
true 0.024267310592784974 196 6 5 1.7 1 0.11911263479990587 0.0 0.9416729
true 0.0004879657963098194 1917 6 5 1.7 2 0.11911263479990587 0.0 13.8047432
true 0.00010469073292368458 4580 6 5 1.7 3 0.11911263479990587 0.0 46.0309361
true 0.0005051575135592845 7075 6 5 1.7 4 0.11911263479990587 0.0 88.5063621
true 0.02022321054810598 141 6 6 1.7 1 0.11911263479990587 0.0 0.7356616
true 0.0004130197303519323 697 6 6 1.7 2 0.11911263479990587 0.0 5.4535907
true 0.0003355944088400213 5950 6 6 1.7 3 0.11911263479990587 0.0 58.2748297
true 0.0005298025677456705 4702 6 6 1.7 4 0.11911263479990587 0.0 58.6741742
true 0.02522226985947601 107 6 1 1.71 1 0.11782993146688864 0.0 0.5459996
true 0.0006336945723083853 759 6 1 1.71 2 0.11782993146688864 0.0 5.6144423
true 0.0005769458605388578 874 6 1 1.71 3 0.11782993146688864 0.0 9.7228848
true 0.0005136521792912241 2443 6 1 1.71 4 0.11782993146688864 0.0 32.0644484
true 0.025044669691211663 178 6 2 1.71 1 0.11782993146688864 0.0 0.8568315
true 0.023648646910731652 682 6 2 1.71 2 0.11782993146688864 0.0 5.4692586
true 0.00019477181587435055 1614 6 2 1.71 3 0.11782993146688864 0.0 16.6554561
true 0.0006046338072652202 5919 6 2 1.71 4 0.11782993146688864 0.0 73.6027625
true 0.024985406833549457 129 6 3 1.71 1 0.11782993146688864 0.0 0.6430748
true 0.0005683676886726144 923 6 3 1.71 2 0.11782993146688864 0.0 6.577391
true 0.00015999720662320435 2924 6 3 1.71 3 0.11782993146688864 0.0 28.648808
true 0.003224086068233656 3226 6 3 1.71 4 0.11782993146688864 0.0 40.3346194
true 0.024338550590280714 160 6 4 1.71 1 0.11782993146688864 0.0 0.7914481
true 0.0004835177061264656 1240 6 4 1.71 2 0.11782993146688864 0.0 8.7606049
true 0.000345421604646165 1772 6 4 1.71 3 0.11782993146688864 0.0 17.5469508
true 0.0010623187130851391 4494 6 4 1.71 4 0.11782993146688864 0.0 58.9033783
true 0.02395081877495473 119 6 5 1.71 1 0.11782993146688864 0.0 0.6490368
true 0.0004711041406915251 1477 6 5 1.71 2 0.11782993146688864 0.0 10.7742629
true 0.2000688092701596 2780 6 5 1.71 3 0.11782993146688864 0.0 27.7810245
true 0.0003904022561349807 5795 6 5 1.71 4 0.11782993146688864 0.0 71.1431598
true 0.33741894123304533 167 6 6 1.71 1 0.11782993146688864 0.0 0.8431602
true 0.0004100637619035748 1773 6 6 1.71 2 0.11782993146688864 0.0 13.3492699
true 0.016375289263625237 870 6 6 1.71 3 0.11782993146688864 0.0 9.7119868
true 0.008156365129604012 6429 6 6 1.71 4 0.11782993146688864 0.0 79.583822
true 0.024879070259158365 133 6 1 1.72 1 0.11656965067313527 0.0 0.6326059
true 0.000589764017718486 472 6 1 1.72 2 0.11656965067313527 0.0 3.4955103
true 0.0001336625259364954 3057 6 1 1.72 3 0.11656965067313527 0.0 30.1458618
true 0.00057310092034768 3379 6 1 1.72 4 0.11656965067313527 0.0 42.786855
true 0.024707137767510184 142 6 2 1.72 1 0.11656965067313527 0.0 0.650324
true 0.0005476924640261671 650 6 2 1.72 2 0.11656965067313527 0.0 4.9486415
true 0.022255061885964572 1777 6 2 1.72 3 0.11656965067313527 0.0 17.5861518
true 0.0003889258183313038 1500 6 2 1.72 4 0.11656965067313527 0.0 21.7004971
true 0.024649903031655596 140 6 3 1.72 1 0.11656965067313527 0.0 0.7122505
true 0.0005543298533166782 811 6 3 1.72 2 0.11656965067313527 0.0 5.8801156
true 0.00010175101830312006 5093 6 3 1.72 3 0.11656965067313527 0.0 49.1634896
true 0.0006581699501224669 2219 6 3 1.72 4 0.11656965067313527 0.0 28.9870555
true 0.024019156261512548 234 6 4 1.72 1 0.11656965067313527 0.0 1.0878196
true 0.0004614487849860238 1579 6 4 1.72 2 0.11656965067313527 0.0 11.4876475
true 7.149801680235435e-5 4229 6 4 1.72 3 0.11656965067313527 0.0 41.3209267
true 0.00037986638474443724 5749 6 4 1.72 4 0.11656965067313527 0.0 70.9862552
true 0.023640403599799 180 6 5 1.72 1 0.11656965067313527 0.0 0.8749939
true 0.00045519611894171417 1685 6 5 1.72 2 0.11656965067313527 0.0 12.4053164
true 0.0047894093206241935 2894 6 5 1.72 3 0.11656965067313527 0.0 29.1011602
true 0.0005133301325779382 6517 6 5 1.72 4 0.11656965067313527 0.0 82.5121478
true 0.17818887228288602 259 6 6 1.72 1 0.11656965067313527 0.0 1.2730762
true 0.0004014500750624354 2029 6 6 1.72 2 0.11656965067313527 0.0 14.5052137
true 0.00011206220500700748 4726 6 6 1.72 3 0.11656965067313527 0.0 47.4807822
true 0.00039620971569600166 4899 6 6 1.72 4 0.11656965067313527 0.0 63.3834713
true 0.024543169934110154 96 6 1 1.73 1 0.11533125086878497 0.0 0.4718333
true 0.022796342349968635 753 6 1 1.73 2 0.11533125086878497 0.0 5.7813711
true 0.0005482756061965799 1867 6 1 1.73 3 0.11533125086878497 0.0 19.0022592
true 0.00045501056253965944 3198 6 1 1.73 4 0.11533125086878497 0.0 40.8041307
true 0.024376670090695524 124 6 2 1.73 1 0.11533125086878497 0.0 0.6442007
true 0.02317094923595181 623 6 2 1.73 2 0.11533125086878497 0.0 4.9048425
true 0.00028605373461521033 2109 6 2 1.73 3 0.11533125086878497 0.0 20.9933246
true 7.105590122688521e-5 3027 6 2 1.73 4 0.11533125086878497 0.0 37.0570923
true 0.02432121281882919 111 6 3 1.73 1 0.11533125086878497 0.0 0.5421359
true 0.0005401594535777895 872 6 3 1.73 2 0.11533125086878497 0.0 6.4509649
true 0.023557375130549413 667 6 3 1.73 3 0.11533125086878497 0.0 7.8170819
true 0.00013504464878009528 6152 6 3 1.73 4 0.11533125086878497 0.0 75.696179
true 0.023705594218476247 119 6 4 1.73 1 0.11533125086878497 0.0 0.6101728
true 0.0004998161105976284 1355 6 4 1.73 2 0.11533125086878497 0.0 9.9228938
true 0.005832870060006809 2295 6 4 1.73 3 0.11533125086878497 0.0 22.4031626
true 0.00019691641878821775 8958 6 4 1.73 4 0.11533125086878497 0.0 112.8431118
true 0.0233362908954314 154 6 5 1.73 1 0.11533125086878497 0.0 0.7774996
true 0.00044601050513107807 2304 6 5 1.73 2 0.11533125086878497 0.0 16.7776082
true 0.0186753620452211 1046 6 5 1.73 3 0.11533125086878497 0.0 11.5614772
true 0.0005914036793849498 10314 6 5 1.73 4 0.11533125086878497 0.0 130.0100566
true 0.01944721624664475 342 6 6 1.73 1 0.11533125086878497 0.0 1.7541874
true 0.0003896190528816512 1501 6 6 1.73 2 0.11533125086878497 0.0 10.8039373
true 0.0002778936660107571 3228 6 6 1.73 3 0.11533125086878497 0.0 31.6015639
true 0.0003424446498983824 4770 6 6 1.73 4 0.11533125086878497 0.0 58.7790457
true 0.024214121833327773 125 6 1 1.74 1 0.11411420681941019 0.0 0.5856981
true 0.0005606457185151625 758 6 1 1.74 2 0.11411420681941019 0.0 5.4189385
true 0.0009412871531003786 1712 6 1 1.74 3 0.11411420681941019 0.0 16.5805722
true 8.287351186930803e-5 2775 6 1 1.74 4 0.11411420681941019 0.0 38.1252966
true 0.024053194070815742 112 6 2 1.74 1 0.11411420681941019 0.0 0.5966768
true 0.02278121073395989 599 6 2 1.74 2 0.11411420681941019 0.0 4.7673511
true 0.0003591514604014967 3909 6 2 1.74 3 0.11411420681941019 0.0 38.6418871
true 0.0005392883971871154 3298 6 2 1.74 4 0.11411420681941019 0.0 40.1442036
true 0.34140484896296314 121 6 3 1.74 1 0.11411420681941019 0.0 0.6170233
true 0.03058726726190225 668 6 3 1.74 2 0.11411420681941019 0.0 4.9490565
true 0.00026145023578592424 5779 6 3 1.74 3 0.11411420681941019 0.0 56.433391
true 0.00010459658964083 4286 6 3 1.74 4 0.11411420681941019 0.0 55.6759855
true 0.023398825429448752 211 6 4 1.74 1 0.11411420681941019 0.0 0.9361777
true 0.0004278918179093094 775 6 4 1.74 2 0.11411420681941019 0.0 5.7490948
true 0.0006389181376149911 4755 6 4 1.74 3 0.11411420681941019 0.0 45.6184841
true 0.0008353386967613063 3106 6 4 1.74 4 0.11411420681941019 0.0 38.8145714
true 0.023038243588178485 130 6 5 1.74 1 0.11411420681941019 0.0 0.6504743
true 0.0004378959533647642 1193 6 5 1.74 2 0.11411420681941019 0.0 8.6281069
true 0.20454984066554943 1324 6 5 1.74 3 0.11411420681941019 0.0 13.6234894
true 0.0008317314781918106 5296 6 5 1.74 4 0.11411420681941019 0.0 67.7167777
true 0.17790085062226965 330 6 6 1.74 1 0.11411420681941019 0.0 1.5988797
true 0.000386269902866776 1616 6 6 1.74 2 0.11411420681941019 0.0 11.4071565
true 0.00017935478333019894 8013 6 6 1.74 3 0.11411420681941019 0.0 79.1760092
true 0.0005886335522179523 6064 6 6 1.74 4 0.11411420681941019 0.0 77.6555776
true 0.023892214059739236 124 6 1 1.75 1 0.11291800904022412 0.0 0.6126068
true 0.0005462167576676946 471 6 1 1.75 2 0.11291800904022412 0.0 3.5711545
true 0.0005861953784349061 1106 6 1 1.75 3 0.11291800904022412 0.0 11.370155
true 0.00045033093363600063 2209 6 1 1.75 4 0.11291800904022412 0.0 29.1311478
true 0.023736202253086647 115 6 2 1.75 1 0.11291800904022412 0.0 0.5495752
true 0.0005092736119030883 1674 6 2 1.75 2 0.11291800904022412 0.0 11.7694025
true 0.0003826238547244287 4262 6 2 1.75 3 0.11291800904022412 0.0 40.6500408
true 0.0001864648823208248 7367 6 2 1.75 4 0.11291800904022412 0.0 90.5024136
true 0.023684103893065356 127 6 3 1.75 1 0.11291800904022412 0.0 0.6343376
true 0.0005151794587946087 675 6 3 1.75 2 0.11291800904022412 0.0 4.9657824
true 0.000778623673481027 2434 6 3 1.75 3 0.11291800904022412 0.0 24.4220209
true 0.0004210437481504403 3665 6 3 1.75 4 0.11291800904022412 0.0 46.2690522
true 0.023097476547484855 119 6 4 1.75 1 0.11291800904022412 0.0 0.5972721
true 0.000425304441326102 1975 6 4 1.75 2 0.11291800904022412 0.0 14.1107382
true 0.011666040316247447 2027 6 4 1.75 3 0.11291800904022412 0.0 20.9113362
true 0.0005122585716636069 1482 6 4 1.75 4 0.11291800904022412 0.0 20.380755
true 0.2131886596766328 137 6 5 1.75 1 0.11291800904022412 0.0 0.7709014
true 0.0004398755241492358 1232 6 5 1.75 2 0.11291800904022412 0.0 8.6695897
true 9.68636744214324e-5 3235 6 5 1.75 3 0.11291800904022412 0.0 32.0703043
true 0.00033111695030224597 9063 6 5 1.75 4 0.11291800904022412 0.0 114.8552659
true 0.17776143461308527 193 6 6 1.75 1 0.11291800904022412 0.0 0.9879651
true 0.0005206959098661516 440 6 6 1.75 2 0.11291800904022412 0.0 3.6993178
true 0.0004471668732700755 5640 6 6 1.75 3 0.11291800904022412 0.0 54.7323595
true 0.0002814458315782327 5552 6 6 1.75 4 0.11291800904022412 0.0 67.7886444
true 0.023576356844909163 162 6 1 1.76 1 0.1117421632510926 0.0 0.7928385
true 0.0005333137294596391 519 6 1 1.76 2 0.1117421632510926 0.0 3.7758531
true 0.0001378879003496869 2908 6 1 1.76 3 0.1117421632510926 0.0 29.1122061
true 0.0004483382908965772 4706 6 1 1.76 4 0.1117421632510926 0.0 58.387625
true 0.023425527697318704 168 6 2 1.76 1 0.1117421632510926 0.0 0.7899876
true 0.000496442918342388 666 6 2 1.76 2 0.1117421632510926 0.0 4.8392674
true 0.0004676835589697559 4286 6 2 1.76 3 0.1117421632510926 0.0 42.3996189
true 0.0001310843394725647 4589 6 2 1.76 4 0.1117421632510926 0.0 55.5384545
true 0.023375516178094358 133 6 3 1.76 1 0.1117421632510926 0.0 0.648539
true 0.0005013298671399843 1033 6 3 1.76 2 0.1117421632510926 0.0 7.669632
true 0.00043064132969729735 3243 6 3 1.76 3 0.1117421632510926 0.0 31.1766883
true 0.00014079865270668254 5946 6 3 1.76 4 0.1117421632510926 0.0 75.9349568
true 0.26101484451026685 237 6 4 1.76 1 0.1117421632510926 0.0 1.1393392
true 0.03700710693305359 369 6 4 1.76 2 0.1117421632510926 0.0 3.3232981
true 0.0007156895826009174 2180 6 4 1.76 3 0.1117421632510926 0.0 21.6464496
true 0.0003479980344565925 4604 6 4 1.76 4 0.1117421632510926 0.0 56.6256772
true 0.21302814865228217 142 6 5 1.76 1 0.1117421632510926 0.0 0.7363287
true 0.0004152793142034872 1892 6 5 1.76 2 0.1117421632510926 0.0 14.1434354
true 0.0001232042070696493 3949 6 5 1.76 3 0.1117421632510926 0.0 39.6652657
true 0.0003051624040361856 4476 6 5 1.76 4 0.1117421632510926 0.0 55.0831766
true 0.17762451284707834 176 6 6 1.76 1 0.1117421632510926 0.0 0.852186
true 0.00037246722669066296 1517 6 6 1.76 2 0.1117421632510926 0.0 11.1619072
true 0.0001314893180035618 3692 6 6 1.76 3 0.1117421632510926 0.0 36.6559309
true 0.0005071835453512863 7213 6 6 1.76 4 0.1117421632510926 0.0 91.0212335
true 0.023267265784801205 102 6 1 1.77 1 0.11058618985163844 0.0 0.5342769
true 0.0005196199522498612 1131 6 1 1.77 2 0.11058618985163844 0.0 8.1748991
true 0.00013465173127441554 2475 6 1 1.77 3 0.11058618985163844 0.0 24.5608297
true 0.00026224739929670005 2793 6 1 1.77 4 0.11058618985163844 0.0 34.5972036
true 0.023121279827300945 117 6 2 1.77 1 0.11058618985163844 0.0 0.5627486
true 0.043262115659297606 623 6 2 1.77 2 0.11058618985163844 0.0 5.1791884
true 0.021920633607374534 1563 6 2 1.77 3 0.11058618985163844 0.0 15.7034641
true 0.00026166098150870454 6005 6 2 1.77 4 0.11058618985163844 0.0 73.9852486
true 0.023072669183902883 127 6 3 1.77 1 0.11058618985163844 0.0 0.6238591
true 0.0004900405515877448 1143 6 3 1.77 2 0.11058618985163844 0.0 8.3696707
true 5.145351331914405e-5 4319 6 3 1.77 3 0.11058618985163844 0.0 43.503077
true 0.0005110467082117265 4570 6 3 1.77 4 0.11058618985163844 0.0 56.0027824
true 0.022513364867360428 192 6 4 1.77 1 0.11058618985163844 0.0 0.9086344
true 0.0004069625042938535 1473 6 4 1.77 2 0.11058618985163844 0.0 10.3424969
true 0.0002610838663992532 3319 6 4 1.77 3 0.11058618985163844 0.0 32.4259988
true 0.0004114000067605289 2833 6 4 1.77 4 0.11058618985163844 0.0 34.9893652
true 0.02217781713568482 247 6 5 1.77 1 0.11058618985163844 0.0 1.2132971
true 0.20027257744363297 1630 6 5 1.77 2 0.11058618985163844 0.0 12.1707291
true 8.008074532110943e-5 3812 6 5 1.77 3 0.11058618985163844 0.0 36.5493965
true 0.000417745641771694 4342 6 5 1.77 4 0.11058618985163844 0.0 53.6722991
true 0.018481595024418845 300 6 6 1.77 1 0.11058618985163844 0.0 1.4947842
true 0.00035570477316198185 1627 6 6 1.77 2 0.11058618985163844 0.0 11.7446559
true 0.006927403109853125 4035 6 6 1.77 3 0.11058618985163844 0.0 41.1975534
true 0.0206325211981033 4337 6 6 1.77 4 0.11058618985163844 0.0 56.3177387
true 0.02296460647934212 94 6 1 1.78 1 0.10944962341575272 0.0 0.4871196
true 0.0005070228015581768 525 6 1 1.78 2 0.10944962341575272 0.0 3.9419456
true 0.0004505299156755127 3656 6 1 1.78 3 0.10944962341575272 0.0 35.5167011
true 0.00014329549852087897 4137 6 1 1.78 4 0.10944962341575272 0.0 51.8267482
true 0.022823045565348005 119 6 2 1.78 1 0.10944962341575272 0.0 0.632803
true 0.0004728820528337452 888 6 2 1.78 2 0.10944962341575272 0.0 6.2733533
true 0.0005706189219885915 4853 6 2 1.78 3 0.10944962341575272 0.0 46.6080347
true 0.00013552488531423657 3784 6 2 1.78 4 0.10944962341575272 0.0 45.5958048
true 0.022776151231119996 194 6 3 1.78 1 0.10944962341575272 0.0 0.945813
true 0.00047728440310583026 965 6 3 1.78 2 0.10944962341575272 0.0 7.0712889
true 0.02207900058331101 1192 6 3 1.78 3 0.10944962341575272 0.0 12.4133499
true 0.00036612868096874696 3174 6 3 1.78 4 0.10944962341575272 0.0 39.4844159
true 0.26088903381320994 136 6 4 1.78 1 0.10944962341575272 0.0 0.6881925
true 0.00038732754926193436 374 6 4 1.78 2 0.10944962341575272 0.0 3.3671546
true 0.0001745551280699642 2885 6 4 1.78 3 0.10944962341575272 0.0 28.0733042
true 0.00030777355998209965 5653 6 4 1.78 4 0.10944962341575272 0.0 70.9708135
true 0.02190208302342428 124 6 5 1.78 1 0.10944962341575272 0.0 0.6604562
true 0.00040504190058755497 1717 6 5 1.78 2 0.10944962341575272 0.0 12.4873874
true 6.595123021859716e-5 3798 6 5 1.78 3 0.10944962341575272 0.0 37.5116087
true 0.0010043710281233853 5240 6 5 1.78 4 0.10944962341575272 0.0 64.7505781
true 0.01825278298604967 256 6 6 1.78 1 0.10944962341575272 0.0 1.1620093
true 0.0003476100666264063 1241 6 6 1.78 2 0.10944962341575272 0.0 8.9513757
true 0.011105749051296956 2258 6 6 1.78 3 0.10944962341575272 0.0 22.5948215
true 0.00028618466103254764 7905 6 6 1.78 4 0.10944962341575272 0.0 98.0139057
true 0.022668129113024238 111 6 1 1.79 1 0.10833201220480698 0.0 0.5716965
true 0.0004952583551964262 1029 6 1 1.79 2 0.10833201220480698 0.0 7.4690664
true 0.022488105942020553 436 6 1 1.79 3 0.10833201220480698 0.0 5.6039585
true 0.00024076355559249363 2070 6 1 1.79 4 0.10833201220480698 0.0 26.304747
true 0.02253082686305785 119 6 2 1.79 1 0.10833201220480698 0.0 0.6032225
true 0.000463172608146295 1243 6 2 1.79 2 0.10833201220480698 0.0 8.9602205
true 0.0001753647180434692 3682 6 2 1.79 3 0.10833201220480698 0.0 35.9343232
true 0.00019429668460513305 9732 6 2 1.79 4 0.10833201220480698 0.0 120.4557813
true 0.02248525298598203 121 6 3 1.79 1 0.10833201220480698 0.0 0.5909857
true 0.00046636115764581154 922 6 3 1.79 2 0.10833201220480698 0.0 6.879101
true 0.00010452185996269921 2718 6 3 1.79 3 0.10833201220480698 0.0 26.4862116
true 0.0005233458745895388 4525 6 3 1.79 4 0.10833201220480698 0.0 54.7005894
true 0.0219517845054739 136 6 4 1.79 1 0.10833201220480698 0.0 0.700469
true 0.00038277854256991983 2164 6 4 1.79 2 0.10833201220480698 0.0 15.3001092
true 0.00019484194722650672 6612 6 4 1.79 3 0.10833201220480698 0.0 64.0450778
true 0.0004902997134078463 9582 6 4 1.79 4 0.10833201220480698 0.0 116.7392418
true 0.21349127042996513 344 6 5 1.79 1 0.10833201220480698 0.0 1.6589097
true 0.0003891004397816755 2000 6 5 1.79 2 0.10833201220480698 0.0 14.6832304
true 0.0003695738660932868 4043 6 5 1.79 3 0.10833201220480698 0.0 38.3641156
true 0.0005167379521414994 4875 6 5 1.79 4 0.10833201220480698 0.0 60.481455
true 0.018026154556552248 156 6 6 1.79 1 0.10833201220480698 0.0 0.7957419
true 0.16683088153543366 691 6 6 1.79 2 0.10833201220480698 0.0 5.4991349
true 0.000170936535193252 8455 6 6 1.79 3 0.10833201220480698 0.0 85.8124294
true 0.0003167947260778829 4674 6 6 1.79 4 0.10833201220480698 0.0 58.7436789
true 0.02237696219702151 95 6 1 1.8 1 0.10723291769893503 0.0 0.4589309
true 0.0004823531244013135 1085 6 1 1.8 2 0.10723291769893503 0.0 7.8057647
true 0.0002162630394677012 3963 6 1 1.8 3 0.10723291769893503 0.0 38.6678103
true 0.0004162522273144509 1008 6 1 1.8 4 0.10723291769893503 0.0 14.5396384
true 0.022244435228568282 161 6 2 1.8 1 0.10723291769893503 0.0 0.7340899
true 0.021241297786850716 670 6 2 1.8 2 0.10723291769893503 0.0 5.0049509
true 0.0006349803190432435 2224 6 2 1.8 3 0.10723291769893503 0.0 22.823906
true 4.040294353732654e-5 4010 6 2 1.8 4 0.10723291769893503 0.0 49.0666266
true 0.02220032204926603 411 6 3 1.8 1 0.10723291769893503 0.0 1.9379075
true 0.0004564762872752796 753 6 3 1.8 2 0.10723291769893503 0.0 5.474656
true 0.00013866342093580655 5171 6 3 1.8 3 0.10723291769893503 0.0 50.423584
true 0.00045095578524440016 5491 6 3 1.8 4 0.10723291769893503 0.0 68.1882326
true 0.021678907902821454 118 6 4 1.8 1 0.10723291769893503 0.0 0.6054471
true 0.0003851358051081416 1459 6 4 1.8 2 0.10723291769893503 0.0 10.3105494
true 0.000217326769258383 2200 6 4 1.8 3 0.10723291769893503 0.0 21.96626
true 0.00022412804706233025 6239 6 4 1.8 4 0.10723291769893503 0.0 75.9766936
true 0.02136610004107673 198 6 5 1.8 1 0.10723291769893503 0.0 1.0058398
true 0.0003891702527958563 1269 6 5 1.8 2 0.10723291769893503 0.0 9.2371183
true 4.561696964566764e-5 2908 6 5 1.8 3 0.10723291769893503 0.0 29.2672168
true 0.0006196786084829764 10368 6 5 1.8 4 0.10723291769893503 0.0 129.4213903
true 0.017805244794901476 178 6 6 1.8 1 0.10723291769893503 0.0 0.89039
true 0.00034524090948862923 1226 6 6 1.8 2 0.10723291769893503 0.0 8.9467495
true 0.16680512927827265 7669 6 6 1.8 3 0.10723291769893503 0.0 77.0105838
true 4.668266075547045e-5 7954 6 6 1.8 4 0.10723291769893503 0.0 98.4045275
true 0.022092193278152372 105 6 1 1.81 1 0.10615191414570589 0.0 0.5148395
true 0.000470718917572166 1172 6 1 1.81 2 0.10615191414570589 0.0 8.506098
true 0.01985570246945273 1802 6 1 1.81 3 0.10615191414570589 0.0 18.7810901
true 0.00042647745523516356 4545 6 1 1.81 4 0.10615191414570589 0.0 55.5311949
true 0.02196364557538752 107 6 2 1.81 1 0.10615191414570589 0.0 0.5723375
true 0.00043932924581488453 586 6 2 1.81 2 0.10615191414570589 0.0 4.2832857
true 7.919285691654343e-5 5354 6 2 1.81 3 0.10615191414570589 0.0 50.8409059
true 0.00022691424898602097 2607 6 2 1.81 4 0.10615191414570589 0.0 32.5114623
true 0.021920945778656054 210 6 3 1.81 1 0.10615191414570589 0.0 1.0293476
true 0.0004446025352451792 1498 6 3 1.81 2 0.10615191414570589 0.0 11.2461964
true 7.789437526143732e-5 2509 6 3 1.81 3 0.10615191414570589 0.0 24.4381065
true 0.0003668008611050026 4784 6 3 1.81 4 0.10615191414570589 0.0 61.001716
true 0.26049476041527864 131 6 4 1.81 1 0.10615191414570589 0.0 0.6639817
true 0.00038287994597779873 2288 6 4 1.81 2 0.10615191414570589 0.0 16.1247736
true 0.00023721278859151207 4713 6 4 1.81 3 0.10615191414570589 0.0 46.449734
true 0.00033150892229046047 4931 6 4 1.81 4 0.10615191414570589 0.0 62.8048464
true 0.021105735612409804 284 6 5 1.81 1 0.10615191414570589 0.0 1.3701677
true 0.0003721426685383333 1746 6 5 1.81 2 0.10615191414570589 0.0 13.0748647
true 0.000141231300393041 6915 6 5 1.81 3 0.10615191414570589 0.0 70.8470243
true 0.0003787865814794844 6427 6 5 1.81 4 0.10615191414570589 0.0 80.6670967
true 0.017588963144157217 328 6 6 1.81 1 0.10615191414570589 0.0 1.6216869
true 0.0003228468317698722 2558 6 6 1.81 2 0.10615191414570589 0.0 19.0818224
true 9.706754005735692e-5 9900 6 6 1.81 3 0.10615191414570589 0.0 99.2403896
true 0.0005531154718618388 4546 6 6 1.81 4 0.10615191414570589 0.0 58.7800962
true 0.021812594184396572 96 6 1 1.82 1 0.10508858812552895 0.0 0.5277046
true 0.0004597419513973633 961 6 1 1.82 2 0.10508858812552895 0.0 7.0527502
true 0.02155822210826619 1357 6 1 1.82 3 0.10508858812552895 0.0 15.2086052
true 0.001008808058104771 3598 6 1 1.82 4 0.10508858812552895 0.0 47.1044666
true 0.021687939425712788 169 6 2 1.82 1 0.10508858812552895 0.0 0.7838508
true 0.00042924652165465815 579 6 2 1.82 2 0.10508858812552895 0.0 4.2735225
true 0.0006910652710230558 3208 6 2 1.82 3 0.10508858812552895 0.0 31.1979038
true 0.0005152018977369333 6063 6 2 1.82 4 0.10508858812552895 0.0 72.3761486
true 0.02164668361581547 166 6 3 1.82 1 0.10508858812552895 0.0 0.7842844
true 0.0004333263366353979 306 6 3 1.82 2 0.10508858812552895 0.0 2.8569944
true 8.41784317513472e-5 2102 6 3 1.82 3 0.10508858812552895 0.0 21.0983776
true 0.0003295081917287594 918 6 3 1.82 4 0.10508858812552895 0.0 14.2669028
true 0.02114952190934452 270 6 4 1.82 1 0.10508858812552895 0.0 1.2835037
true 0.00035474683821040687 1417 6 4 1.82 2 0.10508858812552895 0.0 10.1779669
true 0.01588440592160212 1143 6 4 1.82 3 0.10508858812552895 0.0 11.7808308
true 0.00030590810546668457 3460 6 4 1.82 4 0.10508858812552895 0.0 42.5025296
true 0.02085097069742009 128 6 5 1.82 1 0.10508858812552895 0.0 0.6775981
true 0.00036656272758296416 2131 6 5 1.82 2 0.10508858812552895 0.0 15.1120093
true 0.0001280730136819619 5647 6 5 1.82 3 0.10508858812552895 0.0 56.639294
true 0.0008158867722929064 3692 6 5 1.82 4 0.10508858812552895 0.0 45.6234578
true 0.17749073126519044 247 6 6 1.82 1 0.10508858812552895 0.0 1.176375
true 0.00030588136189398557 1629 6 6 1.82 2 0.10508858812552895 0.0 12.7280954
true 0.00015516921586590052 3993 6 6 1.82 3 0.10508858812552895 0.0 38.5088055
true 0.00047348880794727727 5701 6 6 1.82 4 0.10508858812552895 0.0 70.490904
true 0.021538585331489557 103 6 1 1.83 1 0.1040425381333935 0.0 0.4970994
true 0.02034811734753572 592 6 1 1.83 2 0.1040425381333935 0.0 4.5856547
true 0.0007646048487656709 795 6 1 1.83 3 0.1040425381333935 0.0 8.863803
true 0.0001420448859376089 3596 6 1 1.83 4 0.1040425381333935 0.0 43.427581
true 0.021418407550596485 140 6 2 1.83 1 0.1040425381333935 0.0 0.6789477
true 0.020257299555829694 848 6 2 1.83 2 0.1040425381333935 0.0 6.2836797
true 0.02051262999976733 479 6 2 1.83 3 0.1040425381333935 0.0 6.1226594
true 0.0005435256189197379 3207 6 2 1.83 4 0.1040425381333935 0.0 40.5513638
true 0.02137767505701238 139 6 3 1.83 1 0.1040425381333935 0.0 0.6595789
true 0.0004245506605003446 683 6 3 1.83 2 0.1040425381333935 0.0 5.0935389
true 0.0002776097531220767 2768 6 3 1.83 3 0.1040425381333935 0.0 26.6707729
true 0.000496835236751351 5279 6 3 1.83 4 0.1040425381333935 0.0 65.8010627
true 0.26024309161882364 148 6 4 1.83 1 0.1040425381333935 0.0 0.7140089
true 0.00036392596821348266 2292 6 4 1.83 2 0.1040425381333935 0.0 16.6909305
true 4.928691421632325e-5 3852 6 4 1.83 3 0.1040425381333935 0.0 37.7736881
true 0.00027379518097180033 3600 6 4 1.83 4 0.1040425381333935 0.0 44.9641744
true 0.21282669084241473 119 6 5 1.83 1 0.1040425381333935 0.0 0.6069587
true 0.00036203284341509436 1052 6 5 1.83 2 0.1040425381333935 0.0 7.6916857
true 4.76604344250009e-5 4177 6 5 1.83 3 0.1040425381333935 0.0 40.3165423
true 9.877544416592166e-5 6826 6 5 1.83 4 0.1040425381333935 0.0 83.5220052
true 0.1767344200707793 314 6 6 1.83 1 0.1040425381333935 0.0 1.5449601
true 0.0003103228680719772 1843 6 6 1.83 2 0.1040425381333935 0.0 13.1320609
true 0.0067237676488769715 1506 6 6 1.83 3 0.1040425381333935 0.0 15.7802825
true 0.0001706137736776451 5485 6 6 1.83 4 0.1040425381333935 0.0 68.8977489
true 0.021270009271480816 126 6 1 1.84 1 0.10301337417579307 0.0 0.6042014
true 0.0004379320370313522 910 6 1 1.84 2 0.10301337417579307 0.0 6.6118947
true 0.00037475285533711267 942 6 1 1.84 3 0.10301337417579307 0.0 9.8729341
true 1.3796927898712674e-5 2523 6 1 1.84 4 0.10301337417579307 0.0 31.7906763
true 0.02115334379803277 205 6 2 1.84 1 0.10301337417579307 0.0 0.9571065
true 0.0004098478931885141 1692 6 2 1.84 2 0.10301337417579307 0.0 12.1497679
true 0.01993899175601166 703 6 2 1.84 3 0.10301337417579307 0.0 8.0303663
true 0.010385842401265749 3477 6 2 1.84 4 0.10301337417579307 0.0 43.7107197
true 0.021114168106652138 119 6 3 1.84 1 0.10301337417579307 0.0 0.5929138
true 0.0004169764091299655 1121 6 3 1.84 2 0.10301337417579307 0.0 7.9852991
true 6.026104618245265e-5 5196 6 3 1.84 3 0.10301337417579307 0.0 50.483771
true 0.0006105085431358792 1248 6 3 1.84 4 0.10301337417579307 0.0 18.0298718
true 0.2601207842747599 126 6 4 1.84 1 0.10301337417579307 0.0 0.6300005
true 0.03388488051287554 301 6 4 1.84 2 0.10301337417579307 0.0 2.6871081
true 8.262433025470195e-5 6350 6 4 1.84 3 0.10301337417579307 0.0 62.1771932
true 0.0003183662988524433 9943 6 4 1.84 4 0.10301337417579307 0.0 121.2797301
true 0.2126686527936453 119 6 5 1.84 1 0.10301337417579307 0.0 0.6250652
true 0.00036212987106655216 1686 6 5 1.84 2 0.10301337417579307 0.0 12.5779418
true 0.00023794941593568986 4863 6 5 1.84 3 0.10301337417579307 0.0 47.1340839
true 9.646315580325027e-5 6381 6 5 1.84 4 0.10301337417579307 0.0 77.6555465
true 0.016961408402576938 135 6 6 1.84 1 0.10301337417579307 0.0 0.7053864
true 0.00040721347553664594 489 6 6 1.84 2 0.10301337417579307 0.0 3.9979826
true 0.00025215974277983944 4077 6 6 1.84 3 0.10301337417579307 0.0 41.0078264
true 0.00023905863561030083 4952 6 6 1.84 4 0.10301337417579307 0.0 60.9242415
true 0.021006419975412693 99 6 1 1.85 1 0.10200071738298862 0.0 0.5040545
true 0.00042722935030392595 1149 6 1 1.85 2 0.10200071738298862 0.0 8.2091099
true 0.0033749894165507333 1813 6 1 1.85 3 0.10200071738298862 0.0 17.6633176
true 0.00033545531890455393 1849 6 1 1.85 4 0.10200071738298862 0.0 24.0604213
true 0.02089324673020221 142 6 2 1.85 1 0.10200071738298862 0.0 0.6954621
true 0.0004001487995651809 555 6 2 1.85 2 0.10200071738298862 0.0 4.1590969
true 0.019747707498462247 1685 6 2 1.85 3 0.10200071738298862 0.0 17.8588589
true 0.00023552651551833614 3354 6 2 1.85 4 0.10200071738298862 0.0 41.1471222
true 0.020855178031701598 149 6 3 1.85 1 0.10200071738298862 0.0 0.7188547
true 0.0004036672979487177 1485 6 3 1.85 2 0.10200071738298862 0.0 10.5897287
true 0.0003267602292232145 2577 6 3 1.85 3 0.10200071738298862 0.0 24.7315258
true 0.0003517824241137668 3296 6 3 1.85 4 0.10200071738298862 0.0 41.4858888
true 0.020390691201187514 131 6 4 1.85 1 0.10200071738298862 0.0 0.6666591
true 0.00033749873200696057 2067 6 4 1.85 2 0.10200071738298862 0.0 14.6639618
true 0.01522907742174398 1228 6 4 1.85 3 0.10200071738298862 0.0 13.2883103
true 0.00024765429911489945 4764 6 4 1.85 4 0.10200071738298862 0.0 58.5688224
true 0.020111941575589088 219 6 5 1.85 1 0.10200071738298862 0.0 1.0391346
true 0.0003390593639587158 502 6 5 1.85 2 0.10200071738298862 0.0 4.0245584
true 7.092379914738211e-5 3302 6 5 1.85 3 0.10200071738298862 0.0 32.1973628
true 0.0003980535987460843 2580 6 5 1.85 4 0.10200071738298862 0.0 33.4541438
true 0.01676047981074345 289 6 6 1.85 1 0.10200071738298862 0.0 1.4190305
true 0.0003019003774697067 1842 6 6 1.85 2 0.10200071738298862 0.0 13.1891026
true 0.0002182778931379322 4324 6 6 1.85 3 0.10200071738298862 0.0 43.5181155
true 5.7507457277746386e-5 5269 6 6 1.85 4 0.10200071738298862 0.0 64.3875019
true 0.02074837172448446 116 6 1 1.86 1 0.101004199635488 0.0 0.5450863
true 0.0004173342959651327 1148 6 1 1.86 2 0.101004199635488 0.0 8.5604981
true 8.979341251408313e-5 4124 6 1 1.86 3 0.101004199635488 0.0 40.5206768
true 7.701972724122319e-5 3022 6 1 1.86 4 0.101004199635488 0.0 37.0413061
true 0.020638212788606558 203 6 2 1.86 1 0.101004199635488 0.0 0.9076155
true 0.0003926438555710565 1799 6 2 1.86 2 0.101004199635488 0.0 12.8869776
true 0.01968714439858099 2459 6 2 1.86 3 0.101004199635488 0.0 23.6299264
true 0.00022868722287847087 2257 6 2 1.86 4 0.101004199635488 0.0 28.6832554
true 0.34024944253160294 151 6 3 1.86 1 0.101004199635488 0.0 0.7149136
true 0.00039439206425784246 1150 6 3 1.86 2 0.101004199635488 0.0 8.7397255
true 0.0310143976676705 821 6 3 1.86 3 0.101004199635488 0.0 9.3298076
true 0.00024424925336994735 6149 6 3 1.86 4 0.101004199635488 0.0 74.8207739
true 0.020147308201372616 338 6 4 1.86 1 0.101004199635488 0.0 1.5818781
true 0.00033418709198600183 2150 6 4 1.86 2 0.101004199635488 0.0 15.5935072
true 0.015084469535854877 2350 6 4 1.86 3 0.101004199635488 0.0 23.7698502
true 0.0004368071365943166 2531 6 4 1.86 4 0.101004199635488 0.0 32.0701766
true 0.01987459786830781 172 6 5 1.86 1 0.101004199635488 0.0 0.8681624
true 0.00033245134296122636 2794 6 5 1.86 2 0.101004199635488 0.0 20.52397
true 0.00012927645635213425 6812 6 5 1.86 3 0.101004199635488 0.0 67.3376989
true 0.00017082465034110595 4900 6 5 1.86 4 0.101004199635488 0.0 59.3956608
true 0.016562785882381997 253 6 6 1.86 1 0.101004199635488 0.0 1.2112583
true 0.0003035393221538322 1689 6 6 1.86 2 0.101004199635488 0.0 11.6376177
true 0.01252335603487753 2572 6 6 1.86 3 0.101004199635488 0.0 25.9026593
true 0.0003954100862018732 8836 6 6 1.86 4 0.101004199635488 0.0 109.234257
true 0.020494518905652126 130 6 1 1.87 1 0.10002346320442916 0.0 0.6044949
true 0.020256206693250345 334 6 1 1.87 2 0.10002346320442916 0.0 2.9773834
true 9.827035964082853e-5 1878 6 1 1.87 3 0.10002346320442916 0.0 18.8788863
true 0.0005478228243268601 2615 6 1 1.87 4 0.10002346320442916 0.0 34.3232616
true 0.02038809976182218 105 6 2 1.87 1 0.10002346320442916 0.0 0.5305178
true 0.00038191926926822717 1546 6 2 1.87 2 0.10002346320442916 0.0 11.2368092
true 0.016999859513809057 2113 6 2 1.87 3 0.10002346320442916 0.0 21.5474448
true 0.0031151613137546663 2878 6 2 1.87 4 0.10002346320442916 0.0 36.4309395
true 0.02035295302748032 125 6 3 1.87 1 0.10002346320442916 0.0 0.6682048
true 0.00038639233072063073 884 6 3 1.87 2 0.10002346320442916 0.0 6.4077472
true 0.0009229678531665342 1596 6 3 1.87 3 0.10002346320442916 0.0 16.9534019
true 0.0010150449858084183 2025 6 3 1.87 4 0.10002346320442916 0.0 26.4802667
true 0.019908177647025058 132 6 4 1.87 1 0.10002346320442916 0.0 0.6818012
true 0.032842765446115155 507 6 4 1.87 2 0.10002346320442916 0.0 3.9970952
true 0.00487580393787615 2609 6 4 1.87 3 0.10002346320442916 0.0 26.3603863
true 0.0005085453635067655 9215 6 4 1.87 4 0.10002346320442916 0.0 114.5219782
true 0.019641795202000566 157 6 5 1.87 1 0.10002346320442916 0.0 0.7820343
true 0.0003347311479803827 1382 6 5 1.87 2 0.10002346320442916 0.0 9.8589496
true 9.086352392123631e-5 2169 6 5 1.87 3 0.10002346320442916 0.0 22.2120471
true 0.0002970379884742358 4040 6 5 1.87 4 0.10002346320442916 0.0 50.938848
true 0.17627655284448074 114 6 6 1.87 1 0.10002346320442916 0.0 0.6067728
true 0.0002956838180507108 2353 6 6 1.87 2 0.10002346320442916 0.0 16.978231
true 4.06950126265182e-5 4051 6 6 1.87 3 0.10002346320442916 0.0 40.3950306
true 0.0005098210829822536 5407 6 6 1.87 4 0.10002346320442916 0.0 66.8267433
true 0.020245961590043104 83 6 1 1.88 1 0.0990581604052917 0.0 0.4506059
true 0.0003985106638810798 1046 6 1 1.88 2 0.0990581604052917 0.0 7.591823
true 0.00042009476104981625 3646 6 1 1.88 3 0.0990581604052917 0.0 35.2407724
true 0.0006066752488988469 2667 6 1 1.88 4 0.0990581604052917 0.0 33.1698115
true 0.02014263117391335 118 6 2 1.88 1 0.0990581604052917 0.0 0.6128362
true 0.0003744486990567564 2140 6 2 1.88 2 0.0990581604052917 0.0 14.7720978
true 0.018858113971798873 1711 6 2 1.88 3 0.0990581604052917 0.0 17.1900094
true 5.7038012412913286e-5 12281 6 2 1.88 4 0.0990581604052917 0.0 146.7919207
true 0.020108180250312302 109 6 3 1.88 1 0.0990581604052917 0.0 0.5379207
true 0.03597500149214359 456 6 3 1.88 2 0.0990581604052917 0.0 3.7578798
true 6.504091111107317e-5 2072 6 3 1.88 3 0.0990581604052917 0.0 20.0799013
true 0.000461521039472057 3905 6 3 1.88 4 0.0990581604052917 0.0 49.2870783
true 0.019673888001345813 232 6 4 1.88 1 0.0990581604052917 0.0 1.0887321
true 0.0003189587869723842 1499 6 4 1.88 2 0.0990581604052917 0.0 10.5080842
true 0.004728589938236646 2133 6 4 1.88 3 0.0990581604052917 0.0 20.7976063
true 0.00043605699204241066 4774 6 4 1.88 4 0.0990581604052917 0.0 58.8711234
true 0.2120652569686962 114 6 5 1.88 1 0.0990581604052917 0.0 0.5979372
true 0.00032295296548496833 1788 6 5 1.88 2 0.0990581604052917 0.0 13.0098535
true 5.9157626397565724e-5 3714 6 5 1.88 3 0.0990581604052917 0.0 35.8092204
true 0.0001230185504438208 2766 6 5 1.88 4 0.0990581604052917 0.0 34.9636236
true 0.17609580449387305 205 6 6 1.88 1 0.0990581604052917 0.0 0.9665446
true 0.0002996198779648314 2007 6 6 1.88 2 0.0990581604052917 0.0 14.6415027
true 6.833579409352512e-5 8125 6 6 1.88 3 0.0990581604052917 0.0 79.4147871
true 0.000572622088282034 6516 6 6 1.88 4 0.0990581604052917 0.0 82.7274658
true 0.020001831159927097 101 6 1 1.89 1 0.09810795326443694 0.0 0.4918453
true 0.01975076728726194 601 6 1 1.89 2 0.09810795326443694 0.0 4.7328149
true 0.0006332364192027651 1239 6 1 1.89 3 0.09810795326443694 0.0 13.4823648
true 0.00034982423334384283 2041 6 1 1.89 4 0.09810795326443694 0.0 26.3595251
true 0.0199016135855761 198 6 2 1.89 1 0.09810795326443694 0.0 0.9051932
true 0.0003657800538871825 967 6 2 1.89 2 0.09810795326443694 0.0 6.8473414
true 4.830645127826272e-5 5752 6 2 1.89 3 0.09810795326443694 0.0 55.899934
true 0.00021257931262538832 2755 6 2 1.89 4 0.09810795326443694 0.0 34.751378
true 0.01986885785690416 103 6 3 1.89 1 0.09810795326443694 0.0 0.5292553
true 0.0003683603293125152 803 6 3 1.89 2 0.09810795326443694 0.0 5.7048083
true 0.00011275984158259922 3112 6 3 1.89 3 0.09810795326443694 0.0 31.4143291
true 0.00039333243503412535 3515 6 3 1.89 4 0.09810795326443694 0.0 44.5445913
true 0.01944372834278868 164 6 4 1.89 1 0.09810795326443694 0.0 0.7869079
true 0.0003109930386590576 1959 6 4 1.89 2 0.09810795326443694 0.0 13.8111762
true 4.6308408625531094e-5 6063 6 4 1.89 3 0.09810795326443694 0.0 58.8253941
true 0.00047262432214255357 5441 6 4 1.89 4 0.09810795326443694 0.0 65.7782948
true 0.21192125956478858 131 6 5 1.89 1 0.09810795326443694 0.0 0.6710998
true 0.0003185004584683515 1174 6 5 1.89 2 0.09810795326443694 0.0 8.2947982
true 4.457793787048248e-5 3479 6 5 1.89 3 0.09810795326443694 0.0 34.2937712
true 0.00019415000752016632 4410 6 5 1.89 4 0.09810795326443694 0.0 54.3433347
true 0.015991099217929062 231 6 6 1.89 1 0.09810795326443694 0.0 1.1529367
true 0.00028427709423859787 2654 6 6 1.89 2 0.09810795326443694 0.0 19.3907917
true 0.012824327729384993 1102 6 6 1.89 3 0.09810795326443694 0.0 11.9423216
true 0.0003317779209279781 2532 6 6 1.89 4 0.09810795326443694 0.0 32.6211009
true 0.019762534310581337 112 6 1 1.9 1 0.09717251319796773 0.0 0.5439402
true 0.019549252148901686 834 6 1 1.9 2 0.09717251319796773 0.0 6.6478677
true 0.0002360707562799047 2478 6 1 1.9 3 0.09717251319796773 0.0 23.8937628
true 3.133756340445437e-5 2455 6 1 1.9 4 0.09717251319796773 0.0 31.6994222
true 0.019664949272982873 111 6 2 1.9 1 0.09717251319796773 0.0 0.573038
true 0.0003564930226871432 771 6 2 1.9 2 0.09717251319796773 0.0 5.4230834
true 0.00015862584859133166 2230 6 2 1.9 3 0.09717251319796773 0.0 21.800924
true 0.0005436811394086138 1129 6 2 1.9 4 0.09717251319796773 0.0 15.7433839
true 0.33992091542479425 94 6 3 1.9 1 0.09717251319796773 0.0 0.5192364
true 0.00040889301211536705 313 6 3 1.9 2 0.09717251319796773 0.0 2.723726
true 0.019233236548786132 497 6 3 1.9 3 0.09717251319796773 0.0 6.8729185
true 0.0001099465377151591 4307 6 3 1.9 4 0.09717251319796773 0.0 52.8614124
true 0.019217398082199938 286 6 4 1.9 1 0.09717251319796773 0.0 1.4013092
true 0.0003120325338600016 1509 6 4 1.9 2 0.09717251319796773 0.0 10.8693674
true 9.184200695418199e-5 4195 6 4 1.9 3 0.09717251319796773 0.0 41.4534256
true 0.00027423635957991854 3249 6 4 1.9 4 0.09717251319796773 0.0 40.3055267
true 0.21106289565577824 95 6 5 1.9 1 0.09717251319796773 0.0 0.5390147
true 0.004131152466379728 1156 6 5 1.9 2 0.09717251319796773 0.0 8.2549365
true 0.20735637815744218 1831 6 5 1.9 3 0.09717251319796773 0.0 18.2479184
true 0.00392229265500107 7441 6 5 1.9 4 0.09717251319796773 0.0 89.9805413
true 0.17595089476104508 262 6 6 1.9 1 0.09717251319796773 0.0 1.2910876
true 0.16415106491536127 1645 6 6 1.9 2 0.09717251319796773 0.0 12.3054422
true 0.006520359636696338 4606 6 6 1.9 3 0.09717251319796773 0.0 46.3697905
true 0.0002866621476064572 7335 6 6 1.9 4 0.09717251319796773 0.0 89.841519
true 0.019527816689515476 86 6 1 1.91 1 0.09625152070246154 0.0 0.428984
true 0.0003712918949249633 783 6 1 1.91 2 0.09625152070246154 0.0 5.6286991
true 0.000400934926150176 2020 6 1 1.91 3 0.09625152070246154 0.0 20.1028871
true 0.0005640589653211348 2006 6 1 1.91 4 0.09625152070246154 0.0 27.1579905
true 0.019433069944264303 212 6 2 1.91 1 0.09625152070246154 0.0 0.9729957
true 0.00037684164214102367 290 6 2 1.91 2 0.09625152070246154 0.0 2.6521155
true 0.00023960538496464734 1235 6 2 1.91 3 0.09625152070246154 0.0 13.0496225
true 0.00040588213769707226 2665 6 2 1.91 4 0.09625152070246154 0.0 33.8722942
true 0.019401848783714315 115 6 3 1.91 1 0.09625152070246154 0.0 0.5945684
true 0.00035222896196731207 1141 6 3 1.91 2 0.09625152070246154 0.0 7.9462701
true 3.87159166762574e-5 3150 6 3 1.91 3 0.09625152070246154 0.0 30.17519
true 0.0003185009985407679 5623 6 3 1.91 4 0.09625152070246154 0.0 69.2188683
true 0.25932568454437827 270 6 4 1.91 1 0.09625152070246154 0.0 1.3173711
true 0.00031014329161868637 1606 6 4 1.91 2 0.09625152070246154 0.0 11.4629406
true 0.00038761055201878836 2868 6 4 1.91 3 0.09625152070246154 0.0 26.8209344
true 0.0007424295020991567 7319 6 4 1.91 4 0.09625152070246154 0.0 90.3295931
true 0.018751258657629822 143 6 5 1.91 1 0.09625152070246154 0.0 0.6867622
true 0.02770786187975969 532 6 5 1.91 2 0.09625152070246154 0.0 4.4496002
true 4.070334173952306e-5 2649 6 5 1.91 3 0.09625152070246154 0.0 26.4790328
true 0.0005509140252679346 2859 6 5 1.91 4 0.09625152070246154 0.0 37.0521519
true 0.17584658248414095 118 6 6 1.91 1 0.09625152070246154 0.0 0.6499437
true 0.00026627603470347205 1433 6 6 1.91 2 0.09625152070246154 0.0 10.1743071
true 0.0001186742434039767 3506 6 6 1.91 3 0.09625152070246154 0.0 34.8122503
true 0.0001810999616248532 2050 6 6 1.91 4 0.09625152070246154 0.0 26.7784732
true 0.019296613034471832 96 6 1 1.92 1 0.09534466505708565 0.0 0.4807929
true 0.0003631784748883149 775 6 1 1.92 2 0.09534466505708565 0.0 5.7688874
true 0.0006463695631440114 986 6 1 1.92 3 0.09534466505708565 0.0 10.2492906
true 0.00037915681339767415 1848 6 1 1.92 4 0.09534466505708565 0.0 25.2737243
true 0.01920480913116729 123 6 2 1.92 1 0.09534466505708565 0.0 0.6039379
true 0.00034219750192476805 494 6 2 1.92 2 0.09534466505708565 0.0 3.9806372
true 6.565514220208124e-5 3540 6 2 1.92 3 0.09534466505708565 0.0 33.9842729
true 0.00017491426607851857 3118 6 2 1.92 4 0.09534466505708565 0.0 39.0351041
true 0.019174770044823448 162 6 3 1.92 1 0.09534466505708565 0.0 0.7806852
true 0.0003440506110410542 1761 6 3 1.92 2 0.09534466505708565 0.0 12.4638878
true 0.00023053683486605006 3261 6 3 1.92 3 0.09534466505708565 0.0 31.9384577
true 0.0003155480725402134 4992 6 3 1.92 4 0.09534466505708565 0.0 60.7770065
true 0.018777124017362784 156 6 4 1.92 1 0.09534466505708565 0.0 0.7657958
true 0.000359988418101434 674 6 4 1.92 2 0.09534466505708565 0.0 5.102549
true 4.6596448587357675e-5 3215 6 4 1.92 3 0.09534466505708565 0.0 30.9757639
true 0.00020157986727230293 5865 6 4 1.92 4 0.09534466505708565 0.0 72.8676205
true 0.21150523760569623 293 6 5 1.92 1 0.09534466505708565 0.0 1.4525651
true 0.0003100460368861913 2530 6 5 1.92 2 0.09534466505708565 0.0 17.9497356
true 0.01497621923792013 2385 6 5 1.92 3 0.09534466505708565 0.0 24.1728848
true 0.0002908840537366064 5578 6 5 1.92 4 0.09534466505708565 0.0 68.6533185
true 0.015448519628202132 206 6 6 1.92 1 0.09534466505708565 0.0 1.066313
true 0.00026553966620256514 1597 6 6 1.92 2 0.09534466505708565 0.0 11.3787583
true 4.9260564995286714e-5 5524 6 6 1.92 3 0.09534466505708565 0.0 54.4097304
true 0.0002565569024008026 5904 6 6 1.92 4 0.09534466505708565 0.0 75.0764839
true 0.019070457178561095 90 6 1 1.93 1 0.09445164403667455 0.0 0.4518679
true 0.00035490234336493787 730 6 1 1.93 2 0.09445164403667455 0.0 5.2603468
true 0.000650103654344536 1669 6 1 1.93 3 0.09445164403667455 0.0 16.6841299
true 6.528448579901092e-5 6758 6 1 1.93 4 0.09445164403667455 0.0 80.6299609
true 0.01898133490282239 170 6 2 1.93 1 0.09445164403667455 0.0 0.8036805
true 0.018136114446025475 445 6 2 1.93 2 0.09445164403667455 0.0 3.4692166
true 0.0006597479634375125 4411 6 2 1.93 3 0.09445164403667455 0.0 42.0452422
true 0.00024010352850969974 7437 6 2 1.93 4 0.09445164403667455 0.0 88.4299493
true 0.01895131097424979 160 6 3 1.93 1 0.09445164403667455 0.0 0.7632959
true 0.029100459856335914 844 6 3 1.93 2 0.09445164403667455 0.0 6.1950674
true 0.00018624117793136774 1926 6 3 1.93 3 0.09445164403667455 0.0 19.7205381
true 0.00032672787349717164 7352 6 3 1.93 4 0.09445164403667455 0.0 92.2452563
true 0.018562268013766425 169 6 4 1.93 1 0.09445164403667455 0.0 0.7895836
true 0.0002815418028638411 1450 6 4 1.93 2 0.09445164403667455 0.0 10.2470405
true 3.639998073504125e-5 3575 6 4 1.93 3 0.09445164403667455 0.0 34.3288235
true 0.0003441098725919661 7330 6 4 1.93 4 0.09445164403667455 0.0 89.4411396
true 0.018329331413143024 154 6 5 1.93 1 0.09445164403667455 0.0 0.7680569
true 0.00030252152014970113 1970 6 5 1.93 2 0.09445164403667455 0.0 13.8465322
true 0.000371702073653557 3527 6 5 1.93 3 0.09445164403667455 0.0 34.9306706
true 0.00027680965515525235 3254 6 5 1.93 4 0.09445164403667455 0.0 41.49598
true 0.015274529026703685 239 6 6 1.93 1 0.09445164403667455 0.0 1.1763681
true 0.0002672055740285025 2450 6 6 1.93 2 0.09445164403667455 0.0 18.1173587
true 0.01241037886698774 1692 6 6 1.93 3 0.09445164403667455 0.0 17.3032999
true 7.577210516929167e-5 2581 6 6 1.93 4 0.09445164403667455 0.0 33.4639419
true 0.018847533884639278 103 6 1 1.94 1 0.09357216363534221 0.0 0.5254467
true 0.00034724022490062456 930 6 1 1.94 2 0.09357216363534221 0.0 6.9096566
true 0.018724123461263953 993 6 1 1.94 3 0.09357216363534221 0.0 10.8412013
true 9.016399283623411e-5 3235 6 1 1.94 4 0.09357216363534221 0.0 39.7373601
true 0.018761043517115522 94 6 2 1.94 1 0.09357216363534221 0.0 0.4985798
true 0.01800349951587632 542 6 2 1.94 2 0.09357216363534221 0.0 4.1880848
true 0.00022429994453743163 2093 6 2 1.94 3 0.09357216363534221 0.0 21.4793381
true 0.0003086091952954617 3107 6 2 1.94 4 0.09357216363534221 0.0 38.7724951
true 0.3396160580103705 116 6 3 1.94 1 0.09357216363534221 0.0 0.5925611
true 0.0003302809293347549 1217 6 3 1.94 2 0.09357216363534221 0.0 8.5823824
true 0.0001625508567877909 1385 6 3 1.94 3 0.09357216363534221 0.0 14.1036886
true 0.0004449029831300651 13019 6 3 1.94 4 0.09357216363534221 0.0 157.3822422
true 0.018352672438997478 202 6 4 1.94 1 0.09357216363534221 0.0 0.8972283
true 0.00027858177001888196 2344 6 4 1.94 2 0.09357216363534221 0.0 17.2156868
true 0.0003629871510186511 3448 6 4 1.94 3 0.09357216363534221 0.0 34.825857
true 0.0003485966362585108 6852 6 4 1.94 4 0.09357216363534221 0.0 88.5473797
true 0.01812391601159171 129 6 5 1.94 1 0.09357216363534221 0.0 0.6845201
true 0.00026689745625948504 1562 6 5 1.94 2 0.09357216363534221 0.0 11.5309018
true 4.132157358340827e-5 2706 6 5 1.94 3 0.09357216363534221 0.0 26.1429212
true 0.0002676534462476843 3224 6 5 1.94 4 0.09357216363534221 0.0 40.1920344
true 0.015103073425685565 148 6 6 1.94 1 0.09357216363534221 0.0 0.7605806
true 0.00029128291758257857 954 6 6 1.94 2 0.09357216363534221 0.0 7.1566018
true 0.0003942155598609387 6993 6 6 1.94 3 0.09357216363534221 0.0 70.0881082
true 0.0002699686109908968 6398 6 6 1.94 4 0.09357216363534221 0.0 79.1611575
true 0.018629130364971713 110 6 1 1.95 1 0.09270593780019673 0.0 0.5860982
true 0.00033968485230362333 1311 6 1 1.95 2 0.09270593780019673 0.0 9.3016907
true 2.615684087892145e-5 2634 6 1 1.95 3 0.09270593780019673 0.0 25.0003565
true 0.000288030088764768 2331 6 1 1.95 4 0.09270593780019673 0.0 29.9050278
true 0.018545400726724087 112 6 2 1.95 1 0.09270593780019673 0.0 0.5734295
true 0.00031951815917968807 1743 6 2 1.95 2 0.09270593780019673 0.0 12.1610405
true 5.547334067315668e-5 3364 6 2 1.95 3 0.09270593780019673 0.0 32.587794
true 0.00020144653387069167 5140 6 2 1.95 4 0.09270593780019673 0.0 61.497632
true 0.018517371459937426 148 6 3 1.95 1 0.09270593780019673 0.0 0.767624
true 0.00032271280258612994 910 6 3 1.95 2 0.09270593780019673 0.0 6.672351
true 0.018030495443266698 1060 6 3 1.95 3 0.09270593780019673 0.0 12.0029936
true 0.0010971036842803612 4650 6 3 1.95 4 0.09270593780019673 0.0 58.1050255
true 0.2588301431782111 178 6 4 1.95 1 0.09270593780019673 0.0 0.8536613
true 0.0002970500616657906 361 6 4 1.95 2 0.09270593780019673 0.0 3.1549323
true 0.013283442504212359 1354 6 4 1.95 3 0.09270593780019673 0.0 13.7957721
true 0.0004960179878958637 5062 6 4 1.95 4 0.09270593780019673 0.0 61.5017385
true 0.21047035736726177 181 6 5 1.95 1 0.09270593780019673 0.0 0.8818942
true 0.00028307645437204433 1340 6 5 1.95 2 0.09270593780019673 0.0 9.6551947
true 6.761623251830829e-5 2194 6 5 1.95 3 0.09270593780019673 0.0 21.4104938
true 0.00043279863739942304 1890 6 5 1.95 4 0.09270593780019673 0.0 24.9684984
true 0.01493498393240649 144 6 6 1.95 1 0.09270593780019673 0.0 0.7305637
true 0.022329355792822286 1001 6 6 1.95 2 0.09270593780019673 0.0 7.7716001
true 2.3426588340073422e-5 3200 6 6 1.95 3 0.09270593780019673 0.0 32.4521187
true 0.000232066898810492 6851 6 6 1.95 4 0.09270593780019673 0.0 83.2030842
true 0.018414410321958063 120 6 1 1.96 1 0.09185268817481701 0.0 0.5482996
true 0.018187905808069837 630 6 1 1.96 2 0.09185268817481701 0.0 4.8929638
true 6.534783309447567e-5 1519 6 1 1.96 3 0.09185268817481701 0.0 15.2958791
true 0.00030874367540029146 5207 6 1 1.96 4 0.09185268817481701 0.0 63.1257037
true 0.01833304024747509 147 6 2 1.96 1 0.09185268817481701 0.0 0.6718283
true 0.017548633719758566 427 6 2 1.96 2 0.09185268817481701 0.0 3.4886843
true 0.0003911512605751788 1843 6 2 1.96 3 0.09185268817481701 0.0 18.0051414
true 0.0002669190062398741 2683 6 2 1.96 4 0.09185268817481701 0.0 33.7475849
true 0.01830622099932766 192 6 3 1.96 1 0.09185268817481701 0.0 0.924701
true 0.0003167000419316464 765 6 3 1.96 2 0.09185268817481701 0.0 5.4540797
true 0.00029985772433181274 3852 6 3 1.96 3 0.09185268817481701 0.0 36.928278
true 0.0002327817812890117 6536 6 3 1.96 4 0.09185268817481701 0.0 78.5049882
true 0.017941806939696894 164 6 4 1.96 1 0.09185268817481701 0.0 0.7761579
true 0.0002819434491997397 1450 6 4 1.96 2 0.09185268817481701 0.0 10.060782
true 0.013434825802082342 587 6 4 1.96 3 0.09185268817481701 0.0 6.8543511
true 0.005024142620130775 3178 6 4 1.96 4 0.09185268817481701 0.0 39.4308121
true 0.21042186090849074 123 6 5 1.96 1 0.09185268817481701 0.0 0.6034717
true 0.2102994370066678 599 6 5 1.96 2 0.09185268817481701 0.0 4.6205512
true 0.00014257997199359495 4893 6 5 1.96 3 0.09185268817481701 0.0 48.6428717
true 0.00028066456098214677 6029 6 5 1.96 4 0.09185268817481701 0.0 75.0163199
true 0.014793591978340589 148 6 6 1.96 1 0.09185268817481701 0.0 0.7821893
true 0.0002773308954610032 1363 6 6 1.96 2 0.09185268817481701 0.0 9.7786988
true 0.00017981037807277925 5904 6 6 1.96 3 0.09185268817481701 0.0 58.6768775
true 0.00024802760154737924 2943 6 6 1.96 4 0.09185268817481701 0.0 37.4628357
true 0.018203745440936225 95 6 1 1.97 1 0.09101214385204551 0.0 0.4740968
true 0.0003245365006080414 447 6 1 1.97 2 0.09101214385204551 0.0 3.6141605
true 0.0003289707166559963 1777 6 1 1.97 3 0.09101214385204551 0.0 17.4690901
true 0.00027524281644691895 2855 6 1 1.97 4 0.09101214385204551 0.0 36.4617907
true 0.01812495159432026 103 6 2 1.97 1 0.09101214385204551 0.0 0.5196742
true 0.00030560144112040666 954 6 2 1.97 2 0.09101214385204551 0.0 6.7432974
true 0.00022443129970745046 3520 6 2 1.97 3 0.09101214385204551 0.0 34.792582
true 0.0002106572669437201 6585 6 2 1.97 4 0.09101214385204551 0.0 79.9811195
true 0.018098601535600056 134 6 3 1.97 1 0.09101214385204551 0.0 0.6428521
true 0.00030979834726163613 1647 6 3 1.97 2 0.09101214385204551 0.0 12.1771237
true 0.00023157471788609607 2669 6 3 1.97 3 0.09101214385204551 0.0 26.3968041
true 0.00032147331166193505 6030 6 3 1.97 4 0.09101214385204551 0.0 75.4821577
true 0.01774121786117079 125 6 4 1.97 1 0.09101214385204551 0.0 0.6670666
true 0.000268934987057573 1713 6 4 1.97 2 0.09101214385204551 0.0 11.9498197
true 0.013259999831726668 1815 6 4 1.97 3 0.09101214385204551 0.0 17.9474214
true 6.1415447992208e-5 1711 6 4 1.97 4 0.09101214385204551 0.0 23.1661773
true 0.01752690965757674 213 6 5 1.97 1 0.09101214385204551 0.0 0.9836809
true 0.0002484856536475455 597 6 5 1.97 2 0.09101214385204551 0.0 4.622799
true 6.394120340701415e-5 3266 6 5 1.97 3 0.09101214385204551 0.0 32.3537973
true 0.000229452683469622 10139 6 5 1.97 4 0.09101214385204551 0.0 125.998141
true 0.014606497772100565 194 6 6 1.97 1 0.09101214385204551 0.0 0.9453366
true 0.0035858817647068664 804 6 6 1.97 2 0.09101214385204551 0.0 6.0812729
true 0.00030704817313250327 3548 6 6 1.97 3 0.09101214385204551 0.0 35.6388715
true 0.00025416255294969753 4152 6 6 1.97 4 0.09101214385204551 0.0 50.720633
true 0.01799690339858878 108 6 1 1.98 1 0.09018404113577616 0.0 0.560279
true 0.00031729796006002564 710 6 1 1.98 2 0.09018404113577616 0.0 5.0502536
true 0.0005658212154387443 1263 6 1 1.98 3 0.09018404113577616 0.0 12.3925982
true 5.116111123343314e-5 3990 6 1 1.98 4 0.09018404113577616 0.0 48.5917033
true 0.01792022993855033 117 6 2 1.98 1 0.09018404113577616 0.0 0.5858814
true 0.0002998594854258241 420 6 2 1.98 2 0.09018404113577616 0.0 3.2950654
true 0.01798264845708386 673 6 2 1.98 3 0.09018404113577616 0.0 7.8467443
true 0.0002322751155684477 4479 6 2 1.98 4 0.09018404113577616 0.0 54.4905966
true 0.017894653271165777 107 6 3 1.98 1 0.09018404113577616 0.0 0.5483586
true 0.03240252766952684 507 6 3 1.98 2 0.09018404113577616 0.0 3.9483709
true 0.0006441305733088099 661 6 3 1.98 3 0.09018404113577616 0.0 7.5542641
true 9.755783637536523e-5 5469 6 3 1.98 4 0.09018404113577616 0.0 65.9626734
true 0.2586233312521703 124 6 4 1.98 1 0.09018404113577616 0.0 0.6542646
true 0.0002681797719230883 1383 6 4 1.98 2 0.09018404113577616 0.0 9.6465229
true 0.013169273788832425 1078 6 4 1.98 3 0.09018404113577616 0.0 11.1526243
true 0.00023184556476459062 5389 6 4 1.98 4 0.09018404113577616 0.0 65.5921384
true 0.21073676507007555 157 6 5 1.98 1 0.09018404113577616 0.0 0.7974393
true 0.0002668357096214602 932 6 5 1.98 2 0.09018404113577616 0.0 6.9320731
true 0.0006832182613497051 1395 6 5 1.98 3 0.09018404113577616 0.0 14.1748287
true 0.00039638687351672974 6095 6 5 1.98 4 0.09018404113577616 0.0 78.1707427
true 0.014446117025634716 170 6 6 1.98 1 0.09018404113577616 0.0 0.8608842
true 0.0002380939178993994 2126 6 6 1.98 2 0.09018404113577616 0.0 15.4449818
true 0.00035881874231270355 3343 6 6 1.98 3 0.09018404113577616 0.0 32.7375804
true 0.00016530137585837879 5650 6 6 1.98 4 0.09018404113577616 0.0 69.0807118
true 0.017793544430697694 115 6 1 1.99 1 0.08936812331138665 0.0 0.5777392
true 0.01785591693988925 662 6 1 1.99 2 0.08936812331138665 0.0 4.8915798
true 8.565345575728411e-5 1663 6 1 1.99 3 0.08936812331138665 0.0 16.7995665
true 0.00035964214141143147 2759 6 1 1.99 4 0.08936812331138665 0.0 35.2839189
true 0.017718757847282135 133 6 2 1.99 1 0.08936812331138665 0.0 0.602601
true 0.017046309254483943 488 6 2 1.99 2 0.08936812331138665 0.0 3.7415343
true 7.092264796229597e-5 1543 6 2 1.99 3 0.08936812331138665 0.0 15.6252046
true 0.00021952794169047274 1682 6 2 1.99 4 0.08936812331138665 0.0 22.1068821
true 0.017694186919422466 118 6 3 1.99 1 0.08936812331138665 0.0 0.6120278
true 0.000295931834867406 1087 6 3 1.99 2 0.08936812331138665 0.0 7.6801749
true 0.022785287604901134 2265 6 3 1.99 3 0.08936812331138665 0.0 23.3281804
true 9.90431293324175e-5 2072 6 3 1.99 4 0.08936812331138665 0.0 26.4551672
true 0.01735163459233667 120 6 4 1.99 1 0.08936812331138665 0.0 0.6084966
true 0.0002656471210978062 2437 6 4 1.99 2 0.08936812331138665 0.0 17.4042517
true 0.008627435306234638 3301 6 4 1.99 3 0.08936812331138665 0.0 31.3627718
true 0.00020216468703590507 6947 6 4 1.99 4 0.08936812331138665 0.0 83.3930618
true 0.017146315447428773 226 6 5 1.99 1 0.08936812331138665 0.0 1.0431093
true 0.00026881097696820346 2978 6 5 1.99 2 0.08936812331138665 0.0 22.4344501
true 0.003423638348060987 5720 6 5 1.99 3 0.08936812331138665 0.0 55.078586
true 0.0001926800339566048 5138 6 5 1.99 4 0.08936812331138665 0.0 62.7770806
true 0.014289024765325453 186 6 6 1.99 1 0.08936812331138665 0.0 0.8894535
true 0.00023276074717626383 1867 6 6 1.99 2 0.08936812331138665 0.0 13.706711
true 7.06616149895219e-5 5674 6 6 1.99 3 0.08936812331138665 0.0 55.4533744
true 0.0002538666330376138 9923 6 6 1.99 4 0.08936812331138665 0.0 123.6046097
true 0.017593815026957282 105 6 1 2.0 1 0.0885641404244465 0.0 0.5299794
true 0.00030363250862719404 577 6 1 2.0 2 0.0885641404244465 0.0 4.2936913
true 0.0004547528408532786 1212 6 1 2.0 3 0.0885641404244465 0.0 12.1349039
true 0.00026909152667425884 4038 6 1 2.0 4 0.0885641404244465 0.0 49.9446408
true 0.017521280969090197 217 6 2 2.0 1 0.0885641404244465 0.0 0.9912604
true 0.03206815018841527 374 6 2 2.0 2 0.0885641404244465 0.0 3.2082608
true 2.0042108221624e-5 4178 6 2 2.0 3 0.0885641404244465 0.0 39.6546087
true 0.000166230426700803 4603 6 2 2.0 4 0.0885641404244465 0.0 58.7653326
true 0.33919852410374257 101 6 3 2.0 1 0.0885641404244465 0.0 0.5147817
true 0.0002893302417527795 1105 6 3 2.0 2 0.0885641404244465 0.0 8.0930899
true 0.00017874600936893895 4157 6 3 2.0 3 0.0885641404244465 0.0 39.3639616
true 0.0002786240392354718 9349 6 3 2.0 4 0.0885641404244465 0.0 115.8220096
true 0.25836532431399944 97 6 4 2.0 1 0.0885641404244465 0.0 0.5446744
true 0.00024782322703419124 2693 6 4 2.0 2 0.0885641404244465 0.0 19.0794646
true 0.012860880932418745 2267 6 4 2.0 3 0.0885641404244465 0.0 21.9440591
true 0.0001789468424052143 4399 6 4 2.0 4 0.0885641404244465 0.0 53.7888771
true 0.20992317757827275 125 6 5 2.0 1 0.0885641404244465 0.0 0.6543572
true 0.01042051804304599 1354 6 5 2.0 2 0.0885641404244465 0.0 10.1260766
true 0.0002526318375069891 2965 6 5 2.0 3 0.0885641404244465 0.0 29.2106999
true 0.00035339389425844694 3698 6 5 2.0 4 0.0885641404244465 0.0 45.4027427
true 0.014133833689649008 239 6 6 2.0 1 0.0885641404244465 0.0 1.1563321
true 0.00024901884635159893 735 6 6 2.0 2 0.0885641404244465 0.0 5.7499044
true 0.011324092692357615 2517 6 6 2.0 3 0.0885641404244465 0.0 25.0848239
true 0.00026573022808684676 10024 6 6 2.0 4 0.0885641404244465 0.0 126.9852532