g_converged min_loss iter nsites nqubits0 h nlayers SvN m time
true 0.034000818626250984 84 6 1 1.51 1 0.14860607298695988 0.0 0.5712719
true 0.001054052785604831 546 6 1 1.51 2 0.14860607298695988 0.0 5.1734084
true 0.03265479295223506 775 6 1 1.51 3 0.14860607298695988 0.0 11.8078316
true 0.001124470326911653 1627 6 1 1.51 4 0.14860607298695988 0.0 28.141452
true 0.033643460381349216 133 6 2 1.51 1 0.14860607298695988 0.0 0.7851604
true 0.0009650973286365605 581 6 2 1.51 2 0.14860607298695988 0.0 5.5509153
true 0.0013681206893140785 3388 6 2 1.51 3 0.14860607298695988 0.0 42.7748184
true 0.0004284749961503964 2310 6 2 1.51 4 0.14860607298695988 0.0 37.7453917
true 0.033524228478554984 137 6 3 1.51 1 0.14860607298695988 0.0 0.8691962
true 0.000980352944479938 947 6 3 1.51 2 0.14860607298695988 0.0 8.8307305
true 0.0002410290178277615 2704 6 3 1.51 3 0.14860607298695988 0.0 34.3599273
true 0.0006524058623241976 5458 6 3 1.51 4 0.14860607298695988 0.0 88.9275436
true 0.03243072703054431 131 6 4 1.51 1 0.14860607298695988 0.0 0.8133126
true 0.0007934643620168963 1945 6 4 1.51 2 0.14860607298695988 0.0 18.1235688
true 0.00024965188274959915 2122 6 4 1.51 3 0.14860607298695988 0.0 26.7146243
true 0.0005422807827870635 3470 6 4 1.51 4 0.14860607298695988 0.0 55.8240863
true 0.031774373829885474 153 6 5 1.51 1 0.14860607298695988 0.0 1.0315267
true 0.000795745423940597 1702 6 5 1.51 2 0.14860607298695988 0.0 15.9926806
true 0.00015268456815448195 2980 6 5 1.51 3 0.14860607298695988 0.0 39.4275014
true 0.0009750121283985224 1289 6 5 1.51 4 0.14860607298695988 0.0 24.5366846
true 0.339000910328591 171 6 6 1.51 1 0.14860607298695988 0.0 1.0942849
true 0.0006979532567024845 1752 6 6 1.51 2 0.14860607298695988 0.0 16.5428753
true 0.00014439327735301286 4591 6 6 1.51 3 0.14860607298695988 0.0 58.6461325
true 0.001438400446659142 4257 6 6 1.51 4 0.14860607298695988 0.0 69.4640176
true 0.033455282637721406 96 6 1 1.52 1 0.14676781227962965 0.0 0.6218242
true 0.0010234700814850672 996 6 1 1.52 2 0.14676781227962965 0.0 9.0747634
true 0.0010246135708739668 1310 6 1 1.52 3 0.14676781227962965 0.0 17.0311563
true 7.768672790497977e-5 2700 6 1 1.52 4 0.14676781227962965 0.0 43.4794426
true 0.03311115977290571 110 6 2 1.52 1 0.14676781227962965 0.0 0.7410205
true 0.0009383775338105971 480 6 2 1.52 2 0.14676781227962965 0.0 4.744542
true 0.028226150811203443 1848 6 2 1.52 3 0.14676781227962965 0.0 23.7009984
true 0.000272393336510135 3461 6 2 1.52 4 0.14676781227962965 0.0 55.7522332
true 0.03299583346019369 111 6 3 1.52 1 0.14676781227962965 0.0 0.7074776
true 0.0009520662754910666 619 6 3 1.52 2 0.14676781227962965 0.0 6.00912
true 0.0008397422370255611 3465 6 3 1.52 3 0.14676781227962965 0.0 43.508108
true 0.00013470851874504883 4744 6 3 1.52 4 0.14676781227962965 0.0 76.7244223
true 0.03193248678204787 220 6 4 1.52 1 0.14676781227962965 0.0 1.3654296
true 0.0007714107209627757 1608 6 4 1.52 2 0.14676781227962965 0.0 14.5481958
true 0.023704711673513193 726 6 4 1.52 3 0.14676781227962965 0.0 11.1382934
true 0.0007845908345941177 5059 6 4 1.52 4 0.14676781227962965 0.0 78.9949875
true 0.2197979072573278 131 6 5 1.52 1 0.14676781227962965 0.0 0.8907124
true 0.0007721418291268489 1774 6 5 1.52 2 0.14676781227962965 0.0 16.4568243
true 0.20019536814529051 1854 6 5 1.52 3 0.14676781227962965 0.0 24.005576
true 0.0013035259754740846 2440 6 5 1.52 4 0.14676781227962965 0.0 40.529641
true 0.1818242020005989 350 6 6 1.52 1 0.14676781227962965 0.0 2.2706696
true 0.0006790232362537582 1643 6 6 1.52 2 0.14676781227962965 0.0 15.6230838
true 0.00012843211450456563 3897 6 6 1.52 3 0.14676781227962965 0.0 48.5656615
true 0.00033398734778318967 5553 6 6 1.52 4 0.14676781227962965 0.0 90.5552929
true 0.03292343906764639 166 6 1 1.53 1 0.14496629210198328 0.0 0.9631572
true 0.0009937563633269364 585 6 1 1.53 2 0.14496629210198328 0.0 5.4384999
true 0.0007561267622579471 1444 6 1 1.53 3 0.14496629210198328 0.0 18.8326686
true 5.9468314347665974e-5 5639 6 1 1.53 4 0.14496629210198328 0.0 88.8868539
true 0.0325911535240937 114 6 2 1.53 1 0.14496629210198328 0.0 0.7043638
true 0.0009112824941232833 741 6 2 1.53 2 0.14496629210198328 0.0 6.8473373
true 0.00013988693433025778 2998 6 2 1.53 3 0.14496629210198328 0.0 37.81728
true 7.04662811408796e-5 8135 6 2 1.53 4 0.14496629210198328 0.0 129.9037071
true 0.03248036494076747 149 6 3 1.53 1 0.14496629210198328 0.0 0.8892304
true 0.054713636654205366 449 6 3 1.53 2 0.14496629210198328 0.0 4.7146453
true 9.501816715353402e-5 2603 6 3 1.53 3 0.14496629210198328 0.0 32.2986165
true 0.0008755490754127256 5440 6 3 1.53 4 0.14496629210198328 0.0 83.5942263
true 0.0314462801563411 192 6 4 1.53 1 0.14496629210198328 0.0 1.106612
true 0.0007469404422196929 1598 6 4 1.53 2 0.14496629210198328 0.0 14.9645508
true 0.0006542946982324299 3496 6 4 1.53 3 0.14496629210198328 0.0 44.0051213
true 0.0006441008457189479 7764 6 4 1.53 4 0.14496629210198328 0.0 124.265589
true 0.03082511756407481 166 6 5 1.53 1 0.14496629210198328 0.0 1.0713917
true 0.0007523029508262225 1677 6 5 1.53 2 0.14496629210198328 0.0 15.9052613
true 0.0010558373862317172 2134 6 5 1.53 3 0.14496629210198328 0.0 27.2567482
true 0.0008210254750273926 4494 6 5 1.53 4 0.14496629210198328 0.0 71.8552046
true 0.18160157964979143 197 6 6 1.53 1 0.14496629210198328 0.0 1.2511186
true 0.0007059285961641496 1390 6 6 1.53 2 0.14496629210198328 0.0 12.8616898
true 0.00030405846011372084 4623 6 6 1.53 3 0.14496629210198328 0.0 57.6455898
true 0.002216077719729296 9918 6 6 1.53 4 0.14496629210198328 0.0 160.2717282
true 0.03240436820635567 128 6 1 1.54 1 0.14320052060549301 0.0 0.757712
true 0.0009655952862541728 654 6 1 1.54 2 0.14320052060549301 0.0 6.1236191
true 0.00012958379428817945 790 6 1 1.54 3 0.14320052060549301 0.0 10.8488863
true 0.0006738270182846118 8421 6 1 1.54 4 0.14320052060549301 0.0 131.1262844
true 0.032083745642836586 189 6 2 1.54 1 0.14320052060549301 0.0 1.1106895
true 0.0008859885493813779 1324 6 2 1.54 2 0.14320052060549301 0.0 12.3169886
true 0.030111466991343927 445 6 2 1.54 3 0.14320052060549301 0.0 7.3902499
true 8.78041736113444e-5 2646 6 2 1.54 4 0.14320052060549301 0.0 44.1251707
true 0.03197714122683989 152 6 3 1.54 1 0.14320052060549301 0.0 0.943322
true 0.0008992139998462342 1064 6 3 1.54 2 0.14320052060549301 0.0 10.0715491
true 0.00020521266721949352 3928 6 3 1.54 3 0.14320052060549301 0.0 49.4573386
true 0.00033582850691223537 13520 6 3 1.54 4 0.14320052060549301 0.0 213.5304205
true 0.030970671317404233 151 6 4 1.54 1 0.14320052060549301 0.0 0.9796039
true 0.03810160628385689 1628 6 4 1.54 2 0.14320052060549301 0.0 15.0067925
true 0.0008148109724759461 3204 6 4 1.54 3 0.14320052060549301 0.0 42.2891623
true 0.0005674314533271468 3384 6 4 1.54 4 0.14320052060549301 0.0 58.1696323
true 0.21918624269202808 181 6 5 1.54 1 0.14320052060549301 0.0 1.2273326
true 0.0007334646095904729 1544 6 5 1.54 2 0.14320052060549301 0.0 14.5539637
true 0.024636361020806873 1718 6 5 1.54 3 0.14320052060549301 0.0 24.6595048
true 0.0006156726124517453 7033 6 5 1.54 4 0.14320052060549301 0.0 114.1879471
true 0.1811714565213941 174 6 6 1.54 1 0.14320052060549301 0.0 1.1603871
true 0.0006420489962000361 2696 6 6 1.54 2 0.14320052060549301 0.0 27.061394
true 0.010828956443120097 2705 6 6 1.54 3 0.14320052060549301 0.0 36.7869952
true 0.00084903917443969 3720 6 6 1.54 4 0.14320052060549301 0.0 61.034656
true 0.03189809260765886 156 6 1 1.55 1 0.14146953786835154 0.0 0.9330516
true 0.0009413519435834683 449 6 1 1.55 2 0.14146953786835154 0.0 4.5254144
true 0.0002793038542346915 2207 6 1 1.55 3 0.14146953786835154 0.0 27.9220356
true 0.0009436951238100955 2733 6 1 1.55 4 0.14146953786835154 0.0 44.6847199
true 0.031588818634195354 119 6 2 1.55 1 0.14146953786835154 0.0 0.7575444
true 0.0008611339489237035 1157 6 2 1.55 2 0.14146953786835154 0.0 10.4771081
true 0.0006665788436384379 2084 6 2 1.55 3 0.14146953786835154 0.0 25.9722886
true 4.2878924290279397e-5 1035 6 2 1.55 4 0.14146953786835154 0.0 19.1744397
true 0.031485841587528686 154 6 3 1.55 1 0.14146953786835154 0.0 0.9031829
true 0.0008739375491054191 975 6 3 1.55 2 0.14146953786835154 0.0 9.2359572
true 0.0001315188562367268 2343 6 3 1.55 3 0.14146953786835154 0.0 30.0919882
true 0.0006268252909698199 3188 6 3 1.55 4 0.14146953786835154 0.0 50.5041198
true 0.030507151899298285 127 6 4 1.55 1 0.14146953786835154 0.0 0.8187347
true 0.0007060023060959791 1216 6 4 1.55 2 0.14146953786835154 0.0 11.0884335
true 0.029903325384299878 1924 6 4 1.55 3 0.14146953786835154 0.0 24.2866213
true 0.0008976024907663693 1279 6 4 1.55 4 0.14146953786835154 0.0 23.4908875
true 0.21716130776451803 163 6 5 1.55 1 0.14146953786835154 0.0 1.0589011
true 0.000707002832934367 1212 6 5 1.55 2 0.14146953786835154 0.0 11.728722
true 0.02425642259900871 1414 6 5 1.55 3 0.14146953786835154 0.0 18.8322935
true 0.000675837116482303 4865 6 5 1.55 4 0.14146953786835154 0.0 81.0382238
true 0.02493281366733364 176 6 6 1.55 1 0.14146953786835154 0.0 1.1506391
true 0.0006282611252699336 2617 6 6 1.55 2 0.14146953786835154 0.0 24.9520875
true 0.0007474278993360913 4150 6 6 1.55 3 0.14146953786835154 0.0 51.997899
true 0.00040368204939799274 1803 6 6 1.55 4 0.14146953786835154 0.0 31.2472644
true 0.03140372239808603 101 6 1 1.56 1 0.13977241481340572 0.0 0.6341075
true 0.0009111315242077422 713 6 1 1.56 2 0.13977241481340572 0.0 6.6772566
true 0.0008538814698434427 808 6 1 1.56 3 0.13977241481340572 0.0 11.102175
true 0.001452447991855732 2667 6 1 1.56 4 0.13977241481340572 0.0 43.8327191
true 0.031105702699907894 115 6 2 1.56 1 0.13977241481340572 0.0 0.720715
true 0.0008373484854542479 887 6 2 1.56 2 0.13977241481340572 0.0 8.0342094
true 0.00012838376036664045 2151 6 2 1.56 3 0.13977241481340572 0.0 26.7306644
true 0.0007138598113090033 3940 6 2 1.56 4 0.13977241481340572 0.0 64.3517242
true 0.03100639730585734 116 6 3 1.56 1 0.13977241481340572 0.0 0.766411
true 0.0008498908708420294 832 6 3 1.56 2 0.13977241481340572 0.0 7.9159127
true 0.00013679516804473066 6482 6 3 1.56 3 0.13977241481340572 0.0 80.2896563
true 5.7504107384494706e-5 3492 6 3 1.56 4 0.13977241481340572 0.0 54.6386423
true 0.03005339622278909 193 6 4 1.56 1 0.13977241481340572 0.0 1.1712879
true 0.0009076928941554874 687 6 4 1.56 2 0.13977241481340572 0.0 6.7390772
true 0.00011548186333981691 3093 6 4 1.56 3 0.13977241481340572 0.0 38.846305
true 0.0005609960435236927 5835 6 4 1.56 4 0.13977241481340572 0.0 90.2209897
true 0.21860419963252636 102 6 5 1.56 1 0.13977241481340572 0.0 0.6995382
true 0.0006891211461018676 1774 6 5 1.56 2 0.13977241481340572 0.0 16.9795881
true 0.0001260055305822294 807 6 5 1.56 3 0.13977241481340572 0.0 11.6067762
true 0.0006318843704001597 2953 6 5 1.56 4 0.13977241481340572 0.0 51.245936
true 0.18217006856952 164 6 6 1.56 1 0.13977241481340572 0.0 1.1050986
true 0.0006067635268464563 2635 6 6 1.56 2 0.13977241481340572 0.0 24.7881473
true 6.819922508487693e-5 4432 6 6 1.56 3 0.13977241481340572 0.0 56.2530632
true 0.0007609338336391306 5074 6 6 1.56 4 0.13977241481340572 0.0 84.7202168
true 0.030921533452857475 114 6 1 1.57 1 0.1381082521562763 0.0 0.6765119
true 0.0008855569573512634 425 6 1 1.57 2 0.1381082521562763 0.0 4.1291065
true 0.0002589072690563077 3131 6 1 1.57 3 0.1381082521562763 0.0 38.3808708
true 7.711566223034261e-5 3268 6 1 1.57 4 0.1381082521562763 0.0 51.5574121
true 0.030633874525323762 124 6 2 1.57 1 0.1381082521562763 0.0 0.756654
true 0.0008142620246520682 754 6 2 1.57 2 0.1381082521562763 0.0 7.0411406
true 6.94830209713726e-5 4559 6 2 1.57 3 0.1381082521562763 0.0 56.443665
true 0.0004219699668431276 2726 6 2 1.57 4 0.1381082521562763 0.0 42.7799922
true 0.030538851236620996 141 6 3 1.57 1 0.1381082521562763 0.0 0.8611172
true 0.0008260642240321044 1073 6 3 1.57 2 0.1381082521562763 0.0 9.7768094
true 0.0003036447831140099 2921 6 3 1.57 3 0.1381082521562763 0.0 36.2810068
true 0.001460818914757837 3922 6 3 1.57 4 0.1381082521562763 0.0 62.155833
true 0.02961058617948463 346 6 4 1.57 1 0.1381082521562763 0.0 2.095168
true 0.0006708420447362473 2613 6 4 1.57 2 0.1381082521562763 0.0 24.1312092
true 0.000668986462823512 3481 6 4 1.57 3 0.1381082521562763 0.0 44.3026101
true 0.0005436102567101114 4357 6 4 1.57 4 0.1381082521562763 0.0 67.6941916
true 0.029054149575357513 291 6 5 1.57 1 0.1381082521562763 0.0 1.7603852
true 0.0006823648985966879 1613 6 5 1.57 2 0.1381082521562763 0.0 15.0541684
true 0.0004214165616561294 5007 6 5 1.57 3 0.1381082521562763 0.0 61.6791769
true 0.0008150779318664592 17426 6 5 1.57 4 0.1381082521562763 0.0 279.3122194
true 0.18057123633284855 184 6 6 1.57 1 0.1381082521562763 0.0 1.1797665
true 0.0005834276007153638 1058 6 6 1.57 2 0.1381082521562763 0.0 10.3361839
true 0.00011449667879198655 4070 6 6 1.57 3 0.1381082521562763 0.0 52.3489527
true 0.0005497544122855524 5541 6 6 1.57 4 0.1381082521562763 0.0 86.6952944
true 0.0304504638862394 88 6 1 1.58 1 0.13647617938387846 0.0 0.5751358
true 0.0008607472929124671 470 6 1 1.58 2 0.13647617938387846 0.0 4.7328766
true 0.0006083656089896361 2054 6 1 1.58 3 0.13647617938387846 0.0 26.4198662
true 0.0006809315930494386 1869 6 1 1.58 4 0.13647617938387846 0.0 33.258578
true 0.03017304901972967 103 6 2 1.58 1 0.13647617938387846 0.0 0.6833504
true 0.028287082330952285 874 6 2 1.58 2 0.13647617938387846 0.0 8.5822953
true 0.0011013498571610658 650 6 2 1.58 3 0.13647617938387846 0.0 10.2037274
true 6.826194340148195e-5 6269 6 2 1.58 4 0.13647617938387846 0.0 96.468789
true 0.030080551682279744 151 6 3 1.58 1 0.13647617938387846 0.0 0.9186821
true 0.0008042319061596359 1255 6 3 1.58 2 0.13647617938387846 0.0 11.7217007
true 0.03398414513417273 1590 6 3 1.58 3 0.13647617938387846 0.0 21.9714574
true 0.010306531554496881 7134 6 3 1.58 4 0.13647617938387846 0.0 114.0249616
true 0.02918140818871197 108 6 4 1.58 1 0.13647617938387846 0.0 0.756416
true 0.0006506554967212058 1017 6 4 1.58 2 0.13647617938387846 0.0 9.3617813
true 0.00015356260541693478 5152 6 4 1.58 3 0.13647617938387846 0.0 64.3986264
true 0.0003374208471339929 2481 6 4 1.58 4 0.13647617938387846 0.0 40.9110994
true 0.028635988841695093 146 6 5 1.58 1 0.13647617938387846 0.0 0.9433459
true 0.00065434976880554 1609 6 5 1.58 2 0.13647617938387846 0.0 15.2165053
true 0.006171007039083543 6414 6 5 1.58 3 0.13647617938387846 0.0 81.2913554
true 0.0009703329955412232 2103 6 5 1.58 4 0.13647617938387846 0.0 36.1112745
true 0.18170726677270443 185 6 6 1.58 1 0.13647617938387846 0.0 1.2037334
true 0.0005790856216233153 874 6 6 1.58 2 0.13647617938387846 0.0 8.5148113
true 0.0044393588218002615 4868 6 6 1.58 3 0.13647617938387846 0.0 63.6061963
true 0.00013990390129073327 7063 6 6 1.58 4 0.13647617938387846 0.0 112.3936105
true 0.02999090165756213 100 6 1 1.59 1 0.13487535376348045 0.0 0.6852078
true 0.0008370513220540277 554 6 1 1.59 2 0.13487535376348045 0.0 5.2682453
true 0.00031684301611373256 830 6 1 1.59 3 0.13487535376348045 0.0 11.3663315
true 0.0005404095442814727 3241 6 1 1.59 4 0.13487535376348045 0.0 51.3500622
true 0.02972274524144375 126 6 2 1.59 1 0.13487535376348045 0.0 0.7965782
true 0.0007705549572762094 1040 6 2 1.59 2 0.13487535376348045 0.0 9.9128073
true 0.0007334081316020535 1290 6 2 1.59 3 0.13487535376348045 0.0 17.6687029
true 0.0038798459135459817 5873 6 2 1.59 4 0.13487535376348045 0.0 91.9296642
true 0.029633422125398545 96 6 3 1.59 1 0.13487535376348045 0.0 0.6717222
true 0.0007816229654515708 1531 6 3 1.59 2 0.13487535376348045 0.0 14.0303467
true 0.0010554796237216928 4189 6 3 1.59 3 0.13487535376348045 0.0 53.0409338
true 0.0005599510909730469 3118 6 3 1.59 4 0.13487535376348045 0.0 50.4717328
true 0.02875472244183351 253 6 4 1.59 1 0.13487535376348045 0.0 1.5709083
true 0.0006318614037368886 2818 6 4 1.59 2 0.13487535376348045 0.0 26.8125219
true 0.00010799448800934142 3112 6 4 1.59 3 0.13487535376348045 0.0 41.4882237
true 9.391479482918907e-5 3741 6 4 1.59 4 0.13487535376348045 0.0 60.3715959
true 0.02822710243692217 159 6 5 1.59 1 0.13487535376348045 0.0 0.9946821
true 0.0006352097114106891 1560 6 5 1.59 2 0.13487535376348045 0.0 14.717252
true 0.00013136136308417035 3791 6 5 1.59 3 0.13487535376348045 0.0 47.0140224
true 0.0005179349467467787 4562 6 5 1.59 4 0.13487535376348045 0.0 72.3357795
true 0.1803712165969925 153 6 6 1.59 1 0.13487535376348045 0.0 1.020695
true 0.0005598143803310548 3162 6 6 1.59 2 0.13487535376348045 0.0 29.9740127
true 0.011085203968401939 2477 6 6 1.59 3 0.13487535376348045 0.0 33.549395
true 0.00018871194031261362 4046 6 6 1.59 4 0.13487535376348045 0.0 65.2379824
true 0.02954162594936255 119 6 1 1.6 1 0.1333049593821452 0.0 0.7307604
true 0.0008137562258602737 824 6 1 1.6 2 0.1333049593821452 0.0 7.8091177
true 7.225926630893831e-5 2780 6 1 1.6 3 0.1333049593821452 0.0 34.8001973
true 0.00021039785665416533 3873 6 1 1.6 4 0.1333049593821452 0.0 60.7696114
true 0.029283119637508098 144 6 2 1.6 1 0.1333049593821452 0.0 0.91192
true 0.0007502464447860513 1487 6 2 1.6 2 0.1333049593821452 0.0 13.93599
true 0.0279199769184795 948 6 2 1.6 3 0.1333049593821452 0.0 12.9504142
true 5.2103378323592464e-5 10170 6 2 1.6 4 0.1333049593821452 0.0 156.8034952
true 0.029196898323731273 103 6 3 1.6 1 0.1333049593821452 0.0 0.7102975
true 0.0007602348962142957 759 6 3 1.6 2 0.1333049593821452 0.0 7.0126091
true 0.028104502519715396 1841 6 3 1.6 3 0.1333049593821452 0.0 23.9118617
true 0.0007633276194919381 6410 6 3 1.6 4 0.1333049593821452 0.0 102.9433852
true 0.02834075799778843 122 6 4 1.6 1 0.1333049593821452 0.0 0.8342937
true 0.0006129241067347746 826 6 4 1.6 2 0.1333049593821452 0.0 7.557832
true 0.0006754755855713362 3761 6 4 1.6 3 0.1333049593821452 0.0 48.6953742
true 0.00034401196444951154 2204 6 4 1.6 4 0.1333049593821452 0.0 36.5024812
true 0.02782679642631942 170 6 5 1.6 1 0.1333049593821452 0.0 1.0671809
true 0.0006314345863674631 1157 6 5 1.6 2 0.1333049593821452 0.0 10.6154516
true 0.0007492685717770953 539 6 5 1.6 3 0.1333049593821452 0.0 8.6045853
true 0.0007501615010550467 3278 6 5 1.6 4 0.1333049593821452 0.0 54.4385758
true 0.18018163065454998 128 6 6 1.6 1 0.1333049593821452 0.0 0.8610952
true 0.0005420603757690656 2116 6 6 1.6 2 0.1333049593821452 0.0 19.6868094
true 0.1667712217373902 878 6 6 1.6 3 0.1333049593821452 0.0 12.8227872
true 0.0005662882875144363 6713 6 6 1.6 4 0.1333049593821452 0.0 107.5189392
true 0.02910287665954142 90 6 1 1.61 1 0.13176420621645163 0.0 0.5828244
true 0.0007915324295616477 1188 6 1 1.61 2 0.13176420621645163 0.0 11.694107
true 1.1080350779790749e-5 2619 6 1 1.61 3 0.13176420621645163 0.0 32.4376556
true 0.0005553470430574858 1374 6 1 1.61 4 0.13176420621645163 0.0 24.1350872
true 0.028853221204655638 97 6 2 1.61 1 0.13176420621645163 0.0 0.6351497
true 0.0007297645352318527 948 6 2 1.61 2 0.13176420621645163 0.0 9.000126
true 0.02708752971709702 3365 6 2 1.61 3 0.13176420621645163 0.0 44.9693906
true 0.0004720360230434095 4410 6 2 1.61 4 0.13176420621645163 0.0 71.5433015
true 0.3430344490464734 136 6 3 1.61 1 0.13176420621645163 0.0 0.9198804
true 0.0007397055584058565 1963 6 3 1.61 2 0.13176420621645163 0.0 19.0815469
true 0.00035063148643249553 3255 6 3 1.61 3 0.13176420621645163 0.0 39.9199808
true 0.0002303733673225672 8668 6 3 1.61 4 0.13176420621645163 0.0 136.1359607
true 0.02793609596653973 169 6 4 1.61 1 0.13176420621645163 0.0 0.9906446
true 0.021297991359454094 926 6 4 1.61 2 0.13176420621645163 0.0 8.76198
true 0.0004024029397053791 6922 6 4 1.61 3 0.13176420621645163 0.0 86.2609811
true 0.0005723772647674291 5467 6 4 1.61 4 0.13176420621645163 0.0 86.0572882
true 0.027436114255269727 157 6 5 1.61 1 0.13176420621645163 0.0 1.0149016
true 0.0006041849137104482 1124 6 5 1.61 2 0.13176420621645163 0.0 10.1361043
true 0.0004234970585704545 4452 6 5 1.61 3 0.13176420621645163 0.0 57.4473914
true 0.0011301669072904309 2893 6 5 1.61 4 0.13176420621645163 0.0 47.2962507
true 0.1798299460691053 170 6 6 1.61 1 0.13176420621645163 0.0 1.1472928
true 0.0005349736352185386 1791 6 6 1.61 2 0.13176420621645163 0.0 17.1251807
true 0.018529727837817228 1368 6 6 1.61 3 0.13176420621645163 0.0 18.6274865
true 0.0003807210517306481 5622 6 6 1.61 4 0.13176420621645163 0.0 92.2862538
true 0.02867425450115413 153 6 1 1.62 1 0.1302523292320997 0.0 0.871259
true 0.0007709374206102404 1364 6 1 1.62 2 0.1302523292320997 0.0 13.2921956
true 0.0002070692523593043 1867 6 1 1.62 3 0.1302523292320997 0.0 23.706361
true 0.0006718721890386914 2608 6 1 1.62 4 0.1302523292320997 0.0 44.4154043
true 0.028433022684614867 118 6 2 1.62 1 0.1302523292320997 0.0 0.7849161
true 0.0007109045667917369 1799 6 2 1.62 2 0.1302523292320997 0.0 16.4466699
true 7.271678055853492e-5 2231 6 2 1.62 3 0.1302523292320997 0.0 28.7180807
true 0.0003731904017409693 5697 6 2 1.62 4 0.1302523292320997 0.0 92.212002
true 0.02835252603821457 173 6 3 1.62 1 0.1302523292320997 0.0 1.0551586
true 0.0007201250245613874 1028 6 3 1.62 2 0.1302523292320997 0.0 9.5075079
true 0.00016497430683781733 2336 6 3 1.62 3 0.1302523292320997 0.0 28.7051023
true 9.655809788812937e-5 3518 6 3 1.62 4 0.1302523292320997 0.0 56.2520688
true 0.2632032083206046 140 6 4 1.62 1 0.1302523292320997 0.0 0.8921451
true 0.0005843512485566443 984 6 4 1.62 2 0.1302523292320997 0.0 9.279909
true 0.013483523042293388 3408 6 4 1.62 3 0.1302523292320997 0.0 42.7649405
true 0.0001523116769995697 2675 6 4 1.62 4 0.1302523292320997 0.0 44.9116531
true 0.2170123870232068 109 6 5 1.62 1 0.1302523292320997 0.0 0.7621499
true 0.0005895625417974947 1308 6 5 1.62 2 0.1302523292320997 0.0 12.3879981
true 0.00011361738484010342 4998 6 5 1.62 3 0.1302523292320997 0.0 62.7289709
true 0.00017993199985726348 9050 6 5 1.62 4 0.1302523292320997 0.0 143.7693208
true 0.18084337643358317 164 6 6 1.62 1 0.1302523292320997 0.0 1.0560197
true 0.0005225328497180012 1595 6 6 1.62 2 0.1302523292320997 0.0 14.950515
true 0.00013312170820733993 4293 6 6 1.62 3 0.1302523292320997 0.0 54.8315826
true 0.0004910166636773831 5659 6 6 1.62 4 0.1302523292320997 0.0 92.7463523
true 0.02825537074413953 113 6 1 1.63 1 0.1287685875130133 0.0 0.6960711
true 0.0007492620193824129 601 6 1 1.63 2 0.1287685875130133 0.0 5.5077443
true 0.0002095619868346943 2663 6 1 1.63 3 0.1287685875130133 0.0 33.7934376
true 7.231584795314161e-5 3381 6 1 1.63 4 0.1287685875130133 0.0 52.6586105
true 0.02802333108693078 161 6 2 1.63 1 0.1287685875130133 0.0 1.0237691
true 0.0006922573502409213 1501 6 2 1.63 2 0.1287685875130133 0.0 13.7475998
true 0.00010583201268432596 1620 6 2 1.63 3 0.1287685875130133 0.0 21.9653483
true 0.00031066092051898475 6991 6 2 1.63 4 0.1287685875130133 0.0 108.6451727
true 0.3427520274448497 94 6 3 1.63 1 0.1287685875130133 0.0 0.6406055
true 0.000700892593630024 821 6 3 1.63 2 0.1287685875130133 0.0 7.7189616
true 0.0001394015183912393 1439 6 3 1.63 3 0.1287685875130133 0.0 18.7179283
true 0.0009459841737453067 11358 6 3 1.63 4 0.1287685875130133 0.0 178.3633441
true 0.2632587422055253 147 6 4 1.63 1 0.1287685875130133 0.0 0.9744394
true 0.0005687625989941464 1328 6 4 1.63 2 0.1287685875130133 0.0 12.6369227
true 0.0005705579607631767 2209 6 4 1.63 3 0.1287685875130133 0.0 27.302484
true 0.0006524676771561405 5884 6 4 1.63 4 0.1287685875130133 0.0 92.7372764
true 0.026678351276012147 131 6 5 1.63 1 0.1287685875130133 0.0 0.881432
true 0.0005653428461923182 357 6 5 1.63 2 0.1287685875130133 0.0 4.1104188
true 0.011114749098094335 3140 6 5 1.63 3 0.1287685875130133 0.0 40.8576799
true 0.0005681625250195665 4686 6 5 1.63 4 0.1287685875130133 0.0 75.3732069
true 0.18063957852880427 232 6 6 1.63 1 0.1287685875130133 0.0 1.4084865
true 0.16693505473191858 1178 6 6 1.63 2 0.1287685875130133 0.0 11.2057622
true 0.00021259960644777012 3537 6 6 1.63 3 0.1287685875130133 0.0 46.1063419
true 0.00023011386955645863 5536 6 6 1.63 4 0.1287685875130133 0.0 87.5803808
true 0.027847002759252615 89 6 1 1.64 1 0.12731226341949994 0.0 0.5819586
true 0.0007289906407357272 653 6 1 1.64 2 0.12731226341949994 0.0 6.2382349
true 0.0008903218484148101 1238 6 1 1.64 3 0.12731226341949994 0.0 16.1225446
true 0.00030913343642607893 6298 6 1 1.64 4 0.12731226341949994 0.0 99.8675419
true 0.02762080453634866 193 6 2 1.64 1 0.12731226341949994 0.0 1.1298246
true 0.026087711179778372 633 6 2 1.64 2 0.12731226341949994 0.0 6.0251743
true 0.00040194953223474106 2576 6 2 1.64 3 0.12731226341949994 0.0 31.6669497
true 0.0008915105518115529 5263 6 2 1.64 4 0.12731226341949994 0.0 81.5241436
true 0.027546027856353978 107 6 3 1.64 1 0.12731226341949994 0.0 0.7323016
true 0.0006824508973374462 1554 6 3 1.64 2 0.12731226341949994 0.0 14.6617824
true 0.0006032050035999492 2442 6 3 1.64 3 0.12731226341949994 0.0 31.8250022
true 0.0010196536406774093 6221 6 3 1.64 4 0.12731226341949994 0.0 97.1256952
true 0.026774710483723194 378 6 4 1.64 1 0.12731226341949994 0.0 2.3245786
true 0.0005518539258440452 1140 6 4 1.64 2 0.12731226341949994 0.0 10.5009608
true 0.00016555626059276685 3522 6 4 1.64 3 0.12731226341949994 0.0 44.0755599
true 0.00047443552078853257 4571 6 4 1.64 4 0.12731226341949994 0.0 73.1799692
true 0.026311815817459904 260 6 5 1.64 1 0.12731226341949994 0.0 1.6725899
true 0.000563125654336094 1689 6 5 1.64 2 0.12731226341949994 0.0 15.4507284
true 0.00012892063242536667 2621 6 5 1.64 3 0.12731226341949994 0.0 33.9142224
true 0.00016718917533720123 10267 6 5 1.64 4 0.12731226341949994 0.0 162.5928186
true 0.02192700023747407 202 6 6 1.64 1 0.12731226341949994 0.0 1.2701303
true 0.005658195946505583 902 6 6 1.64 2 0.12731226341949994 0.0 9.1477651
true 0.013140670750872913 1724 6 6 1.64 3 0.12731226341949994 0.0 24.1422609
true 0.0006313889347707898 7430 6 6 1.64 4 0.12731226341949994 0.0 117.9834724
true 0.027445984124354728 104 6 1 1.65 1 0.125882661774852 0.0 0.6752137
true 0.0007112323733224901 942 6 1 1.65 2 0.125882661774852 0.0 8.8151749
true 0.026851536624904804 1158 6 1 1.65 3 0.125882661774852 0.0 16.645957
true 0.0006571838612278169 3964 6 1 1.65 4 0.125882661774852 0.0 62.3171544
true 0.027228493205868898 130 6 2 1.65 1 0.125882661774852 0.0 0.7976282
true 0.025794108537230576 537 6 2 1.65 2 0.125882661774852 0.0 5.1355157
true 8.533840051355712e-5 998 6 2 1.65 3 0.125882661774852 0.0 13.3284172
true 0.00031467356396880364 2528 6 2 1.65 4 0.125882661774852 0.0 40.3878614
true 0.027155948683621516 111 6 3 1.65 1 0.125882661774852 0.0 0.7191249
true 0.017300188590607928 289 6 3 1.65 2 0.125882661774852 0.0 3.3399161
true 7.03672337637647e-5 2970 6 3 1.65 3 0.125882661774852 0.0 37.6153119
true 0.00041017252974982304 4523 6 3 1.65 4 0.125882661774852 0.0 69.7693247
true 0.026403998566984263 126 6 4 1.65 1 0.125882661774852 0.0 0.887678
true 0.0005431476913911187 1507 6 4 1.65 2 0.125882661774852 0.0 13.5903317
true 0.0001553655657696995 1186 6 4 1.65 3 0.125882661774852 0.0 15.634706
true 0.0003628153653788685 4524 6 4 1.65 4 0.125882661774852 0.0 70.2180487
true 0.025952953310482786 167 6 5 1.65 1 0.125882661774852 0.0 1.1003231
true 0.0005462733645892004 996 6 5 1.65 2 0.125882661774852 0.0 9.3489252
true 0.021008072919264587 1179 6 5 1.65 3 0.125882661774852 0.0 16.3669868
true 0.0002198812456524535 6979 6 5 1.65 4 0.125882661774852 0.0 109.1707935
true 0.02162744002332126 173 6 6 1.65 1 0.125882661774852 0.0 1.1051878
true 0.0004738170797903655 1930 6 6 1.65 2 0.125882661774852 0.0 17.4952066
true 0.00018792002183796544 3648 6 6 1.65 3 0.125882661774852 0.0 44.6992767
true 0.0007312119056359645 1543 6 6 1.65 4 0.125882661774852 0.0 29.34788
true 0.027054477562397927 103 6 1 1.66 1 0.12447910907986316 0.0 0.6769143
true 0.0006911680495868544 666 6 1 1.66 2 0.12447910907986316 0.0 6.2094801
true 0.0006899464385176635 1523 6 1 1.66 3 0.12447910907986316 0.0 19.4109915
true 0.0005711501078799475 2825 6 1 1.66 4 0.12447910907986316 0.0 46.7280856
true 0.02684415737656412 119 6 2 1.66 1 0.12447910907986316 0.0 0.7854148
true 0.0006392547399747261 1266 6 2 1.66 2 0.12447910907986316 0.0 11.3673622
true 0.0008800542695142355 1248 6 2 1.66 3 0.12447910907986316 0.0 17.7171878
true 0.00011512907285504692 3828 6 2 1.66 4 0.12447910907986316 0.0 59.9931029
true 0.026774188675615707 167 6 3 1.66 1 0.12447910907986316 0.0 1.0250479
true 0.0006469752769958648 496 6 3 1.66 2 0.12447910907986316 0.0 4.9249572
true 0.00038078394157488776 1690 6 3 1.66 3 0.12447910907986316 0.0 21.2956698
true 0.0006852499092583897 6678 6 3 1.66 4 0.12447910907986316 0.0 104.3472709
true 0.02604120664575796 170 6 4 1.66 1 0.12447910907986316 0.0 0.9938979
true 0.0005308329055796202 1030 6 4 1.66 2 0.12447910907986316 0.0 9.3644435
true 0.0197647453186683 871 6 4 1.66 3 0.12447910907986316 0.0 12.6114102
true 0.0002378348679399761 3155 6 4 1.66 4 0.12447910907986316 0.0 52.1637153
true 0.02560173684607415 103 6 5 1.66 1 0.12447910907986316 0.0 0.7192864
true 0.0005301287512529563 1185 6 5 1.66 2 0.12447910907986316 0.0 11.113781
true 0.0008227134385573875 2995 6 5 1.66 3 0.12447910907986316 0.0 37.5467924
true 0.0005046854129779788 4474 6 5 1.66 4 0.12447910907986316 0.0 69.9773349
true 0.021334927648789997 266 6 6 1.66 1 0.12447910907986316 0.0 1.7167772
true 0.0004652669181321271 2207 6 6 1.66 2 0.12447910907986316 0.0 20.650173
true 0.00027455611553193576 5027 6 6 1.66 3 0.12447910907986316 0.0 64.8026714
true 0.0005521230202457927 3753 6 6 1.66 4 0.12447910907986316 0.0 60.302436
true 0.026671839948811615 121 6 1 1.67 1 0.12310095275454412 0.0 0.7277804
true 0.000672529583644943 1247 6 1 1.67 2 0.12310095275454412 0.0 11.4457544
true 0.00012091033947714269 2437 6 1 1.67 3 0.12310095275454412 0.0 30.2279138
true 7.305358526160655e-5 3164 6 1 1.67 4 0.12310095275454412 0.0 51.3689456
true 0.02646875128438722 113 6 2 1.67 1 0.12310095275454412 0.0 0.7265026
true 0.0006233199302445591 2492 6 2 1.67 2 0.12310095275454412 0.0 22.8218093
true 0.0002133844808775709 1949 6 2 1.67 3 0.12310095275454412 0.0 26.8443293
true 5.1334064731983764e-5 3925 6 2 1.67 4 0.12310095275454412 0.0 61.9405485
true 0.0264011354883306 147 6 3 1.67 1 0.12310095275454412 0.0 0.9304733
true 0.0006306542587979913 1286 6 3 1.67 2 0.12310095275454412 0.0 11.8381393
true 0.00014609558555707855 2960 6 3 1.67 3 0.12310095275454412 0.0 36.9769924
true 0.0002720980426980842 5784 6 3 1.67 4 0.12310095275454412 0.0 91.3041604
true 0.02568639174317852 276 6 4 1.67 1 0.12310095275454412 0.0 1.6547301
true 0.01960922169453186 793 6 4 1.67 2 0.12310095275454412 0.0 7.9302099
true 0.0002569994653062735 5324 6 4 1.67 3 0.12310095275454412 0.0 67.2804669
true 0.011990329194505933 2404 6 4 1.67 4 0.12310095275454412 0.0 39.5268558
true 0.02525771547855594 135 6 5 1.67 1 0.12310095275454412 0.0 0.8668773
true 0.0005250800763268226 1421 6 5 1.67 2 0.12310095275454412 0.0 13.4581765
true 0.0007263080961025347 3521 6 5 1.67 3 0.12310095275454412 0.0 45.7987296
true 0.00043649245287344927 8697 6 5 1.67 4 0.12310095275454412 0.0 136.8714728
true 0.02104829333690349 205 6 6 1.67 1 0.12310095275454412 0.0 1.3309178
true 0.0004531312080195878 2087 6 6 1.67 2 0.12310095275454412 0.0 19.6032874
true 0.0001306079563217303 8114 6 6 1.67 3 0.12310095275454412 0.0 105.6036436
true 0.0003944536050944451 6719 6 6 1.67 4 0.12310095275454412 0.0 107.0853333
true 0.02629771248646884 134 6 1 1.68 1 0.12174756040643517 0.0 0.7834809
true 0.0006550042969961645 773 6 1 1.68 2 0.12174756040643517 0.0 7.1194309
true 0.00011360834111190377 3307 6 1 1.68 3 0.12174756040643517 0.0 43.0905969
true 0.0002521333946270965 4897 6 1 1.68 4 0.12174756040643517 0.0 77.4126799
true 0.02610103412093509 107 6 2 1.68 1 0.12174756040643517 0.0 0.6822821
true 0.0006070274796574071 587 6 2 1.68 2 0.12174756040643517 0.0 5.7815623
true 4.7600431338640226e-5 2685 6 2 1.68 3 0.12174756040643517 0.0 33.9618759
true 0.00037770237081544145 2587 6 2 1.68 4 0.12174756040643517 0.0 43.3509499
true 0.02603546524678176 126 6 3 1.68 1 0.12174756040643517 0.0 0.8085365
true 0.01634472216470371 372 6 3 1.68 2 0.12174756040643517 0.0 4.1897544
true 0.0008868537732214706 1886 6 3 1.68 3 0.12174756040643517 0.0 24.3515175
true 0.0009007949106620653 3420 6 3 1.68 4 0.12174756040643517 0.0 54.9531308
true 0.02533948777594995 189 6 4 1.68 1 0.12174756040643517 0.0 1.1183128
true 0.0004982084013599175 1673 6 4 1.68 2 0.12174756040643517 0.0 15.2747086
true 0.00017526873849331437 4772 6 4 1.68 3 0.12174756040643517 0.0 61.2919611
true 0.00027144177931870406 7662 6 4 1.68 4 0.12174756040643517 0.0 122.3521314
true 0.024921272642592494 264 6 5 1.68 1 0.12174756040643517 0.0 1.7001547
true 0.0005094492590168254 1419 6 5 1.68 2 0.12174756040643517 0.0 13.0130926
true 0.0002419002989291541 1699 6 5 1.68 3 0.12174756040643517 0.0 22.0436902
true 0.00041515160782167325 4188 6 5 1.68 4 0.12174756040643517 0.0 67.0893721
true 0.3367009181526838 114 6 6 1.68 1 0.12174756040643517 0.0 0.7904218
true 0.0004444117621413372 1647 6 6 1.68 2 0.12174756040643517 0.0 15.0796086
true 0.00865575879275754 4582 6 6 1.68 3 0.12174756040643517 0.0 58.1714947
true 0.0002522705363352899 6327 6 6 1.68 4 0.12174756040643517 0.0 100.1137579
true 0.025931213324402902 102 6 1 1.69 1 0.12041831912479119 0.0 0.6411477
true 0.0006385368802626634 466 6 1 1.69 2 0.12041831912479119 0.0 4.7434505
true 2.3457240972302174e-5 2148 6 1 1.69 3 0.12041831912479119 0.0 27.1456397
true 0.0008515985192278919 1579 6 1 1.69 4 0.12041831912479119 0.0 27.1540198
true 0.025741430637414908 148 6 2 1.69 1 0.12041831912479119 0.0 0.8898393
true 0.0005914086742449531 508 6 2 1.69 2 0.12041831912479119 0.0 5.2242641
true 0.0008006737535920239 1330 6 2 1.69 3 0.12041831912479119 0.0 17.2668389
true 4.741287626974788e-5 9541 6 2 1.69 4 0.12041831912479119 0.0 151.8341027
true 0.025678039869473424 126 6 3 1.69 1 0.12041831912479119 0.0 0.7891251
true 0.0006200048475509442 557 6 3 1.69 2 0.12041831912479119 0.0 5.8308111
true 8.077479207137712e-5 5278 6 3 1.69 3 0.12041831912479119 0.0 67.6921923
true 0.0005540569826221198 3514 6 3 1.69 4 0.12041831912479119 0.0 55.3778058
true 0.024998819531426533 124 6 4 1.69 1 0.12041831912479119 0.0 0.8260751
true 0.0004950653893415341 1123 6 4 1.69 2 0.12041831912479119 0.0 10.0018822
true 0.00010760935390095872 5543 6 4 1.69 3 0.12041831912479119 0.0 69.5339287
true 0.0004937121779212683 4839 6 4 1.69 4 0.12041831912479119 0.0 77.7594504
true 0.02459071975530357 161 6 5 1.69 1 0.12041831912479119 0.0 1.0399033
true 0.0004929807744877724 1749 6 5 1.69 2 0.12041831912479119 0.0 16.2463516
true 0.014772993507132659 1428 6 5 1.69 3 0.12041831912479119 0.0 18.9887209
true 0.0006354781471093251 4487 6 5 1.69 4 0.12041831912479119 0.0 72.6526557
true 0.33765614015384376 159 6 6 1.69 1 0.12041831912479119 0.0 1.0588718
true 0.16692892147706187 2264 6 6 1.69 2 0.12041831912479119 0.0 20.9824858
true 8.710709018361351e-5 3644 6 6 1.69 3 0.12041831912479119 0.0 47.845859
true 0.0004911089627580301 8629 6 6 1.69 4 0.12041831912479119 0.0 137.3846671
true 0.025572852286169567 124 6 1 1.7 1 0.11911263479990587 0.0 0.7496936
true 0.0006211550981553016 1507 6 1 1.7 2 0.11911263479990587 0.0 14.0142863
true 0.00016471477749402386 3833 6 1 1.7 3 0.11911263479990587 0.0 47.9853461
true 7.68978570548362e-5 3311 6 1 1.7 4 0.11911263479990587 0.0 52.1031791
true 0.025389257485972094 132 6 2 1.7 1 0.11911263479990587 0.0 0.804019
true 0.0005772691252270978 596 6 2 1.7 2 0.11911263479990587 0.0 5.5513304
true 0.0006118781562000075 1216 6 2 1.7 3 0.11911263479990587 0.0 16.3656906
true 0.0007622033064216549 2870 6 2 1.7 4 0.11911263479990587 0.0 46.7004644
true 0.025327914596512163 115 6 3 1.7 1 0.11911263479990587 0.0 0.7525227
true 0.0005833691392370296 489 6 3 1.7 2 0.11911263479990587 0.0 4.8036903
true 0.024489673628231252 749 6 3 1.7 3 0.11911263479990587 0.0 10.8543321
true 0.0003295241688498485 3756 6 3 1.7 4 0.11911263479990587 0.0 59.8313825
true 0.024665640042789067 132 6 4 1.7 1 0.11911263479990587 0.0 0.8310644
true 0.0004746561607041483 1161 6 4 1.7 2 0.11911263479990587 0.0 10.8582667
true 0.0006700204432834728 2963 6 4 1.7 3 0.11911263479990587 0.0 36.377662
true 0.0007223523676162247 4115 6 4 1.7 4 0.11911263479990587 0.0 65.2191292
true 0.21519735772511214 161 6 5 1.7 1 0.11911263479990587 0.0 1.0225482
true 0.0004797289960668527 1682 6 5 1.7 2 0.11911263479990587 0.0 15.3012399
true 7.972013922906696e-5 5391 6 5 1.7 3 0.11911263479990587 0.0 68.1194508
true 0.0010766415567603827 5467 6 5 1.7 4 0.11911263479990587 0.0 87.9429124
true 0.020223183130455097 283 6 6 1.7 1 0.11911263479990587 0.0 1.8300844
true 0.0014860305096018507 1462 6 6 1.7 2 0.11911263479990587 0.0 13.8821857
true 0.00035277602601952823 5412 6 6 1.7 3 0.11911263479990587 0.0 68.510752
true 0.000384880875247499 6633 6 6 1.7 4 0.11911263479990587 0.0 107.8974151
true 0.025222301290527716 117 6 1 1.71 1 0.11782993146688864 0.0 0.7272608
true 0.0006051532296162399 736 6 1 1.71 2 0.11782993146688864 0.0 6.868533
true 0.00011851916453059497 3122 6 1 1.71 3 0.11782993146688864 0.0 37.7412313
true 0.0001638288287502121 2870 6 1 1.71 4 0.11782993146688864 0.0 46.3591263
true 0.02504447224455894 168 6 2 1.71 1 0.11782993146688864 0.0 1.0119254
true 0.04422446522542617 442 6 2 1.71 2 0.11782993146688864 0.0 4.607372
true 0.0003021114070491382 4347 6 2 1.71 3 0.11782993146688864 0.0 54.8232652
true 0.0004387838943972211 3746 6 2 1.71 4 0.11782993146688864 0.0 58.3293669
true 0.02498550990365156 122 6 3 1.71 1 0.11782993146688864 0.0 0.758151
true 0.0005698960584117526 1059 6 3 1.71 2 0.11782993146688864 0.0 9.7470157
true 0.0008136250825009905 518 6 3 1.71 3 0.11782993146688864 0.0 8.1604357
true 0.00040740195801488205 5080 6 3 1.71 4 0.11782993146688864 0.0 81.6726919
true 0.024339474046275344 143 6 4 1.71 1 0.11782993146688864 0.0 0.929657
true 0.0004655419988500026 2094 6 4 1.71 2 0.11782993146688864 0.0 19.5518054
true 0.0010044851545993605 2625 6 4 1.71 3 0.11782993146688864 0.0 32.6794784
true 0.0008036564151958497 4805 6 4 1.71 4 0.11782993146688864 0.0 76.739872
true 0.21386178633002645 138 6 5 1.71 1 0.11782993146688864 0.0 0.915018
true 0.00046700581329046643 1380 6 5 1.71 2 0.11782993146688864 0.0 12.6746416
true 0.00025533750995532234 4378 6 5 1.71 3 0.11782993146688864 0.0 55.0420851
true 0.00045441892702101637 4253 6 5 1.71 4 0.11782993146688864 0.0 69.1815685
true 0.019958893114778997 213 6 6 1.71 1 0.11782993146688864 0.0 1.4302502
true 0.0024502060702526565 1207 6 6 1.71 2 0.11782993146688864 0.0 12.1830997
true 0.00029606233080915295 1481 6 6 1.71 3 0.11782993146688864 0.0 19.3196453
true 0.0004390486354033755 4750 6 6 1.71 4 0.11782993146688864 0.0 76.239776
true 0.02487895977854354 123 6 1 1.72 1 0.11656965067313527 0.0 0.7407421
true 0.0005897658062255506 494 6 1 1.72 2 0.11656965067313527 0.0 4.7365622
true 0.024420320652839722 918 6 1 1.72 3 0.11656965067313527 0.0 13.434691
true 0.0004730366965643995 3568 6 1 1.72 4 0.11656965067313527 0.0 56.015402
true 0.024707032715009375 125 6 2 1.72 1 0.11656965067313527 0.0 0.8079991
true 0.023195913221181114 1192 6 2 1.72 2 0.11656965067313527 0.0 11.2415417
true 8.133322160350231e-5 1261 6 2 1.72 3 0.11656965067313527 0.0 17.6930857
true 7.87126668871374e-5 4928 6 2 1.72 4 0.11656965067313527 0.0 76.7981207
true 0.0246499611928091 120 6 3 1.72 1 0.11656965067313527 0.0 0.8107152
true 0.0005544298929230548 789 6 3 1.72 2 0.11656965067313527 0.0 7.7411548
true 0.0008667331877376117 737 6 3 1.72 3 0.11656965067313527 0.0 10.8885363
true 0.00047678070951682566 6319 6 3 1.72 4 0.11656965067313527 0.0 99.9015076
true 0.024019077591490842 115 6 4 1.72 1 0.11656965067313527 0.0 0.7656352
true 0.00045806514389648556 1584 6 4 1.72 2 0.11656965067313527 0.0 14.1795809
true 0.0001274761851894901 1936 6 4 1.72 3 0.11656965067313527 0.0 25.1880523
true 0.0002134228324761761 5079 6 4 1.72 4 0.11656965067313527 0.0 86.0578467
true 0.21368879236228996 251 6 5 1.72 1 0.11656965067313527 0.0 1.6053131
true 0.0004542096288717934 1533 6 5 1.72 2 0.11656965067313527 0.0 13.9783605
true 0.00031656801250493636 5619 6 5 1.72 3 0.11656965067313527 0.0 72.7893998
true 0.0005249927500216023 4676 6 5 1.72 4 0.11656965067313527 0.0 74.7438391
true 0.01970025717005991 218 6 6 1.72 1 0.11656965067313527 0.0 1.3967842
true 0.000411558567845786 3806 6 6 1.72 2 0.11656965067313527 0.0 35.299721
true 0.0004950030176298729 2896 6 6 1.72 3 0.11656965067313527 0.0 35.927227
true 0.02143169559217789 5182 6 6 1.72 4 0.11656965067313527 0.0 81.6815018
true 0.024543149462627534 99 6 1 1.73 1 0.11533125086878497 0.0 0.6533303
true 0.000575914400678279 647 6 1 1.73 2 0.11533125086878497 0.0 6.1808338
true 4.442872638182882e-5 1564 6 1 1.73 3 0.11533125086878497 0.0 20.0089547
true 0.00010675320866726512 2301 6 1 1.73 4 0.11533125086878497 0.0 40.2825208
true 0.024376706979562485 112 6 2 1.73 1 0.11533125086878497 0.0 0.7623341
true 0.02306993524412601 746 6 2 1.73 2 0.11533125086878497 0.0 7.4210794
true 0.00012201309561171714 3432 6 2 1.73 3 0.11533125086878497 0.0 44.5194105
true 0.00020251161165116272 4889 6 2 1.73 4 0.11533125086878497 0.0 78.2164555
true 0.024321776922523557 156 6 3 1.73 1 0.11533125086878497 0.0 0.9659945
true 0.042661730111432504 259 6 3 1.73 2 0.11533125086878497 0.0 3.1615246
true 0.023557586082127397 1525 6 3 1.73 3 0.11533125086878497 0.0 20.2890021
true 0.00037080407363935625 6575 6 3 1.73 4 0.11533125086878497 0.0 103.4319521
true 0.023706182601281045 142 6 4 1.73 1 0.11533125086878497 0.0 0.9198519
true 0.00043707643973234234 2712 6 4 1.73 2 0.11533125086878497 0.0 24.7704105
true 0.01721125432616688 2039 6 4 1.73 3 0.11533125086878497 0.0 25.7000163
true 0.0001766151119341336 8054 6 4 1.73 4 0.11533125086878497 0.0 127.0124542
true 0.023335943745822006 155 6 5 1.73 1 0.11533125086878497 0.0 0.9565516
true 0.00045959518301944555 338 6 5 1.73 2 0.11533125086878497 0.0 3.7906512
true 0.026612744129938148 2257 6 5 1.73 3 0.11533125086878497 0.0 29.5012931
true 0.0004191350047713982 3207 6 5 1.73 4 0.11533125086878497 0.0 51.1081578
true 0.019446874782972273 173 6 6 1.73 1 0.11533125086878497 0.0 1.1577166
true 0.0003875348446850946 1123 6 6 1.73 2 0.11533125086878497 0.0 10.5447376
true 0.008033056999765678 5433 6 6 1.73 3 0.11533125086878497 0.0 68.7267362
true 0.0007374349896591229 3229 6 6 1.73 4 0.11533125086878497 0.0 52.8225399
true 0.024214677663085882 101 6 1 1.74 1 0.11411420681941019 0.0 0.6200188
true 0.0005603649380135911 718 6 1 1.74 2 0.11411420681941019 0.0 6.7510875
true 0.00014892993641707486 4589 6 1 1.74 3 0.11411420681941019 0.0 56.6737569
true 0.0003696423404574434 2880 6 1 1.74 4 0.11411420681941019 0.0 46.9074833
true 0.02405314504389469 112 6 2 1.74 1 0.11411420681941019 0.0 0.7924664
true 0.0005214705758463112 1336 6 2 1.74 2 0.11411420681941019 0.0 12.1434765
true 0.0004994502314503158 2437 6 2 1.74 3 0.11411420681941019 0.0 31.7764904
true 0.0003136531299273715 5174 6 2 1.74 4 0.11411420681941019 0.0 80.9784998
true 0.02399963324714303 106 6 3 1.74 1 0.11411420681941019 0.0 0.7355595
true 0.0005270225706289581 1915 6 3 1.74 2 0.11411420681941019 0.0 17.8861895
true 0.0002363539352055651 1192 6 3 1.74 3 0.11411420681941019 0.0 15.6790786
true 0.0027766830748875613 8715 6 3 1.74 4 0.11411420681941019 0.0 137.5723207
true 0.0233983638347679 157 6 4 1.74 1 0.11411420681941019 0.0 0.9367163
true 0.00043337656933221946 958 6 4 1.74 2 0.11411420681941019 0.0 8.968518
true 0.017532888149331988 1464 6 4 1.74 3 0.11411420681941019 0.0 20.0129165
true 0.00019659230740802502 5881 6 4 1.74 4 0.11411420681941019 0.0 94.7530783
true 0.02303842679299345 241 6 5 1.74 1 0.11411420681941019 0.0 1.5698046
true 0.00043620238100642303 2418 6 5 1.74 2 0.11411420681941019 0.0 23.0438462
true 6.22735116464157e-5 3540 6 5 1.74 3 0.11411420681941019 0.0 44.6282274
true 0.0006243594438344102 4117 6 5 1.74 4 0.11411420681941019 0.0 65.1885755
true 0.1777941748792989 189 6 6 1.74 1 0.11411420681941019 0.0 1.2332793
true 0.0003774144780941402 1343 6 6 1.74 2 0.11411420681941019 0.0 12.4566811
true 0.0039108879709681505 2869 6 6 1.74 3 0.11411420681941019 0.0 36.8289271
true 0.0005542010411131818 8243 6 6 1.74 4 0.11411420681941019 0.0 133.5093081
true 0.02389206836013552 140 6 1 1.75 1 0.11291800904022412 0.0 0.8441438
true 0.0005462810766425075 998 6 1 1.75 2 0.11291800904022412 0.0 9.1084722
true 0.000550056387718767 1878 6 1 1.75 3 0.11291800904022412 0.0 24.2531134
true 0.0007258557044663716 3983 6 1 1.75 4 0.11291800904022412 0.0 62.2410809
true 0.023736121718931913 125 6 2 1.75 1 0.11291800904022412 0.0 0.8574221
true 0.0005088575820016428 1387 6 2 1.75 2 0.11291800904022412 0.0 12.6656359
true 0.021399770259910272 974 6 2 1.75 3 0.11291800904022412 0.0 13.0889488
true 0.0003523773153245313 7362 6 2 1.75 4 0.11291800904022412 0.0 116.5779249
true 0.02368417486831383 156 6 3 1.75 1 0.11291800904022412 0.0 0.9518993
true 0.0005138831071472653 820 6 3 1.75 2 0.11291800904022412 0.0 7.7751783
true 0.0007779416376264373 3663 6 3 1.75 3 0.11291800904022412 0.0 46.0896063
true 0.0004148686232107364 2569 6 3 1.75 4 0.11291800904022412 0.0 42.7951119
true 0.02309766433316418 160 6 4 1.75 1 0.11291800904022412 0.0 0.9668978
true 0.25017353996862246 1003 6 4 1.75 2 0.11291800904022412 0.0 9.7800193
true 0.0002700639854161663 3009 6 4 1.75 3 0.11291800904022412 0.0 38.5424616
true 0.0003188526784156237 4171 6 4 1.75 4 0.11291800904022412 0.0 65.107841
true 0.4046543556167174 124 6 5 1.75 1 0.11291800904022412 0.0 0.8081575
true 0.0004244835215246878 1393 6 5 1.75 2 0.11291800904022412 0.0 12.6457992
true 6.857619264148962e-5 6802 6 5 1.75 3 0.11291800904022412 0.0 85.6545672
true 0.000256965692161748 4172 6 5 1.75 4 0.11291800904022412 0.0 67.4940392
true 0.01895559793409941 359 6 6 1.75 1 0.11291800904022412 0.0 2.2540585
true 0.000371102206619021 1932 6 6 1.75 2 0.11291800904022412 0.0 18.1140107
true 6.446895537249679e-5 2691 6 6 1.75 3 0.11291800904022412 0.0 35.3594927
true 0.0016806093966855822 3767 6 6 1.75 4 0.11291800904022412 0.0 61.9607384
true 0.02357649049770738 106 6 1 1.76 1 0.1117421632510926 0.0 0.6630095
true 0.000532885829479135 882 6 1 1.76 2 0.1117421632510926 0.0 8.0997637
true 0.0005416121712840116 1140 6 1 1.76 3 0.1117421632510926 0.0 15.134097
true 0.0005876730448315381 2730 6 1 1.76 4 0.1117421632510926 0.0 45.1140924
true 0.023425651697883743 116 6 2 1.76 1 0.1117421632510926 0.0 0.7368748
true 0.02232790630991996 988 6 2 1.76 2 0.1117421632510926 0.0 9.2839363
true 0.022504390646415268 620 6 2 1.76 3 0.1117421632510926 0.0 9.5465261
true 0.00014842011038204705 2383 6 2 1.76 4 0.1117421632510926 0.0 38.7494851
true 0.02337557459305815 106 6 3 1.76 1 0.1117421632510926 0.0 0.708688
true 0.0005022812132035962 897 6 3 1.76 2 0.1117421632510926 0.0 8.319226
true 0.0006707820722253547 1298 6 3 1.76 3 0.1117421632510926 0.0 17.9886673
true 0.0002834682275720442 4078 6 3 1.76 4 0.1117421632510926 0.0 63.8109438
true 0.022802851684896014 246 6 4 1.76 1 0.1117421632510926 0.0 1.5120536
true 0.00040900675942541487 1552 6 4 1.76 2 0.1117421632510926 0.0 13.7855817
true 0.0170496341168722 1529 6 4 1.76 3 0.1117421632510926 0.0 20.0970142
true 0.00045083718254335103 5292 6 4 1.76 4 0.1117421632510926 0.0 84.0370184
true 0.21402613783625793 105 6 5 1.76 1 0.1117421632510926 0.0 0.7387202
true 0.00042415557188711927 1621 6 5 1.76 2 0.1117421632510926 0.0 15.3240002
true 0.006045118468225108 2137 6 5 1.76 3 0.1117421632510926 0.0 27.3224281
true 0.0002880805582004875 6360 6 5 1.76 4 0.1117421632510926 0.0 100.8739948
true 0.01871606307105862 275 6 6 1.76 1 0.1117421632510926 0.0 1.7359378
true 0.0013772527455980603 571 6 6 1.76 2 0.1117421632510926 0.0 6.2510681
true 0.0038366632980863236 5530 6 6 1.76 3 0.1117421632510926 0.0 72.1737701
true 6.890222158807228e-5 5379 6 6 1.76 4 0.1117421632510926 0.0 86.7612254
true 0.023267657258348062 111 6 1 1.77 1 0.11058618985163844 0.0 0.7046818
true 0.0005209432174022033 480 6 1 1.77 2 0.11058618985163844 0.0 4.6654757
true 0.000494879668988979 1522 6 1 1.77 3 0.11058618985163844 0.0 19.1062198
true 0.0003990222881561367 5186 6 1 1.77 4 0.11058618985163844 0.0 84.4870015
true 0.023121182165824816 106 6 2 1.77 1 0.11058618985163844 0.0 0.6867651
true 0.0004846137705402376 953 6 2 1.77 2 0.11058618985163844 0.0 9.2683874
true 8.18599252819241e-5 2056 6 2 1.77 3 0.11058618985163844 0.0 26.4139006
true 0.0002769673605074463 2983 6 2 1.77 4 0.11058618985163844 0.0 47.3744581
true 0.3410903014093724 101 6 3 1.77 1 0.11058618985163844 0.0 0.665169
true 0.0004892306817210942 1607 6 3 1.77 2 0.11058618985163844 0.0 14.550494
true 0.000594784909391873 1983 6 3 1.77 3 0.11058618985163844 0.0 24.655677
true 0.0003398331594622143 4321 6 3 1.77 4 0.11058618985163844 0.0 69.1011124
true 0.2608796133476123 104 6 4 1.77 1 0.11058618985163844 0.0 0.7105489
true 0.000401477264105804 1219 6 4 1.77 2 0.11058618985163844 0.0 10.8711141
true 0.00013980981669538262 2258 6 4 1.77 3 0.11058618985163844 0.0 28.520676
true 0.0005821887920121893 6462 6 4 1.77 4 0.11058618985163844 0.0 102.138851
true 0.2138446647398607 117 6 5 1.77 1 0.11058618985163844 0.0 0.7945697
true 0.00041557362063008305 1423 6 5 1.77 2 0.11058618985163844 0.0 12.9018428
true 7.122229545286629e-5 5811 6 5 1.77 3 0.11058618985163844 0.0 73.8440776
true 0.0006194290143840097 5636 6 5 1.77 4 0.11058618985163844 0.0 89.8914703
true 0.01848169033656949 233 6 6 1.77 1 0.11058618985163844 0.0 1.5064474
true 0.0003645078047886663 1565 6 6 1.77 2 0.11058618985163844 0.0 15.0243302
true 7.146167182631169e-5 6941 6 6 1.77 3 0.11058618985163844 0.0 88.320325
true 0.0006568299235784891 5175 6 6 1.77 4 0.11058618985163844 0.0 82.4130737
true 0.022964481242496115 111 6 1 1.78 1 0.10944962341575272 0.0 0.7153194
true 0.022935823924562726 713 6 1 1.78 2 0.10944962341575272 0.0 6.8546197
true 0.02044059401613818 1023 6 1 1.78 3 0.10944962341575272 0.0 13.8321719
true 0.0002711384825059837 5939 6 1 1.78 4 0.10944962341575272 0.0 92.6540272
true 0.022823212545912352 113 6 2 1.78 1 0.10944962341575272 0.0 0.7412269
true 0.0004881054935468587 545 6 2 1.78 2 0.10944962341575272 0.0 5.3711916
true 0.0006496319492257652 2978 6 2 1.78 3 0.10944962341575272 0.0 38.3974997
true 0.011309783682374258 2419 6 2 1.78 4 0.10944962341575272 0.0 40.9205995
true 0.022775934448808488 137 6 3 1.78 1 0.10944962341575272 0.0 0.8752469
true 0.0004776018587637765 1029 6 3 1.78 2 0.10944962341575272 0.0 9.5338119
true 0.000547159119090849 4333 6 3 1.78 3 0.10944962341575272 0.0 55.4264804
true 0.00043884922267241794 4681 6 3 1.78 4 0.10944962341575272 0.0 74.2726049
true 0.0222300864012287 222 6 4 1.78 1 0.10944962341575272 0.0 1.4498444
true 0.2556826468861508 730 6 4 1.78 2 0.10944962341575272 0.0 6.7939549
true 0.00030487178170365836 1613 6 4 1.78 3 0.10944962341575272 0.0 20.7889543
true 0.0007022490969744583 8025 6 4 1.78 4 0.10944962341575272 0.0 129.6484928
true 0.02190211439732249 200 6 5 1.78 1 0.10944962341575272 0.0 1.2163174
true 0.0003965266809169532 1159 6 5 1.78 2 0.10944962341575272 0.0 11.0302783
true 6.935481140954992e-5 4362 6 5 1.78 3 0.10944962341575272 0.0 54.1131825
true 0.0003609168059796053 6041 6 5 1.78 4 0.10944962341575272 0.0 93.8445282
true 0.018251768218462416 171 6 6 1.78 1 0.10944962341575272 0.0 1.0661748
true 0.012249688196862285 605 6 6 1.78 2 0.10944962341575272 0.0 6.1529841
true 6.697488569977021e-5 5894 6 6 1.78 3 0.10944962341575272 0.0 75.2039566
true 0.0006427402593207528 7904 6 6 1.78 4 0.10944962341575272 0.0 127.7882621
true 0.022667861124062827 112 6 1 1.79 1 0.10833201220480698 0.0 0.7544941
true 0.0004947036346641398 908 6 1 1.79 2 0.10833201220480698 0.0 8.5931204
true 6.866922505260886e-5 3528 6 1 1.79 3 0.10833201220480698 0.0 42.8189022
true 0.0008801134006325984 1134 6 1 1.79 4 0.10833201220480698 0.0 20.871723
true 0.02253164338007735 115 6 2 1.79 1 0.10833201220480698 0.0 0.7263892
true 0.00046134241640916063 1838 6 2 1.79 2 0.10833201220480698 0.0 16.6086489
true 0.0006598527571544943 562 6 2 1.79 3 0.10833201220480698 0.0 8.6188294
true 0.00038486237912158106 6750 6 2 1.79 4 0.10833201220480698 0.0 103.6926579
true 0.022485136742637506 116 6 3 1.79 1 0.10833201220480698 0.0 0.7687468
true 0.00046567481417081336 956 6 3 1.79 2 0.10833201220480698 0.0 8.9087515
true 0.00015467082686069591 3075 6 3 1.79 3 0.10833201220480698 0.0 39.469035
true 5.058879645902792e-5 880 6 3 1.79 4 0.10833201220480698 0.0 17.2227789
true 0.2606179960702052 130 6 4 1.79 1 0.10833201220480698 0.0 0.864407
true 0.2501408032838675 870 6 4 1.79 2 0.10833201220480698 0.0 7.9440079
true 0.016330360181222914 1229 6 4 1.79 3 0.10833201220480698 0.0 16.5181217
true 0.00018526302760434044 4393 6 4 1.79 4 0.10833201220480698 0.0 68.3943338
true 0.02163178063011335 158 6 5 1.79 1 0.10833201220480698 0.0 1.0096111
true 0.0003864649228951356 1668 6 5 1.79 2 0.10833201220480698 0.0 15.5737812
true 8.081631991633254e-5 4379 6 5 1.79 3 0.10833201220480698 0.0 55.8531859
true 0.00012318853113870709 2519 6 5 1.79 4 0.10833201220480698 0.0 41.6095667
true 0.17791065847655174 128 6 6 1.79 1 0.10833201220480698 0.0 0.8595019
true 0.0003265585921783942 595 6 6 1.79 2 0.10833201220480698 0.0 6.1539246
true 0.000402759980423865 2487 6 6 1.79 3 0.10833201220480698 0.0 30.9004894
true 0.00036554830042879555 5256 6 6 1.79 4 0.10833201220480698 0.0 83.568695
true 0.0223772478042078 110 6 1 1.8 1 0.10723291769893503 0.0 0.6523047
true 0.0004829935282507636 839 6 1 1.8 2 0.10723291769893503 0.0 7.7577715
true 0.0008516360894576525 1436 6 1 1.8 3 0.10723291769893503 0.0 20.0075587
true 6.59264467062215e-5 6289 6 1 1.8 4 0.10723291769893503 0.0 97.4732845
true 0.022244621146663368 134 6 2 1.8 1 0.10723291769893503 0.0 0.7930292
true 0.03984994805687431 569 6 2 1.8 2 0.10723291769893503 0.0 5.5475043
true 0.00011049456479733655 3810 6 2 1.8 3 0.10723291769893503 0.0 48.7590536
true 0.010533256671495683 7916 6 2 1.8 4 0.10723291769893503 0.0 126.2392062
true 0.02220015290229897 139 6 3 1.8 1 0.10723291769893503 0.0 0.8795488
true 0.033632749224332625 1125 6 3 1.8 2 0.10723291769893503 0.0 10.5712078
true 0.00012586207390099155 1540 6 3 1.8 3 0.10723291769893503 0.0 20.0237104
true 0.0005524474407407701 3062 6 3 1.8 4 0.10723291769893503 0.0 51.7119277
true 0.2606232675494248 135 6 4 1.8 1 0.10723291769893503 0.0 0.8577653
true 0.0004554540735266649 758 6 4 1.8 2 0.10723291769893503 0.0 7.0930581
true 6.132331239125377e-5 6907 6 4 1.8 3 0.10723291769893503 0.0 88.9968102
true 0.0004045311551392483 5075 6 4 1.8 4 0.10723291769893503 0.0 79.1193019
true 0.2124154450168391 169 6 5 1.8 1 0.10723291769893503 0.0 1.0251865
true 0.20044100108863536 426 6 5 1.8 2 0.10723291769893503 0.0 4.9420207
true 0.00010718600757549934 7777 6 5 1.8 3 0.10723291769893503 0.0 98.0893513
true 0.0003675980895143427 4467 6 5 1.8 4 0.10723291769893503 0.0 70.4366153
true 0.017805628729375116 177 6 6 1.8 1 0.10723291769893503 0.0 1.1418313
true 0.0003593996323954703 1924 6 6 1.8 2 0.10723291769893503 0.0 18.4468209
true 0.0001303982235853022 3452 6 6 1.8 3 0.10723291769893503 0.0 45.4034532
true 0.00034498230646366296 4125 6 6 1.8 4 0.10723291769893503 0.0 65.703192
true 0.022092270042940787 88 6 1 1.81 1 0.10615191414570589 0.0 0.5800257
true 0.00047103461921632617 1006 6 1 1.81 2 0.10615191414570589 0.0 9.2944328
true 0.0005674603601407147 1834 6 1 1.81 3 0.10615191414570589 0.0 24.4462618
true 0.00043016104308013503 1052 6 1 1.81 4 0.10615191414570589 0.0 21.3274386
true 0.021963365283480057 187 6 2 1.81 1 0.10615191414570589 0.0 1.1102247
true 0.0004394058318585581 1071 6 2 1.81 2 0.10615191414570589 0.0 9.6335573
true 8.539854181419115e-5 2499 6 2 1.81 3 0.10615191414570589 0.0 31.7019901
true 0.00027223309420598696 5205 6 2 1.81 4 0.10615191414570589 0.0 82.0810942
true 0.021920614863851145 179 6 3 1.81 1 0.10615191414570589 0.0 1.0901886
true 0.0004441104150690693 1071 6 3 1.81 2 0.10615191414570589 0.0 9.7733454
true 0.021189764430694497 852 6 3 1.81 3 0.10615191414570589 0.0 11.9346169
true 0.00044654080608808044 3288 6 3 1.81 4 0.10615191414570589 0.0 53.0923203
true 0.021411540350435215 322 6 4 1.81 1 0.10615191414570589 0.0 1.9369396
true 0.00036687713756529405 1426 6 4 1.81 2 0.10615191414570589 0.0 13.0813884
true 0.0002429489949063307 2937 6 4 1.81 3 0.10615191414570589 0.0 39.2238404
true 0.00034172258998155236 4637 6 4 1.81 4 0.10615191414570589 0.0 74.2471119
true 0.021105661668489428 132 6 5 1.81 1 0.10615191414570589 0.0 0.8376237
true 0.0003807511540813935 1465 6 5 1.81 2 0.10615191414570589 0.0 13.4601256
true 0.0002014940685213462 2256 6 5 1.81 3 0.10615191414570589 0.0 28.8793812
true 0.0005055928183807068 4233 6 5 1.81 4 0.10615191414570589 0.0 67.9052797
true 0.17762728800465014 188 6 6 1.81 1 0.10615191414570589 0.0 1.2064822
true 0.0003318358184607832 2117 6 6 1.81 2 0.10615191414570589 0.0 19.7097409
true 0.0004315330813035312 3485 6 6 1.81 3 0.10615191414570589 0.0 46.0114489
true 0.0002041160157836471 5578 6 6 1.81 4 0.10615191414570589 0.0 87.1634076
true 0.02181260473881541 103 6 1 1.82 1 0.10508858812552895 0.0 0.6648591
true 0.03976134464905379 326 6 1 1.82 2 0.10508858812552895 0.0 4.0135583
true 0.00034671187892670874 2920 6 1 1.82 3 0.10508858812552895 0.0 36.2738427
true 0.00044843329064525594 3761 6 1 1.82 4 0.10508858812552895 0.0 58.1855837
true 0.021688008404330966 183 6 2 1.82 1 0.10508858812552895 0.0 1.1419088
true 0.00042962138385621573 1294 6 2 1.82 2 0.10508858812552895 0.0 12.1976158
true 0.02060270729181715 1464 6 2 1.82 3 0.10508858812552895 0.0 20.0278462
true 0.00027244575947130145 5263 6 2 1.82 4 0.10508858812552895 0.0 85.1929621
true 0.021646692171537325 193 6 3 1.82 1 0.10508858812552895 0.0 1.2083454
true 0.000436055869486122 1399 6 3 1.82 2 0.10508858812552895 0.0 13.2198368
true 0.0001551095244905302 2595 6 3 1.82 3 0.10508858812552895 0.0 32.2081869
true 0.0006066776459060322 4727 6 3 1.82 4 0.10508858812552895 0.0 77.6930058
true 0.0211496729657511 273 6 4 1.82 1 0.10508858812552895 0.0 1.7573318
true 0.03446382089808479 393 6 4 1.82 2 0.10508858812552895 0.0 4.18007
true 0.0003585149053133979 2234 6 4 1.82 3 0.10508858812552895 0.0 28.0923475
true 0.00028723298632339633 6675 6 4 1.82 4 0.10508858812552895 0.0 104.8469073
true 0.020850392655937477 166 6 5 1.82 1 0.10508858812552895 0.0 1.0661356
true 0.0003687589880021269 2340 6 5 1.82 2 0.10508858812552895 0.0 21.9995542
true 4.760818281597245e-5 3172 6 5 1.82 3 0.10508858812552895 0.0 39.4372711
true 0.0007368196449433984 2889 6 5 1.82 4 0.10508858812552895 0.0 46.9141659
true 0.017375621501250393 373 6 6 1.82 1 0.10508858812552895 0.0 2.3580369
true 0.0003175260253151975 3049 6 6 1.82 2 0.10508858812552895 0.0 29.1530306
true 0.012619296801453942 2697 6 6 1.82 3 0.10508858812552895 0.0 35.4936224
true 0.00047640656352927285 6213 6 6 1.82 4 0.10508858812552895 0.0 102.3021762
true 0.02153853142902129 120 6 1 1.83 1 0.1040425381333935 0.0 0.7204539
true 0.000448340986388851 769 6 1 1.83 2 0.1040425381333935 0.0 7.1903632
true 0.0007743462883772478 1292 6 1 1.83 3 0.1040425381333935 0.0 16.4978206
true 4.8051853035468994e-5 3722 6 1 1.83 4 0.1040425381333935 0.0 58.0826883
true 0.021417927584524515 138 6 2 1.83 1 0.1040425381333935 0.0 0.8492162
true 0.03835806172922851 272 6 2 1.83 2 0.1040425381333935 0.0 3.1205295
true 0.0002830733022324283 1136 6 2 1.83 3 0.1040425381333935 0.0 15.4348645
true 0.0285869508563939 2055 6 2 1.83 4 0.1040425381333935 0.0 34.0638085
true 0.02137786782286923 179 6 3 1.83 1 0.1040425381333935 0.0 1.0687427
true 0.00042441276015264817 918 6 3 1.83 2 0.1040425381333935 0.0 8.4541552
true 0.00028475349070470707 3506 6 3 1.83 3 0.1040425381333935 0.0 43.9677249
true 0.0004370134144531246 2491 6 3 1.83 4 0.1040425381333935 0.0 40.6760224
true 0.02089151143064985 116 6 4 1.83 1 0.1040425381333935 0.0 0.7675626
true 0.0003511571783202938 1547 6 4 1.83 2 0.1040425381333935 0.0 14.2853773
true 0.0004701885010226642 2392 6 4 1.83 3 0.1040425381333935 0.0 29.9403921
true 0.01678901438383451 5818 6 4 1.83 4 0.1040425381333935 0.0 91.4638369
true 0.02060022977250876 128 6 5 1.83 1 0.1040425381333935 0.0 0.8110435
true 0.0003621874117208823 1450 6 5 1.83 2 0.1040425381333935 0.0 13.4232521
true 0.0004457747531679379 1599 6 5 1.83 3 0.1040425381333935 0.0 21.1849277
true 0.00035726744852746515 7761 6 5 1.83 4 0.1040425381333935 0.0 122.4944016
true 0.17674076449961598 189 6 6 1.83 1 0.1040425381333935 0.0 1.2505234
true 0.00031613798688970296 2244 6 6 1.83 2 0.1040425381333935 0.0 20.6292049
true 0.0005211469663241042 2588 6 6 1.83 3 0.1040425381333935 0.0 34.6999183
true 0.0003566296193375322 5440 6 6 1.83 4 0.1040425381333935 0.0 88.7022085
true 0.02127004178609848 99 6 1 1.84 1 0.10301337417579307 0.0 0.6263165
true 0.0004405175693087404 1016 6 1 1.84 2 0.10301337417579307 0.0 9.3837944
true 0.00013526723791545958 2247 6 1 1.84 3 0.10301337417579307 0.0 28.2523455
true 0.0003893855296969173 2482 6 1 1.84 4 0.10301337417579307 0.0 41.4570502
true 0.02115302202045974 127 6 2 1.84 1 0.10301337417579307 0.0 0.7706817
true 0.0004096948588836469 797 6 2 1.84 2 0.10301337417579307 0.0 7.7205907
true 4.826023295190218e-5 1924 6 2 1.84 3 0.10301337417579307 0.0 23.8120653
true 5.546688632868113e-5 7013 6 2 1.84 4 0.10301337417579307 0.0 107.8313839
true 0.02111422966118004 186 6 3 1.84 1 0.10301337417579307 0.0 1.1461959
true 0.0004135169870021123 1093 6 3 1.84 2 0.10301337417579307 0.0 10.2020736
true 8.933968378845487e-5 2195 6 3 1.84 3 0.10301337417579307 0.0 27.6925335
true 0.00019972271628040014 8338 6 3 1.84 4 0.10301337417579307 0.0 130.0649566
true 0.2600040196601195 124 6 4 1.84 1 0.10301337417579307 0.0 0.7870507
true 0.00034346816781836986 1559 6 4 1.84 2 0.10301337417579307 0.0 14.7751538
true 0.015335582739158346 1057 6 4 1.84 3 0.10301337417579307 0.0 15.0953888
true 0.0003365353455914849 4471 6 4 1.84 4 0.10301337417579307 0.0 71.6885193
true 0.020354519342453768 122 6 5 1.84 1 0.10301337417579307 0.0 0.8554078
true 0.0003607094864304217 1529 6 5 1.84 2 0.10301337417579307 0.0 14.2849228
true 0.00033978023913755484 1009 6 5 1.84 3 0.10301337417579307 0.0 13.8687493
true 0.00034319476826397686 5974 6 5 1.84 4 0.10301337417579307 0.0 95.2262372
true 0.17722375314427816 170 6 6 1.84 1 0.10301337417579307 0.0 1.1114642
true 0.16686272846950745 1567 6 6 1.84 2 0.10301337417579307 0.0 14.7213369
true 7.13715490710624e-5 7717 6 6 1.84 3 0.10301337417579307 0.0 96.6593099
true 0.0007009510691821837 6003 6 6 1.84 4 0.10301337417579307 0.0 98.5698766
true 0.021006777084050687 105 6 1 1.85 1 0.10200071738298862 0.0 0.6643132
true 0.0004283565927292732 702 6 1 1.85 2 0.10200071738298862 0.0 6.5523314
true 0.00011070094195309022 1961 6 1 1.85 3 0.10200071738298862 0.0 25.2432057
true 0.00015831905619545505 3395 6 1 1.85 4 0.10200071738298862 0.0 55.5797618
true 0.020893326966694575 112 6 2 1.85 1 0.10200071738298862 0.0 0.7257369
true 0.0004003534333674452 1501 6 2 1.85 2 0.10200071738298862 0.0 13.7593893
true 0.0003190643314462671 2265 6 2 1.85 3 0.10200071738298862 0.0 29.8488417
true 0.0002740332148425395 4187 6 2 1.85 4 0.10200071738298862 0.0 65.1408316
true 0.020855752587090343 111 6 3 1.85 1 0.10200071738298862 0.0 0.754592
true 0.00040465521174715136 914 6 3 1.85 2 0.10200071738298862 0.0 8.3810294
true 0.00012050989723124313 5051 6 3 1.85 3 0.10200071738298862 0.0 62.7963835
true 0.00026038116497552793 3474 6 3 1.85 4 0.10200071738298862 0.0 56.3598821
true 0.02039078333507513 145 6 4 1.85 1 0.10200071738298862 0.0 0.9154503
true 0.00033333723388177805 1554 6 4 1.85 2 0.10200071738298862 0.0 14.843782
true 0.015193314914329792 1840 6 4 1.85 3 0.10200071738298862 0.0 23.8049151
true 0.00016679032251974701 5479 6 4 1.85 4 0.10200071738298862 0.0 85.512339
true 0.020112098351162365 150 6 5 1.85 1 0.10200071738298862 0.0 0.9802683
true 0.027434557601061248 1241 6 5 1.85 2 0.10200071738298862 0.0 11.91316
true 0.0001750136853871487 2956 6 5 1.85 3 0.10200071738298862 0.0 37.5088479
true 0.0002443787235030581 5123 6 5 1.85 4 0.10200071738298862 0.0 80.7608975
true 0.17650148319381617 350 6 6 1.85 1 0.10200071738298862 0.0 2.1985091
true 0.0003012074542415033 2114 6 6 1.85 2 0.10200071738298862 0.0 19.3262186
true 0.00017767467789191657 3245 6 6 1.85 3 0.10200071738298862 0.0 42.060804
true 0.0006697104245907415 4800 6 6 1.85 4 0.10200071738298862 0.0 78.2568675
true 0.020748149964166573 131 6 1 1.86 1 0.101004199635488 0.0 0.8101232
true 0.0004174950849423209 766 6 1 1.86 2 0.101004199635488 0.0 7.3743674
true 0.0004896879317067837 1236 6 1 1.86 3 0.101004199635488 0.0 16.1077609
true 1.4963211297791545e-5 2511 6 1 1.86 4 0.101004199635488 0.0 40.4758962
true 0.02063814466348396 129 6 2 1.86 1 0.101004199635488 0.0 0.7780093
true 0.037072639679492786 461 6 2 1.86 2 0.101004199635488 0.0 4.5791396
true 0.0003218192850221735 1949 6 2 1.86 3 0.101004199635488 0.0 26.1679128
true 0.009747727895560054 3549 6 2 1.86 4 0.101004199635488 0.0 57.4381726
true 0.02060149069519544 137 6 3 1.86 1 0.101004199635488 0.0 0.8567567
true 0.0003953171338326178 1392 6 3 1.86 2 0.101004199635488 0.0 12.9377855
true 5.330663887755568e-5 3221 6 3 1.86 3 0.101004199635488 0.0 41.1695437
true 0.0003652729437993811 8242 6 3 1.86 4 0.101004199635488 0.0 135.8711755
true 0.02014797266906697 131 6 4 1.86 1 0.101004199635488 0.0 0.8168764
true 0.25505965738949216 574 6 4 1.86 2 0.101004199635488 0.0 6.0817208
true 0.015013747865168472 1663 6 4 1.86 3 0.101004199635488 0.0 22.0269955
true 0.0003087292008211451 5311 6 4 1.86 4 0.101004199635488 0.0 84.0121844
true 0.019874948966488604 179 6 5 1.86 1 0.101004199635488 0.0 1.1382142
true 0.029725996294021097 516 6 5 1.86 2 0.101004199635488 0.0 5.3662516
true 3.657826038151457e-5 3678 6 5 1.86 3 0.101004199635488 0.0 45.8230535
true 0.00034534564971611115 6775 6 5 1.86 4 0.101004199635488 0.0 110.3078087
true 0.016562750509802753 232 6 6 1.86 1 0.101004199635488 0.0 1.4399156
true 0.00031431472769608004 1991 6 6 1.86 2 0.101004199635488 0.0 18.5579431
true 0.00013816123374677894 5002 6 6 1.86 3 0.101004199635488 0.0 64.428381
true 5.9868621163546486e-5 9117 6 6 1.86 4 0.101004199635488 0.0 147.8050256
true 0.02049458728881509 109 6 1 1.87 1 0.10002346320442916 0.0 0.6449237
true 0.0004082704035912599 697 6 1 1.87 2 0.10002346320442916 0.0 6.582612
true 0.0007016889517692526 1349 6 1 1.87 3 0.10002346320442916 0.0 17.3178766
true 7.411964965042817e-5 2638 6 1 1.87 4 0.10002346320442916 0.0 42.1711471
true 0.02038829169046777 116 6 2 1.87 1 0.10002346320442916 0.0 0.7573672
true 0.00038180979537935644 797 6 2 1.87 2 0.10002346320442916 0.0 7.3514898
true 1.820828780679795e-5 4809 6 2 1.87 3 0.10002346320442916 0.0 58.9747517
true 0.00026369872236947645 7000 6 2 1.87 4 0.10002346320442916 0.0 109.1560172
true 0.02035276193623803 153 6 3 1.87 1 0.10002346320442916 0.0 0.9102236
true 0.00038543362281826904 980 6 3 1.87 2 0.10002346320442916 0.0 9.4804707
true 0.00034629706407642474 3725 6 3 1.87 3 0.10002346320442916 0.0 47.1151609
true 0.02440804060745927 2777 6 3 1.87 4 0.10002346320442916 0.0 45.8440687
true 0.0199082699342248 135 6 4 1.87 1 0.10002346320442916 0.0 0.8618758
true 0.0003293043366338205 1513 6 4 1.87 2 0.10002346320442916 0.0 14.3766756
true 7.276178983672832e-5 7140 6 4 1.87 3 0.10002346320442916 0.0 88.4174463
true 0.022816388783687913 1788 6 4 1.87 4 0.10002346320442916 0.0 30.4007005
true 0.01964222519276998 223 6 5 1.87 1 0.10002346320442916 0.0 1.3994975
true 0.0004787789794116204 415 6 5 1.87 2 0.10002346320442916 0.0 4.3188908
true 3.1054536615049424e-5 3897 6 5 1.87 3 0.10002346320442916 0.0 49.1428274
true 0.0002927814180637589 4137 6 5 1.87 4 0.10002346320442916 0.0 65.8745067
true 0.01636853531043862 228 6 6 1.87 1 0.10002346320442916 0.0 1.421296
true 0.00028298484514036976 1622 6 6 1.87 2 0.10002346320442916 0.0 15.4703458
true 0.1698095882930648 3615 6 6 1.87 3 0.10002346320442916 0.0 46.852704
true 0.0003577189621962462 6598 6 6 1.87 4 0.10002346320442916 0.0 107.4933868
true 0.02024592796798841 119 6 1 1.88 1 0.0990581604052917 0.0 0.7910693
true 0.00039835089702527915 659 6 1 1.88 2 0.0990581604052917 0.0 6.4299175
true 6.818645762574072e-5 1131 6 1 1.88 3 0.0990581604052917 0.0 14.8235386
true 0.00033640664911283036 4095 6 1 1.88 4 0.0990581604052917 0.0 63.9587117
true 0.020142524270499673 151 6 2 1.88 1 0.0990581604052917 0.0 0.9214394
true 0.019308461020040718 519 6 2 1.88 2 0.0990581604052917 0.0 5.2294097
true 0.00033520917298104913 4884 6 2 1.88 3 0.0990581604052917 0.0 60.2767309
true 0.0007372639662802105 3141 6 2 1.88 4 0.0990581604052917 0.0 52.5825464
true 0.02010796856506064 110 6 3 1.88 1 0.0990581604052917 0.0 0.7731207
true 0.0003769111266599956 733 6 3 1.88 2 0.0990581604052917 0.0 7.0083331
true 0.0001661745236178347 2171 6 3 1.88 3 0.0990581604052917 0.0 28.5904104
true 0.0006720629535133712 8133 6 3 1.88 4 0.0990581604052917 0.0 128.8192717
true 0.019674203299633722 140 6 4 1.88 1 0.0990581604052917 0.0 0.8784774
true 0.0003193943117375947 2044 6 4 1.88 2 0.0990581604052917 0.0 18.9113392
true 0.014748590643202122 1882 6 4 1.88 3 0.0990581604052917 0.0 24.4163222
true 0.0003465145298027078 5832 6 4 1.88 4 0.0990581604052917 0.0 91.9760842
true 0.019413090733008974 131 6 5 1.88 1 0.0990581604052917 0.0 0.945135
true 0.00032374065217239957 1822 6 5 1.88 2 0.0990581604052917 0.0 17.002595
true 0.00023815087327170304 2901 6 5 1.88 3 0.0990581604052917 0.0 35.8271948
true 0.00048468650612824014 7930 6 5 1.88 4 0.0990581604052917 0.0 125.4274045
true 0.17609639727063423 183 6 6 1.88 1 0.0990581604052917 0.0 1.1995255
true 0.000278655632062567 2688 6 6 1.88 2 0.0990581604052917 0.0 25.1826547
true 9.402817454863081e-5 3620 6 6 1.88 3 0.0990581604052917 0.0 46.5665664
true 0.0128434303322843 4080 6 6 1.88 4 0.0990581604052917 0.0 66.7232728
true 0.02000196929119169 132 6 1 1.89 1 0.09810795326443694 0.0 0.8147027
true 0.00040575480667937036 379 6 1 1.89 2 0.09810795326443694 0.0 3.9481321
true 0.000126280853019467 2838 6 1 1.89 3 0.09810795326443694 0.0 35.471679
true 4.037938874207336e-5 3666 6 1 1.89 4 0.09810795326443694 0.0 59.6095208
true 0.019901957564057327 141 6 2 1.89 1 0.09810795326443694 0.0 0.8471963
true 0.00036981449255577004 481 6 2 1.89 2 0.09810795326443694 0.0 4.7999061
true 0.01953279503521968 1406 6 2 1.89 3 0.09810795326443694 0.0 18.1030492
true 0.0004970478311653592 2265 6 2 1.89 4 0.09810795326443694 0.0 37.7415441
true 0.019868234152395896 115 6 3 1.89 1 0.09810795326443694 0.0 0.7814537
true 0.0003687672028736359 1104 6 3 1.89 2 0.09810795326443694 0.0 10.1242046
true 0.00013774017020407037 6342 6 3 1.89 3 0.09810795326443694 0.0 79.5084256
true 0.002069742759918151 2564 6 3 1.89 4 0.09810795326443694 0.0 42.2273282
true 0.019443537786227316 179 6 4 1.89 1 0.09810795326443694 0.0 1.1162081
true 0.0003126978736453373 1738 6 4 1.89 2 0.09810795326443694 0.0 15.8326581
true 0.00040906684522089287 3610 6 4 1.89 3 0.09810795326443694 0.0 47.0345367
true 0.00039050214914754244 5639 6 4 1.89 4 0.09810795326443694 0.0 94.1150351
true 0.01918839055450693 245 6 5 1.89 1 0.09810795326443694 0.0 1.5985376
true 0.0003200194057752292 1365 6 5 1.89 2 0.09810795326443694 0.0 13.0519823
true 0.00017373433192057196 4768 6 5 1.89 3 0.09810795326443694 0.0 59.9634972
true 0.00031126731692865395 3504 6 5 1.89 4 0.09810795326443694 0.0 57.691323
true 0.01599114543130184 170 6 6 1.89 1 0.09810795326443694 0.0 1.1537052
true 0.0002906690987811063 1800 6 6 1.89 2 0.09810795326443694 0.0 16.8983477
true 0.012912379559693607 1278 6 6 1.89 3 0.09810795326443694 0.0 17.6759227
true 0.00026245340307763193 6402 6 6 1.89 4 0.09810795326443694 0.0 104.5927945
true 0.01976229783778355 115 6 1 1.9 1 0.09717251319796773 0.0 0.664602
true 0.0003808938121341865 335 6 1 1.9 2 0.09717251319796773 0.0 3.612987
true 0.00015758048595904128 1734 6 1 1.9 3 0.09717251319796773 0.0 22.1697423
true 0.00038998346341412304 956 6 1 1.9 4 0.09717251319796773 0.0 17.3440088
true 0.01966498498911906 111 6 2 1.9 1 0.09717251319796773 0.0 0.7367009
true 0.00042603550414027636 353 6 2 1.9 2 0.09717251319796773 0.0 3.7937189
true 0.000524181619237174 2262 6 2 1.9 3 0.09717251319796773 0.0 27.6237677
true 0.009919493423334036 1803 6 2 1.9 4 0.09717251319796773 0.0 30.8761085
true 0.019632815110077768 119 6 3 1.9 1 0.09717251319796773 0.0 0.7647835
true 0.0003609591809440871 1308 6 3 1.9 2 0.09717251319796773 0.0 12.4128793
true 0.01908465268136043 704 6 3 1.9 3 0.09717251319796773 0.0 10.7268793
true 0.0003853241323529266 3425 6 3 1.9 4 0.09717251319796773 0.0 54.6768605
true 0.019217107675158968 116 6 4 1.9 1 0.09717251319796773 0.0 0.7991888
true 0.02860250663364035 745 6 4 1.9 2 0.09717251319796773 0.0 7.7261554
true 0.014067913196865844 2128 6 4 1.9 3 0.09717251319796773 0.0 26.8346972
true 0.00033303317920992115 3163 6 4 1.9 4 0.09717251319796773 0.0 50.6392894
true 0.018967931654593186 164 6 5 1.9 1 0.09717251319796773 0.0 1.1048123
true 0.00031093001954825007 2407 6 5 1.9 2 0.09717251319796773 0.0 22.4611061
true 4.238094198208975e-5 5942 6 5 1.9 3 0.09717251319796773 0.0 75.0580473
true 0.00028467624176269356 9200 6 5 1.9 4 0.09717251319796773 0.0 146.7064068
true 0.17595316172577782 211 6 6 1.9 1 0.09717251319796773 0.0 1.3582902
true 0.16684818567591506 1280 6 6 1.9 2 0.09717251319796773 0.0 11.7048252
true 2.4886872801804794e-5 1406 6 6 1.9 3 0.09717251319796773 0.0 18.4471523
true 0.0003420431040767428 3789 6 6 1.9 4 0.09717251319796773 0.0 60.2159297
true 0.019527222070034156 123 6 1 1.91 1 0.09625152070246154 0.0 0.7789246
true 0.00037379123413811 312 6 1 1.91 2 0.09625152070246154 0.0 3.4735437
true 0.00010222308802482205 1039 6 1 1.91 3 0.09625152070246154 0.0 13.4459227
true 0.00020430738695298434 1705 6 1 1.91 4 0.09625152070246154 0.0 28.2960314
true 0.019432988477668445 110 6 2 1.91 1 0.09625152070246154 0.0 0.7415209
true 0.018576066314820616 704 6 2 1.91 2 0.09625152070246154 0.0 6.954712
true 0.01812650095718593 1575 6 2 1.91 3 0.09625152070246154 0.0 20.4253379
true 0.0005410367869974342 2629 6 2 1.91 4 0.09625152070246154 0.0 43.1262142
true 0.3398429226500767 156 6 3 1.91 1 0.09625152070246154 0.0 0.9474701
true 0.0003530686601392515 1191 6 3 1.91 2 0.09625152070246154 0.0 11.3035584
true 0.00011933548784670567 1444 6 3 1.91 3 0.09625152070246154 0.0 19.4821074
true 0.006603537279037934 3383 6 3 1.91 4 0.09625152070246154 0.0 55.8386966
true 0.25923139061210626 150 6 4 1.91 1 0.09625152070246154 0.0 0.976873
true 0.00031487106102798257 2413 6 4 1.91 2 0.09625152070246154 0.0 21.8385165
true 0.00011288914902121694 2648 6 4 1.91 3 0.09625152070246154 0.0 33.6988977
true 0.005767122813549866 6005 6 4 1.91 4 0.09625152070246154 0.0 97.6031828
true 0.21094045242014275 128 6 5 1.91 1 0.09625152070246154 0.0 0.8441841
true 0.0003042259079401144 2014 6 5 1.91 2 0.09625152070246154 0.0 18.4937954
true 8.010402601852374e-5 3301 6 5 1.91 3 0.09625152070246154 0.0 40.5178881
true 0.00026496617236357876 5873 6 5 1.91 4 0.09625152070246154 0.0 94.4169348
true 0.015626665394746986 163 6 6 1.91 1 0.09625152070246154 0.0 1.1074061
true 0.0002692005443938143 1863 6 6 1.91 2 0.09625152070246154 0.0 17.2177535
true 0.008543285847076004 2224 6 6 1.91 3 0.09625152070246154 0.0 29.5490858
true 0.00036704600781660896 6169 6 6 1.91 4 0.09625152070246154 0.0 101.2443244
true 0.019296461345167715 130 6 1 1.92 1 0.09534466505708565 0.0 0.8694701
true 0.00036335785777746876 1962 6 1 1.92 2 0.09534466505708565 0.0 17.744483
true 0.016269364091959004 2332 6 1 1.92 3 0.09534466505708565 0.0 29.5033889
true 0.00029658408993404883 1775 6 1 1.92 4 0.09534466505708565 0.0 31.4911368
true 0.01920486313802977 118 6 2 1.92 1 0.09534466505708565 0.0 0.7934101
true 0.0003430165105740013 1115 6 2 1.92 2 0.09534466505708565 0.0 10.2680033
true 0.0183212496983087 1682 6 2 1.92 3 0.09534466505708565 0.0 22.1525563
true 0.001006229640152373 6034 6 2 1.92 4 0.09534466505708565 0.0 95.4799177
true 0.019174474338344998 120 6 3 1.92 1 0.09534466505708565 0.0 0.7728237
true 0.00034561533346100237 1016 6 3 1.92 2 0.09534466505708565 0.0 9.3961529
true 0.012651359290472694 2208 6 3 1.92 3 0.09534466505708565 0.0 29.4764799
true 0.0002782800169979227 8270 6 3 1.92 4 0.09534466505708565 0.0 131.5630379
true 0.018776888605535044 112 6 4 1.92 1 0.09534466505708565 0.0 0.7282779
true 0.0002952018621933117 906 6 4 1.92 2 0.09534466505708565 0.0 8.5201866
true 0.0002716360594136741 2996 6 4 1.92 3 0.09534466505708565 0.0 38.7096532
true 0.0005462643479414858 7229 6 4 1.92 4 0.09534466505708565 0.0 114.9111577
true 0.0185381945619554 242 6 5 1.92 1 0.09534466505708565 0.0 1.5549148
true 0.00029941324256045344 1665 6 5 1.92 2 0.09534466505708565 0.0 15.1733529
true 0.01120292693632179 828 6 5 1.92 3 0.09534466505708565 0.0 12.0264313
true 0.000697486914517853 6221 6 5 1.92 4 0.09534466505708565 0.0 100.5315505
true 0.17568317828426294 232 6 6 1.92 1 0.09534466505708565 0.0 1.4297572
true 0.0002599492997290472 1572 6 6 1.92 2 0.09534466505708565 0.0 15.3237318
true 0.00026427184682451904 4215 6 6 1.92 3 0.09534466505708565 0.0 53.4959416
true 0.0002785573724965092 5666 6 6 1.92 4 0.09534466505708565 0.0 92.5955129
true 0.019069873674872784 85 6 1 1.93 1 0.09445164403667455 0.0 0.5774307
true 0.0003554403925785099 786 6 1 1.93 2 0.09445164403667455 0.0 7.2834454
true 4.459105870463498e-5 2423 6 1 1.93 3 0.09445164403667455 0.0 30.205188
true 0.00030040694587996075 6452 6 1 1.93 4 0.09445164403667455 0.0 101.0632024
true 0.018981052463576592 113 6 2 1.93 1 0.09445164403667455 0.0 0.720252
true 0.01823215229313649 631 6 2 1.93 2 0.09445164403667455 0.0 6.5844417
true 0.000502220852231422 3205 6 2 1.93 3 0.09445164403667455 0.0 40.1368805
true 8.423379995511904e-5 8342 6 2 1.93 4 0.09445164403667455 0.0 134.005974
true 0.018951351981421838 121 6 3 1.93 1 0.09445164403667455 0.0 0.7631123
true 0.00033732642165051896 1014 6 3 1.93 2 0.09445164403667455 0.0 9.1647618
true 0.00014800263308389905 3765 6 3 1.93 3 0.09445164403667455 0.0 50.2928431
true 0.005545582060810017 4576 6 3 1.93 4 0.09445164403667455 0.0 72.6691236
true 0.2591167007429259 114 6 4 1.93 1 0.09445164403667455 0.0 0.7791764
true 0.00026534298919993204 1555 6 4 1.93 2 0.09445164403667455 0.0 14.3093465
true 0.00046516508511175447 3111 6 4 1.93 3 0.09445164403667455 0.0 40.143651
true 0.00015806268405102464 5900 6 4 1.93 4 0.09445164403667455 0.0 92.0508061
true 0.018329467941378453 146 6 5 1.93 1 0.09445164403667455 0.0 0.9698577
true 0.00029503382622079186 1304 6 5 1.93 2 0.09445164403667455 0.0 12.1293532
true 0.00021572675648992012 1272 6 5 1.93 3 0.09445164403667455 0.0 17.1423143
true 0.00018806713612261604 3110 6 5 1.93 4 0.09445164403667455 0.0 53.7917129
true 0.17558441174384698 293 6 6 1.93 1 0.09445164403667455 0.0 1.9747255
true 0.023086636177006136 513 6 6 1.93 2 0.09445164403667455 0.0 5.305556
true 5.4109396653743515e-5 3677 6 6 1.93 3 0.09445164403667455 0.0 45.463354
true 0.00017632879405289162 5144 6 6 1.93 4 0.09445164403667455 0.0 81.7722925
true 0.01884747644370871 133 6 1 1.94 1 0.09357216363534221 0.0 0.8249506
true 0.0003468174588797668 1507 6 1 1.94 2 0.09357216363534221 0.0 14.2108527
true 8.134371022261444e-5 2753 6 1 1.94 3 0.09357216363534221 0.0 34.7124763
true 0.00026458156577219283 1576 6 1 1.94 4 0.09357216363534221 0.0 27.8225588
true 0.018761268974961387 170 6 2 1.94 1 0.09357216363534221 0.0 1.0574827
true 0.00032620784616815834 1029 6 2 1.94 2 0.09357216363534221 0.0 9.7746635
true 0.00031366120031706135 4319 6 2 1.94 3 0.09357216363534221 0.0 54.3771554
true 6.726252611996553e-5 3492 6 2 1.94 4 0.09357216363534221 0.0 56.4268115
true 0.018732339849968267 299 6 3 1.94 1 0.09357216363534221 0.0 1.8299962
true 0.00032956556379221125 1055 6 3 1.94 2 0.09357216363534221 0.0 9.7522375
true 0.0005810331507881683 659 6 3 1.94 3 0.09357216363534221 0.0 10.3794579
true 0.00011044230379355276 5560 6 3 1.94 4 0.09357216363534221 0.0 87.8663755
true 0.018351670537968157 139 6 4 1.94 1 0.09357216363534221 0.0 0.8921619
true 0.0002810880564407675 1491 6 4 1.94 2 0.09357216363534221 0.0 13.6753755
true 0.009245862030706625 2431 6 4 1.94 3 0.09357216363534221 0.0 31.517846
true 0.00022555277261093742 3366 6 4 1.94 4 0.09357216363534221 0.0 54.9698603
true 0.21123973753253916 381 6 5 1.94 1 0.09357216363534221 0.0 2.4665441
true 0.00029037335660675456 1264 6 5 1.94 2 0.09357216363534221 0.0 11.7220176
true 0.003622973666857365 3602 6 5 1.94 3 0.09357216363534221 0.0 46.4290677
true 0.0004328661519157562 1508 6 5 1.94 4 0.09357216363534221 0.0 27.6854683
true 0.3364177006391384 152 6 6 1.94 1 0.09357216363534221 0.0 0.9890517
true 0.00023033121887104194 781 6 6 1.94 2 0.09357216363534221 0.0 7.9162947
true 0.009161913489161585 2861 6 6 1.94 3 0.09357216363534221 0.0 37.089813
true 0.00030971401869197185 5826 6 6 1.94 4 0.09357216363534221 0.0 95.2794914
true 0.01862946362825091 94 6 1 1.95 1 0.09270593780019673 0.0 0.6123255
true 0.00034059550107878866 494 6 1 1.95 2 0.09270593780019673 0.0 4.856515
true 0.00047079072685918266 1405 6 1 1.95 3 0.09270593780019673 0.0 18.4351833
true 0.00033917093623536676 6479 6 1 1.95 4 0.09270593780019673 0.0 101.127532
true 0.01854594092916423 143 6 2 1.95 1 0.09270593780019673 0.0 0.874679
true 0.017681201671616853 542 6 2 1.95 2 0.09270593780019673 0.0 5.1513176
true 0.008951279921180638 2258 6 2 1.95 3 0.09270593780019673 0.0 29.2112544
true 0.009176443564150233 2028 6 2 1.95 4 0.09270593780019673 0.0 37.3774325
true 0.018517932384180907 98 6 3 1.95 1 0.09270593780019673 0.0 0.6463464
true 0.0062707762229883834 537 6 3 1.95 2 0.09270593780019673 0.0 5.4964546
true 7.464710567815318e-5 3046 6 3 1.95 3 0.09270593780019673 0.0 37.9466526
true 0.00014789322923804601 3084 6 3 1.95 4 0.09270593780019673 0.0 50.5756417
true 0.01814492335732673 155 6 4 1.95 1 0.09270593780019673 0.0 0.9523634
true 0.0002763291467347828 1753 6 4 1.95 2 0.09270593780019673 0.0 16.1508676
true 8.486746663470546e-5 6560 6 4 1.95 3 0.09270593780019673 0.0 84.3335937
true 0.00024813420935575203 3805 6 4 1.95 4 0.09270593780019673 0.0 60.8277486
true 0.017921048187174993 257 6 5 1.95 1 0.09270593780019673 0.0 1.5920901
true 0.00027930103211514233 1509 6 5 1.95 2 0.09270593780019673 0.0 13.9231928
true 0.00028281101960957454 4247 6 5 1.95 3 0.09270593780019673 0.0 53.2930309
true 0.00033069600696091774 1276 6 5 1.95 4 0.09270593780019673 0.0 23.1295813
true 0.014934829753435483 309 6 6 1.95 1 0.09270593780019673 0.0 1.9537913
true 0.00027160567616296705 2031 6 6 1.95 2 0.09270593780019673 0.0 19.2448332
true 0.000948496023991848 4797 6 6 1.95 3 0.09270593780019673 0.0 60.8526844
true 0.00031293830913662707 2562 6 6 1.95 4 0.09270593780019673 0.0 43.2579071
true 0.018414610246384633 148 6 1 1.96 1 0.09185268817481701 0.0 0.8554241
true 0.00033313065717521795 1524 6 1 1.96 2 0.09185268817481701 0.0 14.0184346
true 0.00014871877214822637 1402 6 1 1.96 3 0.09185268817481701 0.0 17.6519608
true 0.00042026873075678983 3151 6 1 1.96 4 0.09185268817481701 0.0 49.1898256
true 0.018333199993737503 114 6 2 1.96 1 0.09185268817481701 0.0 0.7606928
true 0.0003132999329801822 799 6 2 1.96 2 0.09185268817481701 0.0 7.3686027
true 0.00041357692697976955 2724 6 2 1.96 3 0.09185268817481701 0.0 34.1874037
true 0.0001259734098929821 9207 6 2 1.96 4 0.09185268817481701 0.0 144.9841549
true 0.018306031691736262 128 6 3 1.96 1 0.09185268817481701 0.0 0.8384562
true 0.0003150370646158677 707 6 3 1.96 2 0.09185268817481701 0.0 6.5879132
true 3.8102559708227034e-5 5630 6 3 1.96 3 0.09185268817481701 0.0 71.6949289
true 0.00025586664101751033 6458 6 3 1.96 4 0.09185268817481701 0.0 100.4583841
true 0.25873404371540853 168 6 4 1.96 1 0.09185268817481701 0.0 1.0267018
true 0.0002836882438485011 1895 6 4 1.96 2 0.09185268817481701 0.0 17.4186562
true 0.00030586184772360414 2795 6 4 1.96 3 0.09185268817481701 0.0 34.02066
true 4.449294712086105e-5 1212 6 4 1.96 4 0.09185268817481701 0.0 21.4383744
true 0.017722294732065037 163 6 5 1.96 1 0.09185268817481701 0.0 1.0696038
true 0.000270008843088998 2010 6 5 1.96 2 0.09185268817481701 0.0 18.487601
true 0.014303131625419052 1262 6 5 1.96 3 0.09185268817481701 0.0 17.0083014
true 0.0006551990072090174 4701 6 5 1.96 4 0.09185268817481701 0.0 75.7266055
true 0.17582043368999112 143 6 6 1.96 1 0.09185268817481701 0.0 0.9491615
true 0.000252411129515175 2176 6 6 1.96 2 0.09185268817481701 0.0 19.8684348
true 0.011885610288893575 1343 6 6 1.96 3 0.09185268817481701 0.0 18.3956808
true 0.0003572086963116912 8402 6 6 1.96 4 0.09185268817481701 0.0 132.7654578
true 0.018203837382761268 183 6 1 1.97 1 0.09101214385204551 0.0 1.0162805
true 0.00032458638437193876 976 6 1 1.97 2 0.09101214385204551 0.0 9.6248616
true 0.0005361733761557463 3400 6 1 1.97 3 0.09101214385204551 0.0 42.6398016
true 2.4982981930654624e-5 1471 6 1 1.97 4 0.09101214385204551 0.0 25.1932371
true 0.018124681686406546 180 6 2 1.97 1 0.09101214385204551 0.0 1.0990421
true 0.0003061003513071814 1114 6 2 1.97 2 0.09101214385204551 0.0 10.063013
true 0.00045598827756476723 3471 6 2 1.97 3 0.09101214385204551 0.0 43.0305984
true 0.0002938650912443497 3122 6 2 1.97 4 0.09101214385204551 0.0 49.4330412
true 0.018098848112321337 197 6 3 1.97 1 0.09101214385204551 0.0 1.2509695
true 0.0003092569113138377 726 6 3 1.97 2 0.09101214385204551 0.0 6.9435067
true 5.9676145125124126e-5 3185 6 3 1.97 3 0.09101214385204551 0.0 40.6811196
true 0.00029772981461898923 6440 6 3 1.97 4 0.09101214385204551 0.0 102.5532022
true 0.25871871158280324 113 6 4 1.97 1 0.09101214385204551 0.0 0.7829456
true 0.0002678192294603421 794 6 4 1.97 2 0.09101214385204551 0.0 7.841104
true 8.666637440878089e-5 4387 6 4 1.97 3 0.09101214385204551 0.0 56.2381327
true 0.0004696556881123304 1993 6 4 1.97 4 0.09101214385204551 0.0 34.0603361
true 0.017527151823180754 294 6 5 1.97 1 0.09101214385204551 0.0 1.8760903
true 0.0002799015441925623 1218 6 5 1.97 2 0.09101214385204551 0.0 11.666834
true 0.0003568213301903489 3310 6 5 1.97 3 0.09101214385204551 0.0 41.0230971
true 0.0001721828693822869 5547 6 5 1.97 4 0.09101214385204551 0.0 89.349612
true 0.17525740141010995 274 6 6 1.97 1 0.09101214385204551 0.0 1.6981959
true 0.02210804257820999 381 6 6 1.97 2 0.09101214385204551 0.0 4.1194622
true 0.17097615648999387 2322 6 6 1.97 3 0.09101214385204551 0.0 31.1491802
true 0.0003553760166102778 3879 6 6 1.97 4 0.09101214385204551 0.0 65.096187
true 0.017996687627670815 124 6 1 1.98 1 0.09018404113577616 0.0 0.7481049
true 0.00031866298565952356 1154 6 1 1.98 2 0.09018404113577616 0.0 10.7112274
true 0.01751894982133123 875 6 1 1.98 3 0.09018404113577616 0.0 12.2925429
true 0.0004681330901536995 3535 6 1 1.98 4 0.09018404113577616 0.0 58.6623249
true 0.01792007582008484 124 6 2 1.98 1 0.09018404113577616 0.0 0.793322
true 0.0002992204728999026 1307 6 2 1.98 2 0.09018404113577616 0.0 11.7489379
true 0.0006318791060132001 1508 6 2 1.98 3 0.09018404113577616 0.0 20.6232563
true 0.0004301951571627216 6052 6 2 1.98 4 0.09018404113577616 0.0 93.6570143
true 0.0178945215634496 115 6 3 1.98 1 0.09018404113577616 0.0 0.8011873
true 0.00030289088733429875 939 6 3 1.98 2 0.09018404113577616 0.0 8.9122075
true 0.00030009955776594266 2676 6 3 1.98 3 0.09018404113577616 0.0 33.1070769
true 0.00028410679282103724 1669 6 3 1.98 4 0.09018404113577616 0.0 29.3354129
true 0.01754523351831193 165 6 4 1.98 1 0.09018404113577616 0.0 0.9748177
true 0.2505098347907109 576 6 4 1.98 2 0.09018404113577616 0.0 5.5963623
true 0.0003007421747198563 4637 6 4 1.98 3 0.09018404113577616 0.0 59.3198327
true 0.0005439618152626863 3077 6 4 1.98 4 0.09018404113577616 0.0 52.1320977
true 0.4035995797907085 177 6 5 1.98 1 0.09018404113577616 0.0 1.1667331
true 0.20016618821152665 1145 6 5 1.98 2 0.09018404113577616 0.0 10.2817092
true 0.007077040749201391 4224 6 5 1.98 3 0.09018404113577616 0.0 53.0917926
true 0.0003073402422980154 4421 6 5 1.98 4 0.09018404113577616 0.0 71.0694156
true 0.17516519968218136 416 6 6 1.98 1 0.09018404113577616 0.0 2.7117751
true 0.001021274460343946 1102 6 6 1.98 2 0.09018404113577616 0.0 11.0431487
true 3.031155350110189e-5 6249 6 6 1.98 3 0.09018404113577616 0.0 79.9499682
true 0.0002608072676994015 4604 6 6 1.98 4 0.09018404113577616 0.0 73.2046902
true 0.017793576829823132 109 6 1 1.99 1 0.08936812331138665 0.0 0.7155191
true 0.0003104306560067771 1482 6 1 1.99 2 0.08936812331138665 0.0 14.5283353
true 8.181494205367068e-5 3197 6 1 1.99 3 0.08936812331138665 0.0 41.3290176
true 0.0003336864391726979 1730 6 1 1.99 4 0.08936812331138665 0.0 31.5690846
true 0.017719002494760466 180 6 2 1.99 1 0.08936812331138665 0.0 1.0824889
true 0.032393289023958965 420 6 2 1.99 2 0.08936812331138665 0.0 4.2698529
true 0.0004854701491550928 3002 6 2 1.99 3 0.08936812331138665 0.0 37.0683152
true 0.0002370390894700647 10894 6 2 1.99 4 0.08936812331138665 0.0 167.8288169
true 0.017694132837469196 140 6 3 1.99 1 0.08936812331138665 0.0 0.8680481
true 0.00029670028705573265 986 6 3 1.99 2 0.08936812331138665 0.0 9.1158383
true 0.0004512119549556215 3246 6 3 1.99 3 0.08936812331138665 0.0 41.5824353
true 0.0002796704413044841 4847 6 3 1.99 4 0.08936812331138665 0.0 75.8250559
true 0.2584551436903232 136 6 4 1.99 1 0.08936812331138665 0.0 0.8658779
true 0.00025950251685487313 1195 6 4 1.99 2 0.08936812331138665 0.0 11.2337964
true 0.012953514853224851 2608 6 4 1.99 3 0.08936812331138665 0.0 33.5046428
true 0.00017145090458796364 2091 6 4 1.99 4 0.08936812331138665 0.0 34.9608567
true 0.017146589741897346 141 6 5 1.99 1 0.08936812331138665 0.0 0.8867412
true 0.00026410586240299683 1263 6 5 1.99 2 0.08936812331138665 0.0 11.5823508
true 0.010578447933392087 1955 6 5 1.99 3 0.08936812331138665 0.0 25.87895
true 0.0003335578794548155 3642 6 5 1.99 4 0.08936812331138665 0.0 58.2934683
true 0.1750735956837686 184 6 6 1.99 1 0.08936812331138665 0.0 1.1806214
true 0.00023526691034360855 2253 6 6 1.99 2 0.08936812331138665 0.0 21.3028735
true 4.482758846671708e-5 6307 6 6 1.99 3 0.08936812331138665 0.0 78.9025253
true 0.00019071275784043884 1795 6 6 1.99 4 0.08936812331138665 0.0 31.6092749
true 0.017594080272909596 105 6 1 2.0 1 0.0885641404244465 0.0 0.6972922
true 0.0003273771991749719 1149 6 1 2.0 2 0.0885641404244465 0.0 10.7811613
true 7.825385075088676e-5 2966 6 1 2.0 3 0.0885641404244465 0.0 37.118591
true 4.8543516772137085e-5 5281 6 1 2.0 4 0.0885641404244465 0.0 82.9383448
true 0.017521182457742562 128 6 2 2.0 1 0.0885641404244465 0.0 0.7647481
true 0.00028721836928885525 1664 6 2 2.0 2 0.0885641404244465 0.0 14.9857866
true 0.0003994155646644404 4463 6 2 2.0 3 0.0885641404244465 0.0 55.9528929
true 0.00877882006500838 2020 6 2 2.0 4 0.0885641404244465 0.0 33.2949223
true 0.017497237090402684 158 6 3 2.0 1 0.0885641404244465 0.0 0.9406744
true 0.00029314597843749235 1905 6 3 2.0 2 0.0885641404244465 0.0 17.6262714
true 0.0003427019664406135 4499 6 3 2.0 3 0.0885641404244465 0.0 56.9894482
true 0.000423002792317273 8066 6 3 2.0 4 0.0885641404244465 0.0 129.8541209
true 0.01716251596459284 171 6 4 2.0 1 0.0885641404244465 0.0 1.0666033
true 0.004402615204495058 1510 6 4 2.0 2 0.0885641404244465 0.0 14.6008239
true 0.012819448368099853 1610 6 4 2.0 3 0.0885641404244465 0.0 21.2719929
true 0.00016872788008903683 5654 6 4 2.0 4 0.0885641404244465 0.0 89.5883749
true 0.01696086189261219 190 6 5 2.0 1 0.0885641404244465 0.0 1.1615075
true 0.0002536543057508944 745 6 5 2.0 2 0.0885641404244465 0.0 7.643362
true 0.013682782338732102 1222 6 5 2.0 3 0.0885641404244465 0.0 16.7443885
true 0.00026099911365218276 5957 6 5 2.0 4 0.0885641404244465 0.0 93.6725985
true 0.01413393820643564 176 6 6 2.0 1 0.0885641404244465 0.0 1.1283629
true 0.00035459980091395726 1174 6 6 2.0 2 0.0885641404244465 0.0 11.8127904
true 0.011414473609831685 1621 6 6 2.0 3 0.0885641404244465 0.0 22.7570432
true 0.0004224923581311139 6005 6 6 2.0 4 0.0885641404244465 0.0 98.4962771