g_converged min_loss iter nsites nqubits0 h nlayers SvN m time
true 0.03400086063555219 108 6 1 1.51 1 0.14860607298695988 0.0 0.5401069
true 0.0010540978007562152 379 6 1 1.51 2 0.14860607298695988 0.0 3.041881
true 0.0010627256827173692 2339 6 1 1.51 3 0.14860607298695988 0.0 22.4944938
true 0.0011566326378628644 2459 6 1 1.51 4 0.14860607298695988 0.0 31.9652706
true 0.03364330335463206 178 6 2 1.51 1 0.14860607298695988 0.0 0.8481603
true 0.0009651277850733775 872 6 2 1.51 2 0.14860607298695988 0.0 6.5466312
true 0.00016804461587255348 2349 6 2 1.51 3 0.14860607298695988 0.0 23.424633
true 0.0003190622906653895 4413 6 2 1.51 4 0.14860607298695988 0.0 53.8004908
true 0.344667197259027 96 6 3 1.51 1 0.14860607298695988 0.0 0.5017946
true 0.000980285906157378 765 6 3 1.51 2 0.14860607298695988 0.0 5.909267
true 0.00018333523453726666 2799 6 3 1.51 3 0.14860607298695988 0.0 26.8772293
true 0.0007525799044798923 4702 6 3 1.51 4 0.14860607298695988 0.0 56.782369
true 0.26543031500970315 225 6 4 1.51 1 0.14860607298695988 0.0 1.0878726
true 0.0007926406815235293 1767 6 4 1.51 2 0.14860607298695988 0.0 12.4537259
true 0.0004366940218575449 3938 6 4 1.51 3 0.14860607298695988 0.0 39.3871091
true 0.0095667360417752 6335 6 4 1.51 4 0.14860607298695988 0.0 77.5635893
true 0.03177460028538346 176 6 5 1.51 1 0.14860607298695988 0.0 0.9383673
true 0.0007965055193217441 1954 6 5 1.51 2 0.14860607298695988 0.0 14.1211046
true 0.0006829048615289212 3404 6 5 1.51 3 0.14860607298695988 0.0 35.7723071
true 0.0011945518884431295 3112 6 5 1.51 4 0.14860607298695988 0.0 41.6585634
true 0.026479168130051235 151 6 6 1.51 1 0.14860607298695988 0.0 0.7616659
true 0.0006984873452821153 1324 6 6 1.51 2 0.14860607298695988 0.0 9.5547838
true 0.00044977696426197017 6552 6 6 1.51 3 0.14860607298695988 0.0 65.4395231
true 0.0002777944984250491 2819 6 6 1.51 4 0.14860607298695988 0.0 36.6927539
true 0.033455345551690496 104 6 1 1.52 1 0.14676781227962965 0.0 0.5282914
true 0.0010237635032329107 917 6 1 1.52 2 0.14676781227962965 0.0 6.701277
true 0.0002629952508992339 1663 6 1 1.52 3 0.14676781227962965 0.0 16.081773
true 0.00019232778166766717 4136 6 1 1.52 4 0.14676781227962965 0.0 52.1598623
true 0.03311169865454855 114 6 2 1.52 1 0.14676781227962965 0.0 0.5330765
true 0.0009378198906738466 1672 6 2 1.52 2 0.14676781227962965 0.0 12.0711696
true 0.0010175724545887221 1218 6 2 1.52 3 0.14676781227962965 0.0 12.4920578
true 0.00071792648844754 5008 6 2 1.52 4 0.14676781227962965 0.0 60.847038
true 0.032995720434662756 103 6 3 1.52 1 0.14676781227962965 0.0 0.5389523
true 0.0009534181062338757 903 6 3 1.52 2 0.14676781227962965 0.0 6.7270671
true 0.03166389051613383 1189 6 3 1.52 3 0.14676781227962965 0.0 12.15759
true 0.00037831835255845253 5292 6 3 1.52 4 0.14676781227962965 0.0 63.9604066
true 0.0319330652448295 131 6 4 1.52 1 0.14676781227962965 0.0 0.6507739
true 0.0007695357028687788 2247 6 4 1.52 2 0.14676781227962965 0.0 15.8441084
true 0.0001641917633276868 5050 6 4 1.52 3 0.14676781227962965 0.0 50.8674405
true 0.0006890682715718771 3377 6 4 1.52 4 0.14676781227962965 0.0 41.7891521
true 0.03129423956641504 279 6 5 1.52 1 0.14676781227962965 0.0 1.3918273
true 0.000771718847272529 1048 6 5 1.52 2 0.14676781227962965 0.0 7.7209536
true 0.00040255660779167093 6495 6 5 1.52 3 0.14676781227962965 0.0 64.0600317
true 0.00034685782681458387 6105 6 5 1.52 4 0.14676781227962965 0.0 75.9589281
true 0.18182375345283672 188 6 6 1.52 1 0.14676781227962965 0.0 0.9466531
true 0.0006813823902887725 1609 6 6 1.52 2 0.14676781227962965 0.0 11.9254077
true 0.00012188647647798367 6116 6 6 1.52 3 0.14676781227962965 0.0 60.9356612
true 0.0009134885734093101 4334 6 6 1.52 4 0.14676781227962965 0.0 54.4161042
true 0.03292351698781837 98 6 1 1.53 1 0.14496629210198328 0.0 0.5105274
true 0.0009950156743668837 922 6 1 1.53 2 0.14496629210198328 0.0 6.4126721
true 0.0009942301256894437 736 6 1 1.53 3 0.14496629210198328 0.0 8.0209348
true 9.014737394519301e-5 2124 6 1 1.53 4 0.14496629210198328 0.0 26.8548447
true 0.03259111112460933 217 6 2 1.53 1 0.14496629210198328 0.0 0.9739943
true 0.0556766783451447 283 6 2 1.53 2 0.14496629210198328 0.0 2.6334941
true 0.03026756289236665 1120 6 2 1.53 3 0.14496629210198328 0.0 12.199343
true 0.014941241195998156 4841 6 2 1.53 4 0.14496629210198328 0.0 61.7591832
true 0.03248074843260235 131 6 3 1.53 1 0.14496629210198328 0.0 0.6353831
true 0.0009254592578156751 1620 6 3 1.53 2 0.14496629210198328 0.0 11.8103249
true 0.031215155094771223 1094 6 3 1.53 3 0.14496629210198328 0.0 11.5125835
true 0.0006309909517597245 3534 6 3 1.53 4 0.14496629210198328 0.0 42.8865674
true 0.031447116573235026 132 6 4 1.53 1 0.14496629210198328 0.0 0.6245269
true 0.0007502024224773918 1838 6 4 1.53 2 0.14496629210198328 0.0 13.0523925
true 0.2569259869791492 2380 6 4 1.53 3 0.14496629210198328 0.0 24.0660041
true 0.00011557444512895476 4767 6 4 1.53 4 0.14496629210198328 0.0 61.0521362
true 0.030825294115385937 181 6 5 1.53 1 0.14496629210198328 0.0 0.8861168
true 0.0007506281368133028 1711 6 5 1.53 2 0.14496629210198328 0.0 12.2658876
true 0.005553193210334428 4081 6 5 1.53 3 0.14496629210198328 0.0 41.3167223
true 0.000478287334682459 6523 6 5 1.53 4 0.14496629210198328 0.0 86.0713471
true 0.02570123747684161 192 6 6 1.53 1 0.14496629210198328 0.0 1.0253081
true 0.0006581152904755286 1749 6 6 1.53 2 0.14496629210198328 0.0 12.4261589
true 0.00043116057368781474 2550 6 6 1.53 3 0.14496629210198328 0.0 25.661958
true 0.0006526672930774006 2446 6 6 1.53 4 0.14496629210198328 0.0 31.283759
true 0.03240423212051097 123 6 1 1.54 1 0.14320052060549301 0.0 0.5643537
true 0.0009653241231081244 741 6 1 1.54 2 0.14320052060549301 0.0 5.3656312
true 0.00024158282870589964 2235 6 1 1.54 3 0.14320052060549301 0.0 22.2478974
true 0.001137385182687134 4572 6 1 1.54 4 0.14320052060549301 0.0 55.7436027
true 0.0320838692318236 131 6 2 1.54 1 0.14320052060549301 0.0 0.6060169
true 0.030132329039141925 355 6 2 1.54 2 0.14320052060549301 0.0 3.0605673
true 0.029741428279433824 1516 6 2 1.54 3 0.14320052060549301 0.0 14.9632619
true 0.00015294681264865773 4552 6 2 1.54 4 0.14320052060549301 0.0 54.6971041
true 0.031976988547967045 202 6 3 1.54 1 0.14320052060549301 0.0 0.9539055
true 0.0008990770016470973 664 6 3 1.54 2 0.14320052060549301 0.0 5.1521545
true 0.03072535841089391 614 6 3 1.54 3 0.14320052060549301 0.0 7.2390549
true 0.004638573452046953 2036 6 3 1.54 4 0.14320052060549301 0.0 26.678115
true 0.030971238750585203 152 6 4 1.54 1 0.14320052060549301 0.0 0.7356352
true 0.0007284571425685421 1776 6 4 1.54 2 0.14320052060549301 0.0 12.8314374
true 0.0001260530411154731 1934 6 4 1.54 3 0.14320052060549301 0.0 20.141811
true 0.000560137774409164 4356 6 4 1.54 4 0.14320052060549301 0.0 55.0376679
true 0.030367400820223156 122 6 5 1.54 1 0.14320052060549301 0.0 0.6384016
true 0.0007264535630285729 1004 6 5 1.54 2 0.14320052060549301 0.0 7.2406317
true 0.01836701524843859 1327 6 5 1.54 3 0.14320052060549301 0.0 13.801557
true 0.0005788905950434686 3299 6 5 1.54 4 0.14320052060549301 0.0 42.2437766
true 0.02530645264374683 246 6 6 1.54 1 0.14320052060549301 0.0 1.1696298
true 0.0006416966433574386 1193 6 6 1.54 2 0.14320052060549301 0.0 8.6075642
true 0.0006062204984248106 4669 6 6 1.54 3 0.14320052060549301 0.0 44.3438092
true 0.0004005322405299013 5024 6 6 1.54 4 0.14320052060549301 0.0 63.8620394
true 0.03189787142340539 102 6 1 1.55 1 0.14146953786835154 0.0 0.5021525
true 0.0009389062069400933 405 6 1 1.55 2 0.14146953786835154 0.0 3.1787977
true 2.585192848880702e-5 1981 6 1 1.55 3 0.14146953786835154 0.0 19.2995269
true 8.70313291030933e-5 5696 6 1 1.55 4 0.14146953786835154 0.0 68.9970822
true 0.03158900462637007 172 6 2 1.55 1 0.14146953786835154 0.0 0.7970121
true 0.0008612486885223869 1382 6 2 1.55 2 0.14146953786835154 0.0 10.089855
true 0.0005188839297699532 1849 6 2 1.55 3 0.14146953786835154 0.0 18.9927438
true 0.000464483948136335 5036 6 2 1.55 4 0.14146953786835154 0.0 61.8581327
true 0.03148583648961926 114 6 3 1.55 1 0.14146953786835154 0.0 0.6253196
true 0.0008741045281158525 1308 6 3 1.55 2 0.14146953786835154 0.0 9.2778342
true 0.0004288538795210739 1932 6 3 1.55 3 0.14146953786835154 0.0 20.0646127
true 0.00010281524901134542 4088 6 3 1.55 4 0.14146953786835154 0.0 49.4792224
true 0.030506885902911757 244 6 4 1.55 1 0.14146953786835154 0.0 1.0900006
true 0.0007056422219722108 1340 6 4 1.55 2 0.14146953786835154 0.0 9.4881272
true 0.0009829252414495643 5734 6 4 1.55 3 0.14146953786835154 0.0 55.4932405
true 0.0007440939944994146 3916 6 4 1.55 4 0.14146953786835154 0.0 47.709822
true 0.02991939894976966 168 6 5 1.55 1 0.14146953786835154 0.0 0.867474
true 0.0009668071991510985 639 6 5 1.55 2 0.14146953786835154 0.0 5.0309748
true 0.21142662531596806 1851 6 5 1.55 3 0.14146953786835154 0.0 18.5197998
true 0.0015196192101325945 4460 6 5 1.55 4 0.14146953786835154 0.0 56.4569953
true 0.18117409414687916 359 6 6 1.55 1 0.14146953786835154 0.0 1.7848043
true 0.0017786531295831225 420 6 6 1.55 2 0.14146953786835154 0.0 3.665533
true 0.0004600505017423688 5055 6 6 1.55 3 0.14146953786835154 0.0 51.3303584
true 0.000507946648066887 5771 6 6 1.55 4 0.14146953786835154 0.0 71.6212222
true 0.03140397733311823 109 6 1 1.56 1 0.13977241481340572 0.0 0.5198745
true 0.05503723514153602 267 6 1 1.56 2 0.13977241481340572 0.0 2.4003617
true 5.925111080323786e-5 2896 6 1 1.56 3 0.13977241481340572 0.0 27.5996743
true 2.7412049590447296e-5 1928 6 1 1.56 4 0.13977241481340572 0.0 26.2791087
true 0.031105725176366478 134 6 2 1.56 1 0.13977241481340572 0.0 0.6643082
true 0.0008373181672407248 545 6 2 1.56 2 0.13977241481340572 0.0 4.0170594
true 0.0010939068482127556 4376 6 2 1.56 3 0.13977241481340572 0.0 42.9478459
true 0.00041342882504766254 4191 6 2 1.56 4 0.13977241481340572 0.0 52.2328482
true 0.031006205968098093 156 6 3 1.56 1 0.13977241481340572 0.0 0.7278738
true 0.05272313980190402 516 6 3 1.56 2 0.13977241481340572 0.0 4.2126025
true 8.152250728658365e-5 7283 6 3 1.56 3 0.13977241481340572 0.0 69.662907
true 0.00068830700810113 3709 6 3 1.56 4 0.13977241481340572 0.0 45.4597912
true 0.030055212360427727 127 6 4 1.56 1 0.13977241481340572 0.0 0.6468632
true 0.000689903142444076 1319 6 4 1.56 2 0.13977241481340572 0.0 9.4738651
true 0.00015350794223578657 2729 6 4 1.56 3 0.13977241481340572 0.0 27.0646778
true 0.0006412088610066313 3148 6 4 1.56 4 0.13977241481340572 0.0 39.5032752
true 0.029481547268372564 113 6 5 1.56 1 0.13977241481340572 0.0 0.589809
true 0.0006901138590553746 789 6 5 1.56 2 0.13977241481340572 0.0 5.800583
true 0.00015899273310834294 3783 6 5 1.56 3 0.13977241481340572 0.0 38.2264432
true 0.0007021672394347145 2989 6 5 1.56 4 0.13977241481340572 0.0 37.8135676
true 0.02456825748559611 201 6 6 1.56 1 0.13977241481340572 0.0 0.9974596
true 0.0006042940034166425 996 6 6 1.56 2 0.13977241481340572 0.0 7.6591213
true 0.0002495846474108628 5659 6 6 1.56 3 0.13977241481340572 0.0 55.8451212
true 0.0003935517299348083 5193 6 6 1.56 4 0.13977241481340572 0.0 64.3113755
true 0.030921376111289145 129 6 1 1.57 1 0.1381082521562763 0.0 0.6174997
true 0.0008859005330872916 1072 6 1 1.57 2 0.1381082521562763 0.0 7.8943327
true 5.790764594804099e-5 3140 6 1 1.57 3 0.1381082521562763 0.0 29.984629
true 0.0007432352842640655 2131 6 1 1.57 4 0.1381082521562763 0.0 29.0801309
true 0.030633969716980403 112 6 2 1.57 1 0.1381082521562763 0.0 0.5616289
true 0.0008148913665852464 1391 6 2 1.57 2 0.1381082521562763 0.0 9.6512328
true 0.00022112917395061826 5757 6 2 1.57 3 0.1381082521562763 0.0 55.2764081
true 0.0004707215006221621 2987 6 2 1.57 4 0.1381082521562763 0.0 38.2338002
true 0.030537849227965097 201 6 3 1.57 1 0.1381082521562763 0.0 0.9466181
true 0.0008272836059983191 1552 6 3 1.57 2 0.1381082521562763 0.0 11.3398384
true 0.00014267559223468673 3465 6 3 1.57 3 0.1381082521562763 0.0 33.6417142
true 0.00115137471316575 4798 6 3 1.57 4 0.1381082521562763 0.0 58.8514238
true 0.029611165041693602 129 6 4 1.57 1 0.1381082521562763 0.0 0.6296962
true 0.0008985185081664265 408 6 4 1.57 2 0.1381082521562763 0.0 3.5145482
true 8.677216203989424e-5 3317 6 4 1.57 3 0.1381082521562763 0.0 33.6648901
true 0.0002965744330177267 3153 6 4 1.57 4 0.1381082521562763 0.0 38.9811103
true 0.029054168238679946 186 6 5 1.57 1 0.1381082521562763 0.0 0.9268491
true 0.006483646629204531 1253 6 5 1.57 2 0.1381082521562763 0.0 10.0368232
true 0.0001335284932530434 6669 6 5 1.57 3 0.1381082521562763 0.0 66.4911747
true 0.0004927547487170725 3392 6 5 1.57 4 0.1381082521562763 0.0 43.7623211
true 0.024212445906198254 225 6 6 1.57 1 0.1381082521562763 0.0 1.05228
true 0.0005855718356885623 577 6 6 1.57 2 0.1381082521562763 0.0 4.6268585
true 0.00022663742053572836 2500 6 6 1.57 3 0.1381082521562763 0.0 24.8266718
true 0.00013578192025960148 4226 6 6 1.57 4 0.1381082521562763 0.0 52.8202225
true 0.030450467374346313 105 6 1 1.58 1 0.13647617938387846 0.0 0.4889462
true 0.0008608505424806401 1052 6 1 1.58 2 0.13647617938387846 0.0 7.5079121
true 0.0006577055943386423 2175 6 1 1.58 3 0.13647617938387846 0.0 21.6140514
true 0.0019537025189853563 3028 6 1 1.58 4 0.13647617938387846 0.0 39.8726886
true 0.030172875569061258 123 6 2 1.58 1 0.13647617938387846 0.0 0.5748003
true 0.0007923070373915264 905 6 2 1.58 2 0.13647617938387846 0.0 6.4702548
true 8.182835909550934e-5 1746 6 2 1.58 3 0.13647617938387846 0.0 17.4731296
true 0.0012340509458939053 3182 6 2 1.58 4 0.13647617938387846 0.0 40.4036969
true 0.03008061038611533 112 6 3 1.58 1 0.13647617938387846 0.0 0.5767981
true 0.0008031307996754963 575 6 3 1.58 2 0.13647617938387846 0.0 4.3419148
true 0.0001679227111859675 3366 6 3 1.58 3 0.13647617938387846 0.0 32.6731191
true 0.0014339667760210155 3622 6 3 1.58 4 0.13647617938387846 0.0 45.6224114
true 0.02917766100695264 186 6 4 1.58 1 0.13647617938387846 0.0 0.8461032
true 0.0008026263773053544 553 6 4 1.58 2 0.13647617938387846 0.0 4.278171
true 0.007186087707524852 5699 6 4 1.58 3 0.13647617938387846 0.0 55.0766867
true 0.0005783130903291023 17124 6 4 1.58 4 0.13647617938387846 0.0 213.5549438
true 0.028635670800653202 143 6 5 1.58 1 0.13647617938387846 0.0 0.724742
true 0.0006634358595101863 1234 6 5 1.58 2 0.13647617938387846 0.0 8.921552
true 0.00013808898059850528 1403 6 5 1.58 3 0.13647617938387846 0.0 14.3045613
true 0.0031668620351187004 3972 6 5 1.58 4 0.13647617938387846 0.0 49.4857257
true 0.02386312283935595 176 6 6 1.58 1 0.13647617938387846 0.0 0.8699877
true 0.0005761254157312471 1320 6 6 1.58 2 0.13647617938387846 0.0 9.5926941
true 0.014582642262717355 2556 6 6 1.58 3 0.13647617938387846 0.0 25.6599937
true 0.00015458037008587536 7163 6 6 1.58 4 0.13647617938387846 0.0 92.9389548
true 0.029990704164675752 105 6 1 1.59 1 0.13487535376348045 0.0 0.5197285
true 0.0008369968842427689 1098 6 1 1.59 2 0.13487535376348045 0.0 7.5712699
true 7.226880258659474e-5 2706 6 1 1.59 3 0.13487535376348045 0.0 26.4301439
true 0.00017703962723741862 6820 6 1 1.59 4 0.13487535376348045 0.0 83.7813436
true 0.029723259435628147 137 6 2 1.59 1 0.13487535376348045 0.0 0.631346
true 0.0007712041589001961 721 6 2 1.59 2 0.13487535376348045 0.0 5.2537111
true 4.050672986483095e-5 4009 6 2 1.59 3 0.13487535376348045 0.0 37.2934241
true 0.0002367807965804325 6854 6 2 1.59 4 0.13487535376348045 0.0 81.7394635
true 0.02963380773624469 109 6 3 1.59 1 0.13487535376348045 0.0 0.5608759
true 0.0007814683343768855 1509 6 3 1.59 2 0.13487535376348045 0.0 10.9558867
true 0.028506761534250358 1330 6 3 1.59 3 0.13487535376348045 0.0 14.0640945
true 0.0005826914698038865 4389 6 3 1.59 4 0.13487535376348045 0.0 53.6981589
true 0.02875467154966857 139 6 4 1.59 1 0.13487535376348045 0.0 0.654527
true 0.0006333167338726797 1010 6 4 1.59 2 0.13487535376348045 0.0 7.056409
true 0.021410858401810465 2586 6 4 1.59 3 0.13487535376348045 0.0 26.8225007
true 0.0006958016446920873 3176 6 4 1.59 4 0.13487535376348045 0.0 39.6229755
true 0.02822696340772407 162 6 5 1.59 1 0.13487535376348045 0.0 0.7925129
true 0.0008559135423877983 1589 6 5 1.59 2 0.13487535376348045 0.0 12.1608288
true 0.0006024074560377901 2570 6 5 1.59 3 0.13487535376348045 0.0 25.256451
true 0.0006452001218716474 4891 6 5 1.59 4 0.13487535376348045 0.0 60.0003427
true 0.1801920782070627 207 6 6 1.59 1 0.13487535376348045 0.0 1.0052406
true 0.000566086550789463 2052 6 6 1.59 2 0.13487535376348045 0.0 15.219237
true 0.17566593085981527 2397 6 6 1.59 3 0.13487535376348045 0.0 24.5067806
true 0.0005804583340293193 4697 6 6 1.59 4 0.13487535376348045 0.0 57.6972497
true 0.029541709889420897 125 6 1 1.6 1 0.1333049593821452 0.0 0.5875181
true 0.028934881253810496 314 6 1 1.6 2 0.1333049593821452 0.0 2.7399732
true 0.0013912003318374278 1357 6 1 1.6 3 0.1333049593821452 0.0 13.3321889
true 0.00021204567978966304 4662 6 1 1.6 4 0.1333049593821452 0.0 57.2090178
true 0.02928308599370308 115 6 2 1.6 1 0.1333049593821452 0.0 0.6022017
true 0.0007505324096271915 880 6 2 1.6 2 0.1333049593821452 0.0 6.487045
true 0.00019008532307665527 4095 6 2 1.6 3 0.1333049593821452 0.0 40.4299337
true 0.0007035837782525534 6380 6 2 1.6 4 0.1333049593821452 0.0 79.2674297
true 0.029196570268630484 146 6 3 1.6 1 0.1333049593821452 0.0 0.6625855
true 0.0007613983544865014 1241 6 3 1.6 2 0.1333049593821452 0.0 8.8985803
true 0.0004337049324339426 3930 6 3 1.6 3 0.1333049593821452 0.0 38.1958191
true 0.0006212772538165545 2974 6 3 1.6 4 0.1333049593821452 0.0 39.1015494
true 0.02834049729192592 244 6 4 1.6 1 0.1333049593821452 0.0 1.1492325
true 0.0006153343748096368 723 6 4 1.6 2 0.1333049593821452 0.0 5.2686686
true 0.0002761886985434281 3011 6 4 1.6 3 0.1333049593821452 0.0 29.8534941
true 0.0006186528162297061 6674 6 4 1.6 4 0.1333049593821452 0.0 82.1425765
true 0.027827371571697845 123 6 5 1.6 1 0.1333049593821452 0.0 0.6353517
true 0.006078473458537337 568 6 5 1.6 2 0.1333049593821452 0.0 4.5630395
true 0.01746191364351839 2803 6 5 1.6 3 0.1333049593821452 0.0 28.6532592
true 0.0008173549456482743 1308 6 5 1.6 4 0.1333049593821452 0.0 19.948731
true 0.023189564965276705 264 6 6 1.6 1 0.1333049593821452 0.0 1.2157432
true 0.0005445636175968512 2525 6 6 1.6 2 0.1333049593821452 0.0 18.3993376
true 0.00015752790356795185 2435 6 6 1.6 3 0.1333049593821452 0.0 24.2133767
true 0.0005439860924746817 6042 6 6 1.6 4 0.1333049593821452 0.0 73.7614034
true 0.029103022671224166 108 6 1 1.61 1 0.13176420621645163 0.0 0.5337577
true 0.0007919549197386577 516 6 1 1.61 2 0.13176420621645163 0.0 3.862655
true 5.455681976324067e-5 2689 6 1 1.61 3 0.13176420621645163 0.0 26.8256977
true 0.0001422592368061637 5806 6 1 1.61 4 0.13176420621645163 0.0 70.7782531
true 0.028853839734367864 112 6 2 1.61 1 0.13176420621645163 0.0 0.5766882
true 0.026240144422848555 2186 6 2 1.61 2 0.13176420621645163 0.0 15.8172977
true 0.0006646809282314925 586 6 2 1.61 3 0.13176420621645163 0.0 7.2651212
true 0.00019984187980365276 2544 6 2 1.61 4 0.13176420621645163 0.0 33.2626717
true 0.028770175931294866 121 6 3 1.61 1 0.13176420621645163 0.0 0.6020817
true 0.0007396990830925154 602 6 3 1.61 2 0.13176420621645163 0.0 4.4558587
true 7.349888756158496e-5 2262 6 3 1.61 3 0.13176420621645163 0.0 22.956371
true 0.00016308235511151384 1988 6 3 1.61 4 0.13176420621645163 0.0 25.9707946
true 0.263634797106134 148 6 4 1.61 1 0.13176420621645163 0.0 0.7528697
true 0.0006012223979239423 1290 6 4 1.61 2 0.13176420621645163 0.0 9.1367925
true 0.00010709387335854081 7065 6 4 1.61 3 0.13176420621645163 0.0 67.3640999
true 9.157776582366384e-5 4468 6 4 1.61 4 0.13176420621645163 0.0 56.1160124
true 0.027435561267747786 154 6 5 1.61 1 0.13176420621645163 0.0 0.7518345
true 0.0006107008924768675 360 6 5 1.61 2 0.13176420621645163 0.0 3.3900281
true 0.0004535864996019212 2750 6 5 1.61 3 0.13176420621645163 0.0 27.0833319
true 0.006718339542748508 3717 6 5 1.61 4 0.13176420621645163 0.0 48.3105315
true 0.17982907782428445 220 6 6 1.61 1 0.13176420621645163 0.0 1.1104034
true 0.0005703259554939536 461 6 6 1.61 2 0.13176420621645163 0.0 3.7082498
true 0.009504547019884013 2127 6 6 1.61 3 0.13176420621645163 0.0 21.4399621
true 0.00020604081476840083 7092 6 6 1.61 4 0.13176420621645163 0.0 88.8882379
true 0.028674282333326973 113 6 1 1.62 1 0.1302523292320997 0.0 0.5654151
true 0.000774013250181449 482 6 1 1.62 2 0.1302523292320997 0.0 3.9020137
true 0.0013098656862723934 1346 6 1 1.62 3 0.1302523292320997 0.0 13.9115639
true 0.000485792749131464 1682 6 1 1.62 4 0.1302523292320997 0.0 21.6550905
true 0.028433491465729127 132 6 2 1.62 1 0.1302523292320997 0.0 0.638185
true 0.02652125199338884 654 6 2 1.62 2 0.1302523292320997 0.0 5.0574356
true 0.0009989598316454407 1759 6 2 1.62 3 0.1302523292320997 0.0 17.7086409
true 0.00012856848406647692 4364 6 2 1.62 4 0.1302523292320997 0.0 51.9520347
true 0.028352618873911013 107 6 3 1.62 1 0.1302523292320997 0.0 0.5296229
true 0.0007214262581225483 691 6 3 1.62 2 0.1302523292320997 0.0 5.0374225
true 0.027254685084235657 1916 6 3 1.62 3 0.1302523292320997 0.0 19.1917577
true 0.000542940504636269 2073 6 3 1.62 4 0.1302523292320997 0.0 26.4043425
true 0.2634452215529937 232 6 4 1.62 1 0.1302523292320997 0.0 1.1201751
true 0.0005825845877721753 1083 6 4 1.62 2 0.1302523292320997 0.0 7.6388861
true 0.0001515754408015213 6342 6 4 1.62 3 0.1302523292320997 0.0 62.4375717
true 0.003966714431728316 7823 6 4 1.62 4 0.1302523292320997 0.0 100.4037475
true 0.02705286319236243 136 6 5 1.62 1 0.1302523292320997 0.0 0.6788414
true 0.0005908699250855021 1362 6 5 1.62 2 0.1302523292320997 0.0 9.6453378
true 9.723915349790779e-5 4250 6 5 1.62 3 0.1302523292320997 0.0 41.1344827
true 0.0004774789987123995 3726 6 5 1.62 4 0.1302523292320997 0.0 46.0012858
true 0.1796526399690861 119 6 6 1.62 1 0.1302523292320997 0.0 0.6604561
true 0.0005141352405307886 1476 6 6 1.62 2 0.1302523292320997 0.0 10.5708179
true 0.018281019617039384 1513 6 6 1.62 3 0.1302523292320997 0.0 16.3468823
true 0.0003340685126513865 2272 6 6 1.62 4 0.1302523292320997 0.0 29.7929808
true 0.028255412916541656 144 6 1 1.63 1 0.1287685875130133 0.0 0.648856
true 0.0007490015850558085 774 6 1 1.63 2 0.1287685875130133 0.0 5.6380941
true 0.0005732992585282815 1210 6 1 1.63 3 0.1287685875130133 0.0 12.0459846
true 0.0005943763711771521 1581 6 1 1.63 4 0.1287685875130133 0.0 21.2319256
true 0.028022660398081795 121 6 2 1.63 1 0.1287685875130133 0.0 0.5998364
true 0.0006917787027187483 716 6 2 1.63 2 0.1287685875130133 0.0 5.1956567
true 9.599836373280768e-5 981 6 2 1.63 3 0.1287685875130133 0.0 10.2509355
true 0.00012238711646767042 4909 6 2 1.63 4 0.1287685875130133 0.0 62.0085047
true 0.02794476992850059 202 6 3 1.63 1 0.1287685875130133 0.0 0.9535824
true 0.0007011703149882864 877 6 3 1.63 2 0.1287685875130133 0.0 6.188318
true 0.0003671135677840905 4617 6 3 1.63 3 0.1287685875130133 0.0 45.0254527
true 0.000517218443086905 3570 6 3 1.63 4 0.1287685875130133 0.0 46.0794457
true 0.027153344174410593 141 6 4 1.63 1 0.1287685875130133 0.0 0.7162842
true 0.0005658343065818305 1024 6 4 1.63 2 0.1287685875130133 0.0 7.4072558
true 0.0001417574779407349 4983 6 4 1.63 3 0.1287685875130133 0.0 48.4508649
true 0.00041107537805036565 4079 6 4 1.63 4 0.1287685875130133 0.0 50.5397986
true 0.026678339286470298 174 6 5 1.63 1 0.1287685875130133 0.0 0.8917361
true 0.0005716433308218027 1050 6 5 1.63 2 0.1287685875130133 0.0 7.6578467
true 0.00013149232014317836 4948 6 5 1.63 3 0.1287685875130133 0.0 48.7797614
true 0.0005372909242121083 6076 6 5 1.63 4 0.1287685875130133 0.0 73.861607
true 0.022231842182533924 189 6 6 1.63 1 0.1287685875130133 0.0 0.9282495
true 0.0005039893209395815 2294 6 6 1.63 2 0.1287685875130133 0.0 16.844696
true 0.01794455449953865 1945 6 6 1.63 3 0.1287685875130133 0.0 19.4711558
true 0.0004245846758721787 5412 6 6 1.63 4 0.1287685875130133 0.0 69.7962893
true 0.027845969678333915 160 6 1 1.64 1 0.12731226341949994 0.0 0.7310306
true 0.0007288469126351393 913 6 1 1.64 2 0.12731226341949994 0.0 6.6100452
true 4.0542839613855186e-5 2451 6 1 1.64 3 0.12731226341949994 0.0 23.6442916
true 0.0005844540148510213 1996 6 1 1.64 4 0.12731226341949994 0.0 25.6001641
true 0.027620938719910698 126 6 2 1.64 1 0.12731226341949994 0.0 0.624614
true 0.0006734848768881752 662 6 2 1.64 2 0.12731226341949994 0.0 4.7931237
true 0.0009357676163292417 985 6 2 1.64 3 0.12731226341949994 0.0 10.5193884
true 0.00019646042760546045 1985 6 2 1.64 4 0.12731226341949994 0.0 26.0142201
true 0.3426162121420326 88 6 3 1.64 1 0.12731226341949994 0.0 0.4790005
true 0.0006829366415903962 965 6 3 1.64 2 0.12731226341949994 0.0 6.8714898
true 0.0011906918708377752 750 6 3 1.64 3 0.12731226341949994 0.0 8.2311922
true 9.830090355165504e-5 2946 6 3 1.64 4 0.12731226341949994 0.0 36.9932112
true 0.26307675768335387 109 6 4 1.64 1 0.12731226341949994 0.0 0.549254
true 0.0006376695207990501 708 6 4 1.64 2 0.12731226341949994 0.0 5.5569809
true 0.00010863390454261823 4230 6 4 1.64 3 0.12731226341949994 0.0 41.4032738
true 0.0005649168008856204 4885 6 4 1.64 4 0.12731226341949994 0.0 59.6823998
true 0.02631224333786749 149 6 5 1.64 1 0.12731226341949994 0.0 0.8187046
true 0.0005572692498857279 1495 6 5 1.64 2 0.12731226341949994 0.0 10.9840475
true 0.015981487195411436 3873 6 5 1.64 3 0.12731226341949994 0.0 39.2269107
true 0.00013977554622659482 3500 6 5 1.64 4 0.12731226341949994 0.0 43.975244
true 0.021926483732678175 157 6 6 1.64 1 0.12731226341949994 0.0 0.8222785
true 0.0004965728758470159 1668 6 6 1.64 2 0.12731226341949994 0.0 12.1666672
true 0.00018030195570896876 3144 6 6 1.64 3 0.12731226341949994 0.0 31.7748542
true 0.16689650768126948 3320 6 6 1.64 4 0.12731226341949994 0.0 43.8332242
true 0.027446076961687993 105 6 1 1.65 1 0.125882661774852 0.0 0.4991929
true 0.025703862564097624 568 6 1 1.65 2 0.125882661774852 0.0 4.4439456
true 0.00019898506997256815 2262 6 1 1.65 3 0.125882661774852 0.0 22.8110007
true 0.0006007079170929908 3672 6 1 1.65 4 0.125882661774852 0.0 46.0039687
true 0.027228339869565105 150 6 2 1.65 1 0.125882661774852 0.0 0.7399301
true 0.0006560888763216532 1113 6 2 1.65 2 0.125882661774852 0.0 8.3093962
true 0.0006629034330452865 1262 6 2 1.65 3 0.125882661774852 0.0 12.9627698
true 0.0008531668741223464 5462 6 2 1.65 4 0.125882661774852 0.0 67.6446059
true 0.027155736341096397 116 6 3 1.65 1 0.125882661774852 0.0 0.5913472
true 0.000664709397368272 648 6 3 1.65 2 0.125882661774852 0.0 4.8580437
true 9.534316014396065e-5 4222 6 3 1.65 3 0.125882661774852 0.0 41.6478041
true 0.00010437630113872369 2684 6 3 1.65 4 0.125882661774852 0.0 34.1817224
true 0.02640423628575178 146 6 4 1.65 1 0.125882661774852 0.0 0.7246279
true 0.000541636197770784 1390 6 4 1.65 2 0.125882661774852 0.0 9.8360011
true 0.0007919449755996455 3676 6 4 1.65 3 0.125882661774852 0.0 36.3841617
true 0.00038987216397595725 6388 6 4 1.65 4 0.125882661774852 0.0 79.3784097
true 0.21497478054407337 167 6 5 1.65 1 0.125882661774852 0.0 0.8155111
true 0.0005461070714234739 2476 6 5 1.65 2 0.125882661774852 0.0 18.0597745
true 0.020865931499674417 2110 6 5 1.65 3 0.125882661774852 0.0 22.978691
true 0.0005242107831386677 3479 6 5 1.65 4 0.125882661774852 0.0 43.5346547
true 0.17929137735873488 129 6 6 1.65 1 0.125882661774852 0.0 0.6931541
true 0.0004789572727091999 1875 6 6 1.65 2 0.125882661774852 0.0 13.5064001
true 0.00016817579227898505 5049 6 6 1.65 3 0.125882661774852 0.0 50.6002246
true 0.0011184214958099847 7881 6 6 1.65 4 0.125882661774852 0.0 99.9576048
true 0.027054483671788754 183 6 1 1.66 1 0.12447910907986316 0.0 0.8404431
true 0.0006911977382413337 490 6 1 1.66 2 0.12447910907986316 0.0 3.7289642
true 0.02655790870614938 1038 6 1 1.66 3 0.12447910907986316 0.0 11.2672153
true 0.0003814888490600299 2466 6 1 1.66 4 0.12447910907986316 0.0 31.1951199
true 0.026844837174978264 103 6 2 1.66 1 0.12447910907986316 0.0 0.5494454
true 0.0006390580174586991 717 6 2 1.66 2 0.12447910907986316 0.0 5.183776
true 5.20950594458669e-5 4303 6 2 1.66 3 0.12447910907986316 0.0 42.3933787
true 0.000338947318970495 7040 6 2 1.66 4 0.12447910907986316 0.0 87.8077802
true 0.026775991405502225 133 6 3 1.66 1 0.12447910907986316 0.0 0.6343779
true 0.0006470920162157667 741 6 3 1.66 2 0.12447910907986316 0.0 5.4270862
true 0.0005033825816561643 2033 6 3 1.66 3 0.12447910907986316 0.0 19.8358983
true 0.0005983889772145923 4329 6 3 1.66 4 0.12447910907986316 0.0 53.6006742
true 0.26251424326607475 120 6 4 1.66 1 0.12447910907986316 0.0 0.634022
true 0.0005249811261223564 1416 6 4 1.66 2 0.12447910907986316 0.0 9.9997608
true 0.00013800534071069237 2269 6 4 1.66 3 0.12447910907986316 0.0 23.4673212
true 0.0004535079630067773 7886 6 4 1.66 4 0.12447910907986316 0.0 99.1306904
true 0.21606455037600086 133 6 5 1.66 1 0.12447910907986316 0.0 0.6789313
true 0.015337892446408962 696 6 5 1.66 2 0.12447910907986316 0.0 5.31649
true 9.457385549149766e-5 3141 6 5 1.66 3 0.12447910907986316 0.0 32.0263112
true 0.0005510158251915698 3908 6 5 1.66 4 0.12447910907986316 0.0 48.8986349
true 0.02133540516512152 275 6 6 1.66 1 0.12447910907986316 0.0 1.4097035
true 0.0004686394989306675 1596 6 6 1.66 2 0.12447910907986316 0.0 11.5426133
true 9.693266883845086e-5 2456 6 6 1.66 3 0.12447910907986316 0.0 26.2274979
true 0.16690786281112632 4632 6 6 1.66 4 0.12447910907986316 0.0 57.4377164
true 0.026671877339979888 144 6 1 1.67 1 0.12310095275454412 0.0 0.682987
true 0.0006728374844326979 444 6 1 1.67 2 0.12310095275454412 0.0 3.6125368
true 0.0006509132220272051 1240 6 1 1.67 3 0.12310095275454412 0.0 12.5693832
true 0.0005578696577198672 1316 6 1 1.67 4 0.12310095275454412 0.0 19.2013199
true 0.026468707820482107 130 6 2 1.67 1 0.12310095275454412 0.0 0.6127494
true 0.0006227777139188595 1034 6 2 1.67 2 0.12310095275454412 0.0 7.8030376
true 0.0005971547583604464 2222 6 2 1.67 3 0.12310095275454412 0.0 21.2050777
true 0.0005280790683983294 4646 6 2 1.67 4 0.12310095275454412 0.0 57.3251848
true 0.026401291414809475 126 6 3 1.67 1 0.12310095275454412 0.0 0.6385414
true 0.041217369977950946 342 6 3 1.67 2 0.12310095275454412 0.0 2.9039567
true 0.0003244267705282596 2519 6 3 1.67 3 0.12310095275454412 0.0 25.821218
true 0.0006451087753267896 1820 6 3 1.67 4 0.12310095275454412 0.0 24.4160685
true 0.025686967379697667 131 6 4 1.67 1 0.12310095275454412 0.0 0.6671093
true 0.0005099799958516726 1570 6 4 1.67 2 0.12310095275454412 0.0 11.0243264
true 0.0004184119750616083 4385 6 4 1.67 3 0.12310095275454412 0.0 42.9981723
true 0.0001998890289044153 8136 6 4 1.67 4 0.12310095275454412 0.0 99.4422994
true 0.025257678089076186 150 6 5 1.67 1 0.12310095275454412 0.0 0.7775751
true 0.0005243283629873807 828 6 5 1.67 2 0.12310095275454412 0.0 6.3718382
true 0.00010560135368266055 2819 6 5 1.67 3 0.12310095275454412 0.0 27.6966274
true 0.0005110627234428012 5542 6 5 1.67 4 0.12310095275454412 0.0 68.8308079
true 0.17895990100425896 165 6 6 1.67 1 0.12310095275454412 0.0 0.8394918
true 0.00045617954388250487 2439 6 6 1.67 2 0.12310095275454412 0.0 17.6322743
true 0.01295406371003129 2644 6 6 1.67 3 0.12310095275454412 0.0 26.7406224
true 0.0001859554546993399 5212 6 6 1.67 4 0.12310095275454412 0.0 65.8309785
true 0.02629776099248826 111 6 1 1.68 1 0.12174756040643517 0.0 0.5877872
true 0.025852745821251577 455 6 1 1.68 2 0.12174756040643517 0.0 3.5958296
true 0.004925019980258072 1843 6 1 1.68 3 0.12174756040643517 0.0 18.2388089
true 0.00024287258530092393 2741 6 1 1.68 4 0.12174756040643517 0.0 33.8578684
true 0.026101566725487746 183 6 2 1.68 1 0.12174756040643517 0.0 0.8363495
true 0.0006067427698560612 979 6 2 1.68 2 0.12174756040643517 0.0 6.9940465
true 0.0009998936937221647 2432 6 2 1.68 3 0.12174756040643517 0.0 25.1102084
true 0.0002358553983038969 10592 6 2 1.68 4 0.12174756040643517 0.0 131.1865704
true 0.026035422529220253 117 6 3 1.68 1 0.12174756040643517 0.0 0.618657
true 0.0006156816140603741 490 6 3 1.68 2 0.12174756040643517 0.0 3.7486665
true 0.025205370076245164 953 6 3 1.68 3 0.12174756040643517 0.0 10.5550109
true 9.335494892465102e-5 2751 6 3 1.68 4 0.12174756040643517 0.0 35.1229941
true 0.02533901275718764 189 6 4 1.68 1 0.12174756040643517 0.0 0.8617692
true 0.0004980976838708517 2714 6 4 1.68 2 0.12174756040643517 0.0 19.8621018
true 6.899633617350742e-5 9003 6 4 1.68 3 0.12174756040643517 0.0 86.5110609
true 0.00018653350640020216 1524 6 4 1.68 4 0.12174756040643517 0.0 21.5242146
true 0.024920974707781218 115 6 5 1.68 1 0.12174756040643517 0.0 0.6304182
true 0.0005100174822639358 1166 6 5 1.68 2 0.12174756040643517 0.0 8.750798
true 7.229106771370342e-5 4702 6 5 1.68 3 0.12174756040643517 0.0 47.1502837
true 9.233868092197727e-5 8780 6 5 1.68 4 0.12174756040643517 0.0 110.8404415
true 0.17879945026053676 156 6 6 1.68 1 0.12174756040643517 0.0 0.7779126
true 0.03090198380761434 554 6 6 1.68 2 0.12174756040643517 0.0 4.4550227
true 8.475220897299907e-5 6243 6 6 1.68 3 0.12174756040643517 0.0 61.9464582
true 0.0006423172399318925 11255 6 6 1.68 4 0.12174756040643517 0.0 135.9893619
true 0.02593125099582194 94 6 1 1.69 1 0.12041831912479119 0.0 0.4708735
true 0.0008592194487120342 300 6 1 1.69 2 0.12041831912479119 0.0 2.6845017
true 0.0006360730475276632 1753 6 1 1.69 3 0.12041831912479119 0.0 17.5245296
true 0.000292147224422723 1827 6 1 1.69 4 0.12041831912479119 0.0 23.172565
true 0.025741354276003603 122 6 2 1.69 1 0.12041831912479119 0.0 0.5806978
true 0.000591560847149647 281 6 2 1.69 2 0.12041831912479119 0.0 2.5053147
true 0.024248893138273997 3309 6 2 1.69 3 0.12041831912479119 0.0 32.2082191
true 0.012826898784821628 887 6 2 1.69 4 0.12041831912479119 0.0 13.4252259
true 0.02567789927225798 240 6 3 1.69 1 0.12041831912479119 0.0 1.1341881
true 0.0005981768502497838 1843 6 3 1.69 2 0.12041831912479119 0.0 13.5209817
true 0.024867931551994404 1013 6 3 1.69 3 0.12041831912479119 0.0 10.9088316
true 0.0003306053326094423 937 6 3 1.69 4 0.12041831912479119 0.0 13.7391356
true 0.024998442502773027 153 6 4 1.69 1 0.12041831912479119 0.0 0.7364706
true 0.00048821064875261 1645 6 4 1.69 2 0.12041831912479119 0.0 11.7706974
true 0.0010302291989049 668 6 4 1.69 3 0.12041831912479119 0.0 8.2218898
true 0.0005338726764776147 4086 6 4 1.69 4 0.12041831912479119 0.0 50.8010967
true 0.024591053058660727 162 6 5 1.69 1 0.12041831912479119 0.0 0.7919698
true 0.0005356605748074505 398 6 5 1.69 2 0.12041831912479119 0.0 3.4132879
true 0.00021571260452595274 1673 6 5 1.69 3 0.12041831912479119 0.0 16.981018
true 8.95088757129292e-5 7857 6 5 1.69 4 0.12041831912479119 0.0 98.810907
true 0.17950600114466775 183 6 6 1.69 1 0.12041831912479119 0.0 0.9338308
true 0.0004302500121164954 1325 6 6 1.69 2 0.12041831912479119 0.0 10.182656
true 0.016507127972005486 1999 6 6 1.69 3 0.12041831912479119 0.0 21.3770443
true 0.000689251177974313 5238 6 6 1.69 4 0.12041831912479119 0.0 64.8889489
true 0.025572849671141096 145 6 1 1.7 1 0.11911263479990587 0.0 0.6565334
true 0.025155011617586043 741 6 1 1.7 2 0.11911263479990587 0.0 5.8593602
true 0.00016432890660750266 1757 6 1 1.7 3 0.11911263479990587 0.0 17.9462236
true 2.0108169492882855e-5 2773 6 1 1.7 4 0.11911263479990587 0.0 34.8004586
true 0.02538931450713816 130 6 2 1.7 1 0.11911263479990587 0.0 0.5984081
true 0.0005784646186897391 998 6 2 1.7 2 0.11911263479990587 0.0 6.8506528
true 0.0005328875933574562 4402 6 2 1.7 3 0.11911263479990587 0.0 42.9965504
true 0.012699488026804817 3244 6 2 1.7 4 0.11911263479990587 0.0 40.8141439
true 0.025328796797702873 101 6 3 1.7 1 0.11911263479990587 0.0 0.5075896
true 0.0005942813039722106 605 6 3 1.7 2 0.11911263479990587 0.0 4.6837023
true 0.024487825044119393 1004 6 3 1.7 3 0.11911263479990587 0.0 11.1670345
true 0.0006075818218975182 3385 6 3 1.7 4 0.11911263479990587 0.0 41.6462034
true 0.024665559341333826 207 6 4 1.7 1 0.11911263479990587 0.0 0.9667899
true 0.00047596382064735154 1951 6 4 1.7 2 0.11911263479990587 0.0 13.9524003
true 0.01855692105545806 1601 6 4 1.7 3 0.11911263479990587 0.0 16.8499619
true 0.000370213376837486 8558 6 4 1.7 4 0.11911263479990587 0.0 103.1053522
true 0.024267736789181926 122 6 5 1.7 1 0.11911263479990587 0.0 0.6442359
true 0.0004796274340253093 1318 6 5 1.7 2 0.11911263479990587 0.0 9.6197437
true 0.014788446567149038 2205 6 5 1.7 3 0.11911263479990587 0.0 22.3564662
true 0.00036711900550083775 5161 6 5 1.7 4 0.11911263479990587 0.0 62.7584996
true 0.020223477981401478 203 6 6 1.7 1 0.11911263479990587 0.0 0.9863201
true 0.0004213566724818966 665 6 6 1.7 2 0.11911263479990587 0.0 4.9542496
true 0.00035819742005528216 3768 6 6 1.7 3 0.11911263479990587 0.0 36.7961312
true 0.0006223907944895394 5326 6 6 1.7 4 0.11911263479990587 0.0 66.2008299
true 0.02522241347403481 140 6 1 1.71 1 0.11782993146688864 0.0 0.6498818
true 0.0006052988552348038 978 6 1 1.71 2 0.11782993146688864 0.0 7.0835637
true 0.0001586732441007377 1664 6 1 1.71 3 0.11782993146688864 0.0 16.2408506
true 0.00010492979653453638 4015 6 1 1.71 4 0.11782993146688864 0.0 48.5199823
true 0.02504473456408421 182 6 2 1.71 1 0.11782993146688864 0.0 0.8298029
true 0.0005619893207730042 744 6 2 1.71 2 0.11782993146688864 0.0 5.3372244
true 0.0002705576528912734 3681 6 2 1.71 3 0.11782993146688864 0.0 36.3010405
true 0.0002713308786411739 5404 6 2 1.71 4 0.11782993146688864 0.0 66.8752594
true 0.024985687932784995 112 6 3 1.71 1 0.11782993146688864 0.0 0.5843773
true 0.0005693648864346645 836 6 3 1.71 2 0.11782993146688864 0.0 6.0459127
true 0.02406200211633745 1063 6 3 1.71 3 0.11782993146688864 0.0 11.5072952
true 0.00044166099802976183 9038 6 3 1.71 4 0.11782993146688864 0.0 112.4059108
true 0.02433896455791812 134 6 4 1.71 1 0.11782993146688864 0.0 0.6409717
true 0.00045838097486716745 1381 6 4 1.71 2 0.11782993146688864 0.0 9.8026102
true 0.0005945834738169398 2440 6 4 1.71 3 0.11782993146688864 0.0 23.7152421
true 6.962097545618051e-5 5032 6 4 1.71 4 0.11782993146688864 0.0 60.5481855
true 0.21386204706195294 157 6 5 1.71 1 0.11782993146688864 0.0 0.7801916
true 0.0004734303690255404 1047 6 5 1.71 2 0.11782993146688864 0.0 7.5572665
true 0.00990133884308747 2451 6 5 1.71 3 0.11782993146688864 0.0 24.1807952
true 0.00045175420783644116 6243 6 5 1.71 4 0.11782993146688864 0.0 78.4036804
true 0.33753733868577 196 6 6 1.71 1 0.11782993146688864 0.0 0.9903452
true 0.029197020223377047 968 6 6 1.71 2 0.11782993146688864 0.0 7.8747074
true 0.01921595056753368 1831 6 6 1.71 3 0.11782993146688864 0.0 18.7162776
true 0.00023044169603438544 4815 6 6 1.71 4 0.11782993146688864 0.0 61.6833806
true 0.024879147984211092 115 6 1 1.72 1 0.11656965067313527 0.0 0.5706756
true 0.0005909035776811566 574 6 1 1.72 2 0.11656965067313527 0.0 4.4474566
true 0.0002078582004149121 1630 6 1 1.72 3 0.11656965067313527 0.0 17.7001167
true 0.000392854435574852 4653 6 1 1.72 4 0.11656965067313527 0.0 58.6522151
true 0.024707072320915152 165 6 2 1.72 1 0.11656965067313527 0.0 0.8114101
true 0.0005478785347265147 2092 6 2 1.72 2 0.11656965067313527 0.0 15.8312592
true 0.0007653384557295972 1396 6 2 1.72 3 0.11656965067313527 0.0 13.9676037
true 0.00029631071234847983 2857 6 2 1.72 4 0.11656965067313527 0.0 37.9100964
true 0.02465039721690306 113 6 3 1.72 1 0.11656965067313527 0.0 0.5677742
true 0.000554163330616364 944 6 3 1.72 2 0.11656965067313527 0.0 7.0383526
true 6.648639986221265e-5 1132 6 3 1.72 3 0.11656965067313527 0.0 12.1150608
true 0.00032133305906613857 5376 6 3 1.72 4 0.11656965067313527 0.0 67.4252945
true 0.26175267484448794 125 6 4 1.72 1 0.11656965067313527 0.0 0.6547777
true 0.0004602353226811212 1791 6 4 1.72 2 0.11656965067313527 0.0 13.2999424
true 0.0003067509196650192 4379 6 4 1.72 3 0.11656965067313527 0.0 43.6570507
true 0.0003105566267136567 5052 6 4 1.72 4 0.11656965067313527 0.0 61.7608718
true 0.21382643455844788 221 6 5 1.72 1 0.11656965067313527 0.0 1.1404465
true 0.0004573503991691763 2328 6 5 1.72 2 0.11656965067313527 0.0 17.0301201
true 0.0004708549135943541 5447 6 5 1.72 3 0.11656965067313527 0.0 52.7601954
true 0.000952168380069962 1219 6 5 1.72 4 0.11656965067313527 0.0 17.6689957
true 0.019700856236680175 183 6 6 1.72 1 0.11656965067313527 0.0 0.864173
true 0.00040651988839060516 1595 6 6 1.72 2 0.11656965067313527 0.0 11.5198698
true 0.015974705273561752 1403 6 6 1.72 3 0.11656965067313527 0.0 14.8472116
true 0.0006131911079553335 5157 6 6 1.72 4 0.11656965067313527 0.0 64.2628572
true 0.02454332280868876 100 6 1 1.73 1 0.11533125086878497 0.0 0.4949786
true 0.0005750001732823251 427 6 1 1.73 2 0.11533125086878497 0.0 3.3494404
true 1.0018441652270837e-5 1223 6 1 1.73 3 0.11533125086878497 0.0 12.1891813
true 0.00043647713481831385 3280 6 1 1.73 4 0.11533125086878497 0.0 40.9644745
true 0.024377077196331948 118 6 2 1.73 1 0.11533125086878497 0.0 0.5790606
true 0.023145301177256522 580 6 2 1.73 2 0.11533125086878497 0.0 4.5421305
true 0.0003984708000668302 3738 6 2 1.73 3 0.11533125086878497 0.0 36.8894605
true 0.0004669655404541395 7372 6 2 1.73 4 0.11533125086878497 0.0 89.3542677
true 0.024321254250252573 158 6 3 1.73 1 0.11533125086878497 0.0 0.7514798
true 0.0005404991319733673 1095 6 3 1.73 2 0.11533125086878497 0.0 8.0971504
true 0.015701209344265426 1885 6 3 1.73 3 0.11533125086878497 0.0 18.9375251
true 5.2287381135385225e-5 3851 6 3 1.73 4 0.11533125086878497 0.0 46.8558932
true 0.023705923951084965 187 6 4 1.73 1 0.11533125086878497 0.0 0.9002589
true 0.0004490382937462345 2074 6 4 1.73 2 0.11533125086878497 0.0 15.1338418
true 0.00013747286867378528 3052 6 4 1.73 3 0.11533125086878497 0.0 30.6562568
true 0.00043069055311154014 1104 6 4 1.73 4 0.11533125086878497 0.0 15.852937
true 0.023336252420075466 134 6 5 1.73 1 0.11533125086878497 0.0 0.7102003
true 0.0004608793339592743 986 6 5 1.73 2 0.11533125086878497 0.0 7.1949706
true 7.48646847785861e-5 6540 6 5 1.73 3 0.11533125086878497 0.0 64.7382749
true 0.0004572956852679111 4008 6 5 1.73 4 0.11533125086878497 0.0 51.3907659
true 0.17804383820787892 176 6 6 1.73 1 0.11533125086878497 0.0 0.9056448
true 0.00039818777934929234 1614 6 6 1.73 2 0.11533125086878497 0.0 11.7760646
true 0.0005751803503288208 2867 6 6 1.73 3 0.11533125086878497 0.0 28.5480805
true 0.0004289216791537413 4777 6 6 1.73 4 0.11533125086878497 0.0 60.5082295
true 0.02421410456795875 104 6 1 1.74 1 0.11411420681941019 0.0 0.5232729
true 0.0005608178215474879 1204 6 1 1.74 2 0.11411420681941019 0.0 8.3765239
true 0.0001351609272677301 4220 6 1 1.74 3 0.11411420681941019 0.0 39.4218332
true 0.0003860854058642116 1887 6 1 1.74 4 0.11411420681941019 0.0 24.4976533
true 0.02405317946161528 138 6 2 1.74 1 0.11411420681941019 0.0 0.6556226
true 0.042444239432545605 404 6 2 1.74 2 0.11411420681941019 0.0 3.5178966
true 0.0007268015865252997 5577 6 2 1.74 3 0.11411420681941019 0.0 53.0606083
true 0.0002812330703897137 4443 6 2 1.74 4 0.11411420681941019 0.0 53.8972878
true 0.023999483991805976 159 6 3 1.74 1 0.11411420681941019 0.0 0.7116637
true 0.0005284353179929221 1443 6 3 1.74 2 0.11411420681941019 0.0 10.3435904
true 0.02329360766474971 994 6 3 1.74 3 0.11411420681941019 0.0 10.724156
true 0.0003103841177236055 3922 6 3 1.74 4 0.11411420681941019 0.0 48.0297829
true 0.02339860022781612 197 6 4 1.74 1 0.11411420681941019 0.0 0.98673
true 0.0004400897037345475 1731 6 4 1.74 2 0.11411420681941019 0.0 12.3626444
true 0.000857690505059433 4571 6 4 1.74 3 0.11411420681941019 0.0 45.7225172
true 0.0006294475144608402 1219 6 4 1.74 4 0.11411420681941019 0.0 18.2484948
true 0.023038020459866415 272 6 5 1.74 1 0.11411420681941019 0.0 1.3487458
true 0.0007368442891716009 603 6 5 1.74 2 0.11411420681941019 0.0 4.7737489
true 0.0009918572402957348 4126 6 5 1.74 3 0.11411420681941019 0.0 40.507517
true 0.0004368165486741682 2072 6 5 1.74 4 0.11411420681941019 0.0 27.643422
true 0.01919828754738127 156 6 6 1.74 1 0.11411420681941019 0.0 0.8043803
true 0.0003869395329644439 1769 6 6 1.74 2 0.11411420681941019 0.0 12.4775864
true 0.01552395984397259 1305 6 6 1.74 3 0.11411420681941019 0.0 14.5333087
true 0.0005303244108085062 7636 6 6 1.74 4 0.11411420681941019 0.0 94.8014725
true 0.023891830451226892 140 6 1 1.75 1 0.11291800904022412 0.0 0.6422403
true 0.0005467804598396908 703 6 1 1.75 2 0.11291800904022412 0.0 5.1939682
true 0.00015129915087030987 3175 6 1 1.75 3 0.11291800904022412 0.0 31.4528052
true 0.0003368411805659277 2088 6 1 1.75 4 0.11291800904022412 0.0 27.8469755
true 0.02373616335854259 176 6 2 1.75 1 0.11291800904022412 0.0 0.8616209
true 0.0005092609826336525 1001 6 2 1.75 2 0.11291800904022412 0.0 7.2246854
true 0.022431741818113582 1660 6 2 1.75 3 0.11291800904022412 0.0 17.4985465
true 0.0003746603371730106 5386 6 2 1.75 4 0.11291800904022412 0.0 65.3163426
true 0.02368429306094144 111 6 3 1.75 1 0.11291800904022412 0.0 0.5672765
true 0.0005141084670746143 967 6 3 1.75 2 0.11291800904022412 0.0 6.8298725
true 0.00018811250734018792 4559 6 3 1.75 3 0.11291800904022412 0.0 44.8503064
true 0.00058098461089325 3815 6 3 1.75 4 0.11291800904022412 0.0 46.8403934
true 0.023097362334415686 149 6 4 1.75 1 0.11291800904022412 0.0 0.6843912
true 0.037239179855876645 1132 6 4 1.75 2 0.11291800904022412 0.0 8.5050664
true 0.01136092741103871 1792 6 4 1.75 3 0.11291800904022412 0.0 18.7894699
true 0.00021026714094989074 6348 6 4 1.75 4 0.11291800904022412 0.0 78.610526
true 0.02274575741630447 275 6 5 1.75 1 0.11291800904022412 0.0 1.3496831
true 0.00043197112773764036 1213 6 5 1.75 2 0.11291800904022412 0.0 8.5752265
true 5.817315471460249e-5 3167 6 5 1.75 3 0.11291800904022412 0.0 32.5830329
true 0.00048624923369364745 5865 6 5 1.75 4 0.11291800904022412 0.0 71.7532105
true 0.17776123421331982 118 6 6 1.75 1 0.11291800904022412 0.0 0.6253706
true 0.16685431377660076 1387 6 6 1.75 2 0.11291800904022412 0.0 10.5101094
true 0.015496566659855679 2761 6 6 1.75 3 0.11291800904022412 0.0 27.564536
true 0.00041180815480063027 6056 6 6 1.75 4 0.11291800904022412 0.0 75.7881134
true 0.023576759062490404 113 6 1 1.76 1 0.1117421632510926 0.0 0.5255966
true 0.0005986586067700528 853 6 1 1.76 2 0.1117421632510926 0.0 6.6169019
true 0.000438153556510279 2817 6 1 1.76 3 0.1117421632510926 0.0 28.5712158
true 0.00022075090379047868 1641 6 1 1.76 4 0.1117421632510926 0.0 21.2731584
true 0.023425732523689735 194 6 2 1.76 1 0.1117421632510926 0.0 0.8774963
true 0.0004975671214028643 910 6 2 1.76 2 0.1117421632510926 0.0 6.353793
true 0.022251406416142983 994 6 2 1.76 3 0.1117421632510926 0.0 11.037892
true 4.4616403576169805e-5 2478 6 2 1.76 4 0.1117421632510926 0.0 33.7263705
true 0.023376119774419724 125 6 3 1.76 1 0.1117421632510926 0.0 0.6326899
true 0.000502464197210876 1378 6 3 1.76 2 0.1117421632510926 0.0 9.8058246
true 9.988672401759861e-5 4432 6 3 1.76 3 0.1117421632510926 0.0 43.586034
true 0.0004309164693330203 2527 6 3 1.76 4 0.1117421632510926 0.0 31.9952755
true 0.26116570183677074 154 6 4 1.76 1 0.1117421632510926 0.0 0.7731071
true 0.0005248723999651678 671 6 4 1.76 2 0.1117421632510926 0.0 5.0956062
true 9.970169101891635e-5 12924 6 4 1.76 3 0.1117421632510926 0.0 127.0622691
true 0.00042815440570027896 6795 6 4 1.76 4 0.1117421632510926 0.0 84.2920848
true 0.02245913978202091 141 6 5 1.76 1 0.1117421632510926 0.0 0.735239
true 0.00042547262512564464 1361 6 5 1.76 2 0.1117421632510926 0.0 9.9296985
true 0.009225722793225154 5150 6 5 1.76 3 0.1117421632510926 0.0 50.6680057
true 0.00029457883165622255 6736 6 5 1.76 4 0.1117421632510926 0.0 82.22959
true 0.17762468808909815 127 6 6 1.76 1 0.1117421632510926 0.0 0.6502115
true 0.0008732598209619247 799 6 6 1.76 2 0.1117421632510926 0.0 6.0003161
true 0.0004261478042023592 1163 6 6 1.76 3 0.1117421632510926 0.0 12.9343958
true 0.0003892012219382605 5434 6 6 1.76 4 0.1117421632510926 0.0 67.5477452
true 0.023267302582686 118 6 1 1.77 1 0.11058618985163844 0.0 0.5788718
true 0.022914951816693396 383 6 1 1.77 2 0.11058618985163844 0.0 2.9476693
true 0.0005202525717389328 3353 6 1 1.77 3 0.11058618985163844 0.0 33.4076937
true 0.0003940692670875712 3902 6 1 1.77 4 0.11058618985163844 0.0 47.7372508
true 0.02312123331477356 105 6 2 1.77 1 0.11058618985163844 0.0 0.5097055
true 0.021989241992484115 372 6 2 1.77 2 0.11058618985163844 0.0 3.166776
true 0.021922996518979276 768 6 2 1.77 3 0.11058618985163844 0.0 8.5218896
true 0.00011840186817305143 6664 6 2 1.77 4 0.11058618985163844 0.0 82.8714719
true 0.023073095979848895 102 6 3 1.77 1 0.11058618985163844 0.0 0.5172023
true 0.000489451895808494 988 6 3 1.77 2 0.11058618985163844 0.0 7.3102614
true 0.00010192525220044842 2360 6 3 1.77 3 0.11058618985163844 0.0 23.7371986
true 0.0001923950292128477 3192 6 3 1.77 4 0.11058618985163844 0.0 39.1375367
true 0.022515123879266033 220 6 4 1.77 1 0.11058618985163844 0.0 1.0145422
true 0.00040137609934848273 2128 6 4 1.77 2 0.11058618985163844 0.0 15.415739
true 7.78008767799987e-5 5800 6 4 1.77 3 0.11058618985163844 0.0 56.7647337
true 0.0009890346396149163 6145 6 4 1.77 4 0.11058618985163844 0.0 76.1946952
true 0.02217813546989624 225 6 5 1.77 1 0.11058618985163844 0.0 1.0868688
true 0.00041041858947210574 839 6 5 1.77 2 0.11058618985163844 0.0 6.4654035
true 0.00012655409415013308 9804 6 5 1.77 3 0.11058618985163844 0.0 95.8496783
true 0.0004494959524928288 8596 6 5 1.77 4 0.11058618985163844 0.0 106.7578391
true 0.018482158518826303 190 6 6 1.77 1 0.11058618985163844 0.0 0.9080492
true 0.024347732338551087 1556 6 6 1.77 2 0.11058618985163844 0.0 12.2708811
true 0.00016226210629840163 8843 6 6 1.77 3 0.11058618985163844 0.0 86.9968576
true 0.00029620647674383216 4517 6 6 1.77 4 0.11058618985163844 0.0 55.4720423
true 0.022964559977749155 100 6 1 1.78 1 0.10944962341575272 0.0 0.4868511
true 0.0005071150115899536 746 6 1 1.78 2 0.10944962341575272 0.0 5.5584413
true 4.529959833737829e-5 3591 6 1 1.78 3 0.10944962341575272 0.0 34.7306671
true 0.00021118209935355736 2507 6 1 1.78 4 0.10944962341575272 0.0 31.7472726
true 0.022823361886723792 157 6 2 1.78 1 0.10944962341575272 0.0 0.7673681
true 0.00047253046886558403 1110 6 2 1.78 2 0.10944962341575272 0.0 8.0372986
true 0.0002920467195937637 1776 6 2 1.78 3 0.10944962341575272 0.0 17.6654877
true 4.16254877751987e-5 10736 6 2 1.78 4 0.10944962341575272 0.0 130.1647383
true 0.022775935757302784 138 6 3 1.78 1 0.10944962341575272 0.0 0.6744827
true 0.03435378355500699 693 6 3 1.78 2 0.10944962341575272 0.0 5.050596
true 0.0003319642236300398 1764 6 3 1.78 3 0.10944962341575272 0.0 17.6460225
true 0.00047426038816691013 6886 6 3 1.78 4 0.10944962341575272 0.0 84.7643603
true 0.022229849582005634 179 6 4 1.78 1 0.10944962341575272 0.0 0.8280406
true 0.0003900355762872093 1531 6 4 1.78 2 0.10944962341575272 0.0 11.0407577
true 0.00022987991168382793 6123 6 4 1.78 3 0.10944962341575272 0.0 60.1143723
true 0.00020887907727240584 1841 6 4 1.78 4 0.10944962341575272 0.0 24.5309145
true 0.21366600006370828 118 6 5 1.78 1 0.10944962341575272 0.0 0.6132566
true 0.004820705702015005 421 6 5 1.78 2 0.10944962341575272 0.0 3.5268884
true 0.20882433783417334 2176 6 5 1.78 3 0.10944962341575272 0.0 22.4359503
true 0.00036247949782102217 6442 6 5 1.78 4 0.10944962341575272 0.0 81.1477092
true 0.0182517209869556 442 6 6 1.78 1 0.10944962341575272 0.0 2.1482159
true 0.16687842728461957 1581 6 6 1.78 2 0.10944962341575272 0.0 11.5168762
true 0.00029684213335542015 3220 6 6 1.78 3 0.10944962341575272 0.0 31.6148554
true 0.008408762058781069 4001 6 6 1.78 4 0.10944962341575272 0.0 50.1388394
true 0.022667947430815794 162 6 1 1.79 1 0.10833201220480698 0.0 0.7390206
true 0.022322443430340344 459 6 1 1.79 2 0.10833201220480698 0.0 3.4379372
true 0.0008702895351018203 1493 6 1 1.79 3 0.10833201220480698 0.0 15.2112924
true 0.00016100299826443676 2805 6 1 1.79 4 0.10833201220480698 0.0 35.7786296
true 0.02253094247059073 108 6 2 1.79 1 0.10833201220480698 0.0 0.5427387
true 0.032065122901388826 1031 6 2 1.79 2 0.10833201220480698 0.0 7.8487682
true 0.00060479632749047 2151 6 2 1.79 3 0.10833201220480698 0.0 21.0382357
true 0.00022179147855649894 3248 6 2 1.79 4 0.10833201220480698 0.0 41.3122655
true 0.02248518472763376 108 6 3 1.79 1 0.10833201220480698 0.0 0.538067
true 0.00046589179871912395 698 6 3 1.79 2 0.10833201220480698 0.0 5.0105438
true 6.159881025545137e-5 3161 6 3 1.79 3 0.10833201220480698 0.0 31.0077005
true 0.00034468155856078503 3236 6 3 1.79 4 0.10833201220480698 0.0 41.9899502
true 0.02195158219397847 179 6 4 1.79 1 0.10833201220480698 0.0 0.87766
true 0.00038005142373621903 1163 6 4 1.79 2 0.10833201220480698 0.0 8.3261084
true 0.016142930794997595 1030 6 4 1.79 3 0.10833201220480698 0.0 11.69846
true 0.00022333260740557692 4645 6 4 1.79 4 0.10833201220480698 0.0 56.7453841
true 0.021631475303448833 169 6 5 1.79 1 0.10833201220480698 0.0 0.8320096
true 0.0047158283285900215 881 6 5 1.79 2 0.10833201220480698 0.0 6.7951722
true 0.0003531597705212386 2813 6 5 1.79 3 0.10833201220480698 0.0 26.6847205
true 0.0007168273117726054 2117 6 5 1.79 4 0.10833201220480698 0.0 28.1259548
true 0.3371116447496618 107 6 6 1.79 1 0.10833201220480698 0.0 0.615832
true 0.027149861836181583 1289 6 6 1.79 2 0.10833201220480698 0.0 10.3830435
true 0.014451365477583245 3374 6 6 1.79 3 0.10833201220480698 0.0 34.6590351
true 0.00024210265760203167 6771 6 6 1.79 4 0.10833201220480698 0.0 85.0107829
true 0.022376950229740344 95 6 1 1.8 1 0.10723291769893503 0.0 0.4796566
true 0.00048223700267696623 1205 6 1 1.8 2 0.10723291769893503 0.0 8.8395835
true 0.000813075035301758 841 6 1 1.8 3 0.10723291769893503 0.0 9.2855176
true 3.8018605502954106e-5 3679 6 1 1.8 4 0.10723291769893503 0.0 46.706267
true 0.022244620635507584 95 6 2 1.8 1 0.10723291769893503 0.0 0.4985698
true 0.021237975784824337 297 6 2 1.8 2 0.10723291769893503 0.0 2.639592
true 0.02112244392547538 1738 6 2 1.8 3 0.10723291769893503 0.0 17.6209215
true 0.00030411049480599806 5074 6 2 1.8 4 0.10723291769893503 0.0 62.4664236
true 0.022200023972518412 119 6 3 1.8 1 0.10723291769893503 0.0 0.6456176
true 0.00045615297919563796 1083 6 3 1.8 2 0.10723291769893503 0.0 7.7076676
true 0.0001576302929470752 2844 6 3 1.8 3 0.10723291769893503 0.0 28.9147701
true 0.00021849094614193967 2445 6 3 1.8 4 0.10723291769893503 0.0 31.5684369
true 0.021679015429350815 353 6 4 1.8 1 0.10723291769893503 0.0 1.6562918
true 0.00037338803558162326 2672 6 4 1.8 2 0.10723291769893503 0.0 19.3778396
true 5.749138477070814e-5 5830 6 4 1.8 3 0.10723291769893503 0.0 57.8176438
true 0.0003680782180880554 5659 6 4 1.8 4 0.10723291769893503 0.0 71.3658355
true 0.021366454756446007 148 6 5 1.8 1 0.10723291769893503 0.0 0.7707969
true 0.0004176438545648531 369 6 5 1.8 2 0.10723291769893503 0.0 3.260818
true 0.009160557028675076 2388 6 5 1.8 3 0.10723291769893503 0.0 25.0886549
true 0.0004874081839563504 5385 6 5 1.8 4 0.10723291769893503 0.0 70.6296914
true 0.017806048288278604 385 6 6 1.8 1 0.10723291769893503 0.0 1.9099158
true 0.00037962200837687865 663 6 6 1.8 2 0.10723291769893503 0.0 5.08501
true 0.00017621788292361087 5768 6 6 1.8 3 0.10723291769893503 0.0 58.695584
true 0.00011060550660827821 3488 6 6 1.8 4 0.10723291769893503 0.0 45.751203
true 0.022092013698770285 100 6 1 1.81 1 0.10615191414570589 0.0 0.4879797
true 0.000470538740885873 597 6 1 1.81 2 0.10615191414570589 0.0 4.5763428
true 0.0006658373892348135 1908 6 1 1.81 3 0.10615191414570589 0.0 19.2460391
true 0.0006120680387353694 1276 6 1 1.81 4 0.10615191414570589 0.0 20.4906075
true 0.0219633497112737 241 6 2 1.81 1 0.10615191414570589 0.0 1.1457853
true 0.0004393532528313704 1694 6 2 1.81 2 0.10615191414570589 0.0 12.2451701
true 0.0206755604052693 1513 6 2 1.81 3 0.10615191414570589 0.0 15.8107908
true 0.00010829367064144058 4748 6 2 1.81 4 0.10615191414570589 0.0 61.0820235
true 0.3406973618277284 95 6 3 1.81 1 0.10615191414570589 0.0 0.4893851
true 0.0004498318345232029 1373 6 3 1.81 2 0.10615191414570589 0.0 10.0901977
true 0.0004078241264354743 2466 6 3 1.81 3 0.10615191414570589 0.0 24.2750746
true 0.002752918220857566 3036 6 3 1.81 4 0.10615191414570589 0.0 40.4126431
true 0.02141143262022377 161 6 4 1.81 1 0.10615191414570589 0.0 0.7436008
true 0.0003595336958001072 797 6 4 1.81 2 0.10615191414570589 0.0 5.8121819
true 0.005229184636940651 2253 6 4 1.81 3 0.10615191414570589 0.0 22.3133663
true 0.0003833965215448293 3925 6 4 1.81 4 0.10615191414570589 0.0 51.2644285
true 0.02110575375805205 132 6 5 1.81 1 0.10615191414570589 0.0 0.6573523
true 0.00039214812258097086 304 6 5 1.81 2 0.10615191414570589 0.0 2.8683283
true 0.00010760259186075594 4493 6 5 1.81 3 0.10615191414570589 0.0 44.8539641
true 0.0003121707304754029 6264 6 5 1.81 4 0.10615191414570589 0.0 78.276836
true 0.1769769369569846 253 6 6 1.81 1 0.10615191414570589 0.0 1.263911
true 0.00033042430905374137 1812 6 6 1.81 2 0.10615191414570589 0.0 13.2700673
true 0.007414973913031281 2878 6 6 1.81 3 0.10615191414570589 0.0 29.1273693
true 0.0001742174548522065 2674 6 6 1.81 4 0.10615191414570589 0.0 33.7548809
true 0.021812770503813195 123 6 1 1.82 1 0.10508858812552895 0.0 0.5836283
true 0.0004598093480119303 992 6 1 1.82 2 0.10508858812552895 0.0 7.3707539
true 7.947488510207101e-5 3052 6 1 1.82 3 0.10508858812552895 0.0 29.1054883
true 0.000590483725676938 1874 6 1 1.82 4 0.10508858812552895 0.0 24.6982847
true 0.02168805316868508 144 6 2 1.82 1 0.10508858812552895 0.0 0.6796327
true 0.00042966774865826896 1390 6 2 1.82 2 0.10508858812552895 0.0 10.0289383
true 3.644188128917869e-5 2541 6 2 1.82 3 0.10508858812552895 0.0 25.6702684
true 0.00015501038950585522 3506 6 2 1.82 4 0.10508858812552895 0.0 43.6107846
true 0.021646572555771515 127 6 3 1.82 1 0.10508858812552895 0.0 0.6692258
true 0.0004333231012801364 1193 6 3 1.82 2 0.10508858812552895 0.0 8.6775014
true 0.0005505237527274979 977 6 3 1.82 3 0.10508858812552895 0.0 10.5303651
true 5.171947851081068e-5 7956 6 3 1.82 4 0.10508858812552895 0.0 98.1611086
true 0.021149358637523902 157 6 4 1.82 1 0.10508858812552895 0.0 0.7788104
true 0.0003604911190101673 1908 6 4 1.82 2 0.10508858812552895 0.0 13.4700691
true 0.00027285397965683134 4960 6 4 1.82 3 0.10508858812552895 0.0 47.9539137
true 0.0003862124852899995 6236 6 4 1.82 4 0.10508858812552895 0.0 76.5562571
true 0.020850336105067167 194 6 5 1.82 1 0.10508858812552895 0.0 0.9504549
true 0.0003498999537764003 809 6 5 1.82 2 0.10508858812552895 0.0 6.0738831
true 0.00044144687521207037 2473 6 5 1.82 3 0.10508858812552895 0.0 24.4209814
true 0.00028413703725120864 2089 6 5 1.82 4 0.10508858812552895 0.0 27.2621323
true 0.017378331005454366 219 6 6 1.82 1 0.10508858812552895 0.0 1.0795395
true 0.0003218979097271331 1717 6 6 1.82 2 0.10508858812552895 0.0 12.6233217
true 0.014136891066047652 1215 6 6 1.82 3 0.10508858812552895 0.0 12.8993113
true 0.0002936596474765185 2780 6 6 1.82 4 0.10508858812552895 0.0 35.6606527
true 0.021538592522295896 104 6 1 1.83 1 0.1040425381333935 0.0 0.5095962
true 0.0004483195529553785 1099 6 1 1.83 2 0.1040425381333935 0.0 7.7073429
true 0.0007260770190157251 1700 6 1 1.83 3 0.1040425381333935 0.0 16.7287587
true 2.4205359323237197e-5 3243 6 1 1.83 4 0.1040425381333935 0.0 40.511717
true 0.0214179260565934 145 6 2 1.83 1 0.1040425381333935 0.0 0.6830246
true 0.0004192804309877951 510 6 2 1.83 2 0.1040425381333935 0.0 3.8313902
true 0.0004332665674974534 3630 6 2 1.83 3 0.1040425381333935 0.0 35.8332537
true 0.00020062201099996235 5499 6 2 1.83 4 0.1040425381333935 0.0 68.4147939
true 0.021377918874163477 174 6 3 1.83 1 0.1040425381333935 0.0 0.842266
true 0.00042551225796433334 901 6 3 1.83 2 0.1040425381333935 0.0 6.3897102
true 0.0003866687439917545 5221 6 3 1.83 3 0.1040425381333935 0.0 51.4546373
true 0.0004760080734007947 4274 6 3 1.83 4 0.1040425381333935 0.0 52.7368651
true 0.02089197611156912 126 6 4 1.83 1 0.1040425381333935 0.0 0.6843732
true 0.00035130294982152477 2252 6 4 1.83 2 0.1040425381333935 0.0 16.6058156
true 0.0005090979508906995 4021 6 4 1.83 3 0.1040425381333935 0.0 38.0868958
true 0.006046118092683295 4498 6 4 1.83 4 0.1040425381333935 0.0 58.0800954
true 0.21198428405035213 151 6 5 1.83 1 0.1040425381333935 0.0 0.7741372
true 0.0003545717430244344 1228 6 5 1.83 2 0.1040425381333935 0.0 8.8361373
true 0.01683840965200666 858 6 5 1.83 3 0.1040425381333935 0.0 9.800451
true 0.0003158273217554131 3784 6 5 1.83 4 0.1040425381333935 0.0 47.1777717
true 0.01716712582189538 127 6 6 1.83 1 0.1040425381333935 0.0 0.6662174
true 0.0003078918883302473 2643 6 6 1.83 2 0.1040425381333935 0.0 19.1341388
true 0.0002828778198806133 4026 6 6 1.83 3 0.1040425381333935 0.0 39.5728268
true 0.0003346490916775284 7466 6 6 1.83 4 0.1040425381333935 0.0 92.423786
true 0.021270102432372706 99 6 1 1.84 1 0.10301337417579307 0.0 0.4741682
true 0.00043770738829607136 534 6 1 1.84 2 0.10301337417579307 0.0 4.100608
true 0.0002277077347559997 1221 6 1 1.84 3 0.10301337417579307 0.0 13.1693608
true 0.00036850970332391597 4094 6 1 1.84 4 0.10301337417579307 0.0 50.1954418
true 0.021153207505294563 134 6 2 1.84 1 0.10301337417579307 0.0 0.6250518
true 0.00040952754602713304 645 6 2 1.84 2 0.10301337417579307 0.0 4.8642266
true 0.020293728935023847 550 6 2 1.84 3 0.10301337417579307 0.0 6.6296302
true 0.0002622511391759397 5243 6 2 1.84 4 0.10301337417579307 0.0 64.4424358
true 0.021113909508779356 127 6 3 1.84 1 0.10301337417579307 0.0 0.6854017
true 0.0004143408193869232 845 6 3 1.84 2 0.10301337417579307 0.0 6.2171651
true 0.020581880372481803 515 6 3 1.84 3 0.10301337417579307 0.0 7.0415889
true 0.00018668666908328024 1402 6 3 1.84 4 0.10301337417579307 0.0 19.1881273
true 0.020638682577660647 173 6 4 1.84 1 0.10301337417579307 0.0 0.8179482
true 0.000335183908045697 1357 6 4 1.84 2 0.10301337417579307 0.0 9.6545494
true 0.0003758259464831937 3094 6 4 1.84 3 0.10301337417579307 0.0 30.0385808
true 0.00031180591845497707 8622 6 4 1.84 4 0.10301337417579307 0.0 104.89129
true 0.02035368666270616 133 6 5 1.84 1 0.10301337417579307 0.0 0.7050191
true 0.00033296532786944997 1310 6 5 1.84 2 0.10301337417579307 0.0 9.6092659
true 0.00011968369595025675 3742 6 5 1.84 3 0.10301337417579307 0.0 37.5889611
true 0.0005027813187695074 4801 6 5 1.84 4 0.10301337417579307 0.0 60.1048921
true 0.016961202455244035 562 6 6 1.84 1 0.10301337417579307 0.0 2.6736655
true 0.025665681062179212 666 6 6 1.84 2 0.10301337417579307 0.0 5.3940071
true 9.437957222929727e-5 3809 6 6 1.84 3 0.10301337417579307 0.0 38.0481367
true 0.00015158035418083582 4092 6 6 1.84 4 0.10301337417579307 0.0 53.0108774
true 0.0210064506667465 105 6 1 1.85 1 0.10200071738298862 0.0 0.517776
true 0.0004280129065227234 600 6 1 1.85 2 0.10200071738298862 0.0 4.5887058
true 0.020058407252438792 1193 6 1 1.85 3 0.10200071738298862 0.0 12.2312232
true 0.0006277422675335376 6474 6 1 1.85 4 0.10200071738298862 0.0 79.5192933
true 0.020893124973624833 140 6 2 1.85 1 0.10200071738298862 0.0 0.6470252
true 0.0004018430743525925 639 6 2 1.85 2 0.10200071738298862 0.0 4.6437508
true 0.0001889319420258495 3414 6 2 1.85 3 0.10200071738298862 0.0 33.994639
true 4.724119955634709e-5 1900 6 2 1.85 4 0.10200071738298862 0.0 24.9911809
true 0.020855860949354838 109 6 3 1.85 1 0.10200071738298862 0.0 0.5948781
true 0.00040452546371955167 1471 6 3 1.85 2 0.10200071738298862 0.0 10.8011995
true 6.03003867290508e-5 2473 6 3 1.85 3 0.10200071738298862 0.0 25.8344961
true 0.0001405574549931584 10277 6 3 1.85 4 0.10200071738298862 0.0 124.5477518
true 0.020391358370168408 261 6 4 1.85 1 0.10200071738298862 0.0 1.2679813
true 0.00033780289802637364 900 6 4 1.85 2 0.10200071738298862 0.0 6.64136
true 0.0001143475800345628 3304 6 4 1.85 3 0.10200071738298862 0.0 33.2177932
true 0.00019206062077556374 6607 6 4 1.85 4 0.10200071738298862 0.0 83.3645157
true 0.02011229450839014 134 6 5 1.85 1 0.10200071738298862 0.0 0.6719574
true 0.00034551905385487024 1194 6 5 1.85 2 0.10200071738298862 0.0 8.5733951
true 0.0003235481163561649 6223 6 5 1.85 3 0.10200071738298862 0.0 61.3668691
true 0.0004257114340465051 4621 6 5 1.85 4 0.10200071738298862 0.0 56.8420504
true 0.0167600036993298 150 6 6 1.85 1 0.10200071738298862 0.0 0.8065662
true 0.000295543095816031 1823 6 6 1.85 2 0.10200071738298862 0.0 13.1982359
true 2.9129743952296023e-5 2674 6 6 1.85 3 0.10200071738298862 0.0 25.7726332
true 0.004135032242519533 7241 6 6 1.85 4 0.10200071738298862 0.0 91.8406303
true 0.02074820276778394 105 6 1 1.86 1 0.101004199635488 0.0 0.5379945
true 0.0004172834485541843 540 6 1 1.86 2 0.101004199635488 0.0 3.9801104
true 3.1501699020441976e-5 1580 6 1 1.86 3 0.101004199635488 0.0 16.5566432
true 0.0005107452999765782 2405 6 1 1.86 4 0.101004199635488 0.0 30.3371397
true 0.020638128969619807 125 6 2 1.86 1 0.101004199635488 0.0 0.5875855
true 0.0014971278022802847 546 6 2 1.86 2 0.101004199635488 0.0 4.3120683
true 6.400830225189447e-5 3225 6 2 1.86 3 0.101004199635488 0.0 31.0836667
true 0.0002115860764954347 2683 6 2 1.86 4 0.101004199635488 0.0 34.9959221
true 0.3402494909743266 106 6 3 1.86 1 0.101004199635488 0.0 0.5204262
true 0.00039570042657975185 1638 6 3 1.86 2 0.101004199635488 0.0 11.6647457
true 0.020042583328513608 1562 6 3 1.86 3 0.101004199635488 0.0 15.364216
true 0.00023831654070505248 3894 6 3 1.86 4 0.101004199635488 0.0 49.035903
true 0.02014738560649422 181 6 4 1.86 1 0.101004199635488 0.0 0.861681
true 0.0003382259827137135 1591 6 4 1.86 2 0.101004199635488 0.0 11.1457792
true 5.247607063178783e-5 4693 6 4 1.86 3 0.101004199635488 0.0 47.0210906
true 0.0002966786849056824 5148 6 4 1.86 4 0.101004199635488 0.0 62.2560897
true 0.21166380882922753 131 6 5 1.86 1 0.101004199635488 0.0 0.6922712
true 0.000344358090924779 1565 6 5 1.86 2 0.101004199635488 0.0 11.3894667
true 9.744134378701919e-5 2240 6 5 1.86 3 0.101004199635488 0.0 21.9508494
true 0.0002709662396944146 4879 6 5 1.86 4 0.101004199635488 0.0 62.2174939
true 0.016563752765756445 162 6 6 1.86 1 0.101004199635488 0.0 0.7848606
true 0.000644400160208447 819 6 6 1.86 2 0.101004199635488 0.0 6.5459277
true 3.2497484439601244e-5 2054 6 6 1.86 3 0.101004199635488 0.0 20.3299639
true 0.0005077244795827865 2574 6 6 1.86 4 0.101004199635488 0.0 34.2587253
true 0.020494863319915846 108 6 1 1.87 1 0.10002346320442916 0.0 0.4984914
true 0.00040769766830789367 741 6 1 1.87 2 0.10002346320442916 0.0 5.302055
true 0.00038844251184283474 952 6 1 1.87 3 0.10002346320442916 0.0 10.0552217
true 0.018556736306305777 1987 6 1 1.87 4 0.10002346320442916 0.0 26.2901702
true 0.020388014809456845 120 6 2 1.87 1 0.10002346320442916 0.0 0.5807606
true 0.019511881567555733 709 6 2 1.87 2 0.10002346320442916 0.0 5.6215653
true 0.01949829947732959 1069 6 2 1.87 3 0.10002346320442916 0.0 11.3100284
true 0.0003735442158686042 7407 6 2 1.87 4 0.10002346320442916 0.0 91.3050066
true 0.020352577850318392 114 6 3 1.87 1 0.10002346320442916 0.0 0.5494562
true 0.0003856950637087242 1308 6 3 1.87 2 0.10002346320442916 0.0 9.2451268
true 0.02431249138696188 1697 6 3 1.87 3 0.10002346320442916 0.0 17.6429003
true 0.0004205238249447481 3023 6 3 1.87 4 0.10002346320442916 0.0 38.8498089
true 0.259661525645014 203 6 4 1.87 1 0.10002346320442916 0.0 0.9811612
true 0.03240012445347966 549 6 4 1.87 2 0.10002346320442916 0.0 4.3367814
true 6.983839755136945e-5 2067 6 4 1.87 3 0.10002346320442916 0.0 20.6946128
true 0.023139539747680266 1200 6 4 1.87 4 0.10002346320442916 0.0 18.0726988
true 0.0196419340202858 156 6 5 1.87 1 0.10002346320442916 0.0 0.7944378
true 0.0003180614342451982 1542 6 5 1.87 2 0.10002346320442916 0.0 11.1799083
true 3.1118348197656244e-5 2790 6 5 1.87 3 0.10002346320442916 0.0 28.1890765
true 0.000527823601915356 4570 6 5 1.87 4 0.10002346320442916 0.0 57.3613036
true 0.3367504104084061 146 6 6 1.87 1 0.10002346320442916 0.0 0.7530419
true 0.16685524425103984 709 6 6 1.87 2 0.10002346320442916 0.0 5.7240417
true 0.01001126288105685 3784 6 6 1.87 3 0.10002346320442916 0.0 37.9631458
true 0.0008156629035529125 3650 6 6 1.87 4 0.10002346320442916 0.0 47.2258652
true 0.020245924656784486 119 6 1 1.88 1 0.0990581604052917 0.0 0.5833533
true 0.0003982978821249761 438 6 1 1.88 2 0.0990581604052917 0.0 3.3266613
true 0.0005438240305494224 1917 6 1 1.88 3 0.0990581604052917 0.0 18.8370021
true 0.0004794766205983847 3219 6 1 1.88 4 0.0990581604052917 0.0 43.5036038
true 0.020142398173067816 129 6 2 1.88 1 0.0990581604052917 0.0 0.6177392
true 0.03644090493720975 468 6 2 1.88 2 0.0990581604052917 0.0 3.8684469
true 0.00035140009507331205 1382 6 2 1.88 3 0.0990581604052917 0.0 13.9958058
true 3.0458708531855283e-5 6461 6 2 1.88 4 0.0990581604052917 0.0 82.2637425
true 0.3400820744491307 123 6 3 1.88 1 0.0990581604052917 0.0 0.6639393
true 0.00037739531936494447 1663 6 3 1.88 2 0.0990581604052917 0.0 12.1698191
true 0.013047368021611846 2222 6 3 1.88 3 0.0990581604052917 0.0 23.1552183
true 0.00021340890505722188 3715 6 3 1.88 4 0.0990581604052917 0.0 44.9867116
true 0.019674008074304333 184 6 4 1.88 1 0.0990581604052917 0.0 0.868893
true 0.00032157331796721367 1353 6 4 1.88 2 0.0990581604052917 0.0 10.1225495
true 0.00012440391257093064 4547 6 4 1.88 3 0.0990581604052917 0.0 45.8515562
true 7.527856156251678e-5 3330 6 4 1.88 4 0.0990581604052917 0.0 41.8254554
true 0.01941317043710237 152 6 5 1.88 1 0.0990581604052917 0.0 0.7584073
true 0.00032892352699440683 2071 6 5 1.88 2 0.0990581604052917 0.0 14.756233
true 6.973198560763504e-5 2302 6 5 1.88 3 0.0990581604052917 0.0 23.5596133
true 0.00026594269914950177 1691 6 5 1.88 4 0.0990581604052917 0.0 23.0995206
true 0.0161780669594333 319 6 6 1.88 1 0.0990581604052917 0.0 1.5926713
true 0.00030100604824224536 2170 6 6 1.88 2 0.0990581604052917 0.0 15.657021
true 0.00682418970726284 2215 6 6 1.88 3 0.0990581604052917 0.0 23.7724114
true 0.00024974600966282123 8810 6 6 1.88 4 0.0990581604052917 0.0 108.3837109
true 0.020001801032959232 92 6 1 1.89 1 0.09810795326443694 0.0 0.4912423
true 0.0003945899401618935 559 6 1 1.89 2 0.09810795326443694 0.0 4.30524
true 0.019753321626364284 885 6 1 1.89 3 0.09810795326443694 0.0 9.3011622
true 0.00029886650693067285 1936 6 1 1.89 4 0.09810795326443694 0.0 24.4455836
true 0.019901537626709043 111 6 2 1.89 1 0.09810795326443694 0.0 0.5485734
true 0.028500303986240316 720 6 2 1.89 2 0.09810795326443694 0.0 5.2347193
true 0.01848608810039673 2392 6 2 1.89 3 0.09810795326443694 0.0 23.7364721
true 0.00040301585674931695 1151 6 2 1.89 4 0.09810795326443694 0.0 16.148091
true 0.019868053416737957 173 6 3 1.89 1 0.09810795326443694 0.0 0.8074747
true 0.0003684323516639683 1781 6 3 1.89 2 0.09810795326443694 0.0 13.2911749
true 6.601639111401363e-5 836 6 3 1.89 3 0.09810795326443694 0.0 9.0223977
true 0.0002841947964879095 3260 6 3 1.89 4 0.09810795326443694 0.0 42.1054107
true 0.2594431992482478 119 6 4 1.89 1 0.09810795326443694 0.0 0.6062155
true 0.0003034977319502641 1807 6 4 1.89 2 0.09810795326443694 0.0 12.7938089
true 0.013774458769850048 902 6 4 1.89 3 0.09810795326443694 0.0 10.0541452
true 8.69562262744289e-5 3192 6 4 1.89 4 0.09810795326443694 0.0 40.4135179
true 0.019188645039250617 168 6 5 1.89 1 0.09810795326443694 0.0 0.8217075
true 0.0003171878907977099 1931 6 5 1.89 2 0.09810795326443694 0.0 14.1720062
true 6.035847637372305e-5 7916 6 5 1.89 3 0.09810795326443694 0.0 79.83744
true 0.0004733339613319898 3091 6 5 1.89 4 0.09810795326443694 0.0 40.748132
true 0.015991377181094408 251 6 6 1.89 1 0.09810795326443694 0.0 1.2435136
true 0.0002862075310941699 1300 6 6 1.89 2 0.09810795326443694 0.0 9.3634116
true 0.00011683294867605627 8674 6 6 1.89 3 0.09810795326443694 0.0 84.7016046
true 0.0007725354565136325 1386 6 6 1.89 4 0.09810795326443694 0.0 19.9935295
true 0.019762687965718007 122 6 1 1.9 1 0.09717251319796773 0.0 0.5797323
true 0.00038029729486876995 1787 6 1 1.9 2 0.09717251319796773 0.0 12.9110558
true 0.019520360705786666 1093 6 1 1.9 3 0.09717251319796773 0.0 11.5342775
true 4.9246881595466085e-5 1781 6 1 1.9 4 0.09717251319796773 0.0 24.1045907
true 0.01966584473155733 136 6 2 1.9 1 0.09717251319796773 0.0 0.6481383
true 0.0003571595870016653 668 6 2 1.9 2 0.09717251319796773 0.0 5.0809676
true 0.00010932485124920399 2305 6 2 1.9 3 0.09717251319796773 0.0 22.2112077
true 0.00045671134462599294 2146 6 2 1.9 4 0.09717251319796773 0.0 27.5998876
true 0.019632680585295454 160 6 3 1.9 1 0.09717251319796773 0.0 0.7305169
true 0.0003605138164124444 1388 6 3 1.9 2 0.09717251319796773 0.0 9.6921379
true 0.000127387393870008 2854 6 3 1.9 3 0.09717251319796773 0.0 28.066039
true 0.0009827813951886848 4345 6 3 1.9 4 0.09717251319796773 0.0 54.6345421
true 0.25943363583669254 114 6 4 1.9 1 0.09717251319796773 0.0 0.6100256
true 0.028745195621335207 650 6 4 1.9 2 0.09717251319796773 0.0 5.1560559
true 4.088177669488158e-5 2265 6 4 1.9 3 0.09717251319796773 0.0 22.7490798
true 0.00207735499462032 10248 6 4 1.9 4 0.09717251319796773 0.0 127.5129946
true 0.018967839533701836 348 6 5 1.9 1 0.09717251319796773 0.0 1.7149833
true 0.0002936496175374059 694 6 5 1.9 2 0.09717251319796773 0.0 5.2690455
true 9.645931013146924e-5 8948 6 5 1.9 3 0.09717251319796773 0.0 88.4678969
true 0.0003010337834839616 5262 6 5 1.9 4 0.09717251319796773 0.0 64.9144332
true 0.015807114287440843 134 6 6 1.9 1 0.09717251319796773 0.0 0.7167401
true 0.00028364618701796446 1742 6 6 1.9 2 0.09717251319796773 0.0 12.5146231
true 4.771281732240026e-5 1914 6 6 1.9 3 0.09717251319796773 0.0 19.7439269
true 0.0012481716872826028 5040 6 6 1.9 4 0.09717251319796773 0.0 62.6890112
true 0.019527305043465393 121 6 1 1.91 1 0.09625152070246154 0.0 0.5677707
true 0.0003714666102407893 817 6 1 1.91 2 0.09625152070246154 0.0 6.4250697
true 0.00035600838419524994 2155 6 1 1.91 3 0.09625152070246154 0.0 21.5319398
true 0.00033093343860679525 2775 6 1 1.91 4 0.09625152070246154 0.0 36.122857
true 0.01943289732987885 203 6 2 1.91 1 0.09625152070246154 0.0 0.9651419
true 0.0003487955278343724 853 6 2 1.91 2 0.09625152070246154 0.0 6.1759294
true 0.00022121509940906114 3220 6 2 1.91 3 0.09625152070246154 0.0 30.3296096
true 0.0004193029778340185 1286 6 2 1.91 4 0.09625152070246154 0.0 18.6176353
true 0.019401338142752633 136 6 3 1.91 1 0.09625152070246154 0.0 0.6320275
true 0.00035191668039685764 1026 6 3 1.91 2 0.09625152070246154 0.0 7.7407504
true 0.0005600777785432776 2852 6 3 1.91 3 0.09625152070246154 0.0 27.5376222
true 0.0003758322077298722 3149 6 3 1.91 4 0.09625152070246154 0.0 39.4622011
true 0.018995245128979224 197 6 4 1.91 1 0.09625152070246154 0.0 0.9514947
true 0.0003113780190497073 1947 6 4 1.91 2 0.09625152070246154 0.0 13.8330531
true 3.6999841459203764e-5 3121 6 4 1.91 3 0.09625152070246154 0.0 30.0692877
true 0.0002286154131942164 7092 6 4 1.91 4 0.09625152070246154 0.0 86.442177
true 0.2116410558689005 110 6 5 1.91 1 0.09625152070246154 0.0 0.5744208
true 0.00031210205722280725 1376 6 5 1.91 2 0.09625152070246154 0.0 9.8319356
true 0.004468505175952919 2489 6 5 1.91 3 0.09625152070246154 0.0 25.3135337
true 0.0006416479585953927 2829 6 5 1.91 4 0.09625152070246154 0.0 36.6854073
true 0.17584706447420875 253 6 6 1.91 1 0.09625152070246154 0.0 1.2745857
true 0.0002639208534066795 2173 6 6 1.91 2 0.09625152070246154 0.0 16.4195843
true 0.00031808293763135875 3743 6 6 1.91 3 0.09625152070246154 0.0 36.7905932
true 0.006758739665013373 3625 6 6 1.91 4 0.09625152070246154 0.0 48.9299228
true 0.01929643249317403 117 6 1 1.92 1 0.09534466505708565 0.0 0.5611712
true 0.0003629247174603001 740 6 1 1.92 2 0.09534466505708565 0.0 5.5487739
true 8.7486965989092e-5 2557 6 1 1.92 3 0.09534466505708565 0.0 25.2383763
true 0.00034306137632000855 4338 6 1 1.92 4 0.09534466505708565 0.0 56.8598868
true 0.01920513398179971 235 6 2 1.92 1 0.09534466505708565 0.0 1.0715522
true 0.018371215837240107 1111 6 2 1.92 2 0.09534466505708565 0.0 8.3749581
true 1.9134143960791716e-5 2663 6 2 1.92 3 0.09534466505708565 0.0 25.5384603
true 0.008691205998745344 3502 6 2 1.92 4 0.09534466505708565 0.0 44.2143108
true 0.01917439171889544 191 6 3 1.92 1 0.09534466505708565 0.0 0.8878778
true 0.0003449424078392586 1329 6 3 1.92 2 0.09534466505708565 0.0 9.5460836
true 4.530602161225324e-5 1097 6 3 1.92 3 0.09534466505708565 0.0 11.3175338
true 0.000538851472515256 2913 6 3 1.92 4 0.09534466505708565 0.0 39.2073388
true 0.018776722084039313 391 6 4 1.92 1 0.09534466505708565 0.0 1.8258533
true 0.00029820040352569743 2146 6 4 1.92 2 0.09534466505708565 0.0 15.1208813
true 0.00024319963220933993 656 6 4 1.92 3 0.09534466505708565 0.0 7.9438415
true 0.00013059929663815362 1835 6 4 1.92 4 0.09534466505708565 0.0 24.5222848
true 0.2108930631777553 141 6 5 1.92 1 0.09534466505708565 0.0 0.7353065
true 0.00030338561582209377 1964 6 5 1.92 2 0.09534466505708565 0.0 14.3986537
true 8.0919493098075e-5 3704 6 5 1.92 3 0.09534466505708565 0.0 38.5923201
true 0.00024802770373580916 4278 6 5 1.92 4 0.09534466505708565 0.0 53.515257
true 0.17625465267847037 205 6 6 1.92 1 0.09534466505708565 0.0 1.0336695
true 0.0002680095028855985 2100 6 6 1.92 2 0.09534466505708565 0.0 15.5503501
true 7.04996630971529e-5 3125 6 6 1.92 3 0.09534466505708565 0.0 32.4373053
true 0.00010691388365271133 5392 6 6 1.92 4 0.09534466505708565 0.0 67.3061869
true 0.019069946655681458 80 6 1 1.93 1 0.09445164403667455 0.0 0.416013
true 0.0003552048325809465 827 6 1 1.93 2 0.09445164403667455 0.0 5.9806813
true 0.00036142939014727204 2032 6 1 1.93 3 0.09445164403667455 0.0 20.7950377
true 0.00037758292688677697 2010 6 1 1.93 4 0.09445164403667455 0.0 25.8852404
true 0.01898112658906495 119 6 2 1.93 1 0.09445164403667455 0.0 0.5976768
true 0.034504983887252455 332 6 2 1.93 2 0.09445164403667455 0.0 3.0039534
true 0.0001128115781739436 3915 6 2 1.93 3 0.09445164403667455 0.0 37.89543
true 0.009476970292986858 2128 6 2 1.93 4 0.09445164403667455 0.0 30.1382088
true 0.018951471910458983 151 6 3 1.93 1 0.09445164403667455 0.0 0.7035742
true 0.00033885683269489303 1693 6 3 1.93 2 0.09445164403667455 0.0 12.4171827
true 0.012316516541406863 2557 6 3 1.93 3 0.09445164403667455 0.0 26.5492855
true 0.00048350902502342086 886 6 3 1.93 4 0.09445164403667455 0.0 13.6644555
true 0.25911648099341017 120 6 4 1.93 1 0.09445164403667455 0.0 0.6288479
true 0.00042825082554588667 457 6 4 1.93 2 0.09445164403667455 0.0 3.7047898
true 0.0003656520962269372 2336 6 4 1.93 3 0.09445164403667455 0.0 23.2352968
true 0.00023856247426584654 3618 6 4 1.93 4 0.09445164403667455 0.0 44.2110777
true 0.21077184929699339 136 6 5 1.93 1 0.09445164403667455 0.0 0.7416638
true 0.00028833129018775996 1961 6 5 1.93 2 0.09445164403667455 0.0 14.5205779
true 0.20005819900534996 2740 6 5 1.93 3 0.09445164403667455 0.0 27.2923382
true 0.0003461258408161361 6431 6 5 1.93 4 0.09445164403667455 0.0 81.2144581
true 0.1755842442695927 258 6 6 1.93 1 0.09445164403667455 0.0 1.2177024
true 0.0002511693231803576 1594 6 6 1.93 2 0.09445164403667455 0.0 11.5429352
true 0.0003736644140535095 2756 6 6 1.93 3 0.09445164403667455 0.0 27.3051499
true 0.00020593785532258915 3960 6 6 1.93 4 0.09445164403667455 0.0 51.1966316
true 0.01884747204756554 115 6 1 1.94 1 0.09357216363534221 0.0 0.5469966
true 0.00034721165765694284 383 6 1 1.94 2 0.09357216363534221 0.0 2.9894867
true 0.00031747595535264184 1876 6 1 1.94 3 0.09357216363534221 0.0 18.9956303
true 0.00027897435711610186 5013 6 1 1.94 4 0.09357216363534221 0.0 61.0187011
true 0.018761727338349243 114 6 2 1.94 1 0.09357216363534221 0.0 0.6065522
true 0.01810662037221808 542 6 2 1.94 2 0.09357216363534221 0.0 4.3109435
true 6.108792535672314e-5 2625 6 2 1.94 3 0.09357216363534221 0.0 25.357602
true 4.381403466721667e-5 4259 6 2 1.94 4 0.09357216363534221 0.0 51.6491062
true 0.018733032137093042 114 6 3 1.94 1 0.09357216363534221 0.0 0.5861593
true 0.0003294210574977437 968 6 3 1.94 2 0.09357216363534221 0.0 6.9466153
true 0.017899922614666608 781 6 3 1.94 3 0.09357216363534221 0.0 8.8653848
true 3.470812689376768e-5 4657 6 3 1.94 4 0.09357216363534221 0.0 57.3341475
true 0.01835184328773047 166 6 4 1.94 1 0.09357216363534221 0.0 0.7858567
true 0.0002819605492585392 1051 6 4 1.94 2 0.09357216363534221 0.0 7.8126658
true 0.013602055378773445 1967 6 4 1.94 3 0.09357216363534221 0.0 20.5683989
true 0.0004228948206809885 9056 6 4 1.94 4 0.09357216363534221 0.0 115.1565378
true 0.21058431114819784 178 6 5 1.94 1 0.09357216363534221 0.0 0.848189
true 0.02750253805041889 578 6 5 1.94 2 0.09357216363534221 0.0 4.5442359
true 0.00023707395670751196 2053 6 5 1.94 3 0.09357216363534221 0.0 21.4583251
true 0.004211097589434287 7955 6 5 1.94 4 0.09357216363534221 0.0 101.3566363
true 0.015103128307643996 267 6 6 1.94 1 0.09357216363534221 0.0 1.296086
true 0.00025453052140991805 2019 6 6 1.94 2 0.09357216363534221 0.0 14.3657848
true 6.841462013729149e-5 7211 6 6 1.94 3 0.09357216363534221 0.0 72.4176184
true 0.0011750200198564948 5608 6 6 1.94 4 0.09357216363534221 0.0 70.0352808
true 0.018629003024688173 125 6 1 1.95 1 0.09270593780019673 0.0 0.5871334
true 0.000339168541020729 850 6 1 1.95 2 0.09270593780019673 0.0 6.3323977
true 7.760750026691854e-5 2385 6 1 1.95 3 0.09270593780019673 0.0 23.6905975
true 0.012881355178543719 3803 6 1 1.95 4 0.09270593780019673 0.0 46.6712124
true 0.018545320869085197 153 6 2 1.95 1 0.09270593780019673 0.0 0.7480836
true 0.0003194078560379565 1497 6 2 1.95 2 0.09270593780019673 0.0 10.66657
true 0.01819812062593318 926 6 2 1.95 3 0.09270593780019673 0.0 10.0389298
true 0.00020810183897629342 6435 6 2 1.95 4 0.09270593780019673 0.0 78.0760782
true 0.01851732721001324 116 6 3 1.95 1 0.09270593780019673 0.0 0.5621003
true 0.00032307659890830803 929 6 3 1.95 2 0.09270593780019673 0.0 6.516987
true 0.018201070325675233 1277 6 3 1.95 3 0.09270593780019673 0.0 13.2459361
true 0.0005096713875358075 5596 6 3 1.95 4 0.09270593780019673 0.0 67.8599735
true 0.01814446013989761 127 6 4 1.95 1 0.09270593780019673 0.0 0.6507596
true 0.0002785237929068263 1628 6 4 1.95 2 0.09270593780019673 0.0 11.5479118
true 0.00034882169744640534 5462 6 4 1.95 3 0.09270593780019673 0.0 53.2324395
true 0.00042299394242895083 3022 6 4 1.95 4 0.09270593780019673 0.0 39.4340106
true 0.2105372181150645 154 6 5 1.95 1 0.09270593780019673 0.0 0.7938878
true 0.00028583564424875527 1539 6 5 1.95 2 0.09270593780019673 0.0 11.3828557
true 0.00013925812869113318 3807 6 5 1.95 3 0.09270593780019673 0.0 37.8156548
true 0.00029937279004300655 3818 6 5 1.95 4 0.09270593780019673 0.0 49.0278165
true 0.014935462821365616 183 6 6 1.95 1 0.09270593780019673 0.0 0.8870897
true 0.0002700295533352437 2241 6 6 1.95 2 0.09270593780019673 0.0 16.4089954
true 0.009427830998185801 3066 6 6 1.95 3 0.09270593780019673 0.0 32.0740928
true 0.0005085936117908696 6659 6 6 1.95 4 0.09270593780019673 0.0 82.5712326
true 0.018414786279590756 127 6 1 1.96 1 0.09185268817481701 0.0 0.5673927
true 0.00033156443838638916 722 6 1 1.96 2 0.09185268817481701 0.0 5.2518058
true 0.0005939653411412005 778 6 1 1.96 3 0.09185268817481701 0.0 8.7671055
true 3.8527331485960215e-5 3370 6 1 1.96 4 0.09185268817481701 0.0 42.5977571
true 0.01833310821815573 154 6 2 1.96 1 0.09185268817481701 0.0 0.7011419
true 0.00031493737589385895 683 6 2 1.96 2 0.09185268817481701 0.0 4.991547
true 0.0002980599288557595 2612 6 2 1.96 3 0.09185268817481701 0.0 25.5128372
true 0.0003525955538783987 2642 6 2 1.96 4 0.09185268817481701 0.0 33.3791136
true 0.018306065390417292 121 6 3 1.96 1 0.09185268817481701 0.0 0.615253
true 0.0003177621387308223 1167 6 3 1.96 2 0.09185268817481701 0.0 8.4257945
true 0.01784701955438256 1456 6 3 1.96 3 0.09185268817481701 0.0 14.792046
true 6.498464935557798e-5 5035 6 3 1.96 4 0.09185268817481701 0.0 62.7074548
true 0.25873411473859054 181 6 4 1.96 1 0.09185268817481701 0.0 0.856524
true 0.2500884208559835 540 6 4 1.96 2 0.09185268817481701 0.0 4.3262894
true 0.0001607272767732426 3619 6 4 1.96 3 0.09185268817481701 0.0 35.7161275
true 0.0011964143915051129 6542 6 4 1.96 4 0.09185268817481701 0.0 80.1633223
true 0.2109842908770409 274 6 5 1.96 1 0.09185268817481701 0.0 1.3175393
true 0.00027878473284784764 1173 6 5 1.96 2 0.09185268817481701 0.0 8.6449335
true 0.0034165117060839132 4096 6 5 1.96 3 0.09185268817481701 0.0 39.9095036
true 0.00027861809396420025 5703 6 5 1.96 4 0.09185268817481701 0.0 71.6371602
true 0.014769005457830395 157 6 6 1.96 1 0.09185268817481701 0.0 0.811919
true 0.00024983013810859583 1840 6 6 1.96 2 0.09185268817481701 0.0 13.6271055
true 0.011948153307069312 1670 6 6 1.96 3 0.09185268817481701 0.0 17.0023998
true 0.0001635724314949886 7137 6 6 1.96 4 0.09185268817481701 0.0 90.5558837
true 0.018204268424137637 111 6 1 1.97 1 0.09101214385204551 0.0 0.5514632
true 0.00032435001448688494 1101 6 1 1.97 2 0.09101214385204551 0.0 8.0117613
true 0.01755767963319993 1155 6 1 1.97 3 0.09101214385204551 0.0 12.7028937
true 0.0002729646737549829 2912 6 1 1.97 4 0.09101214385204551 0.0 36.3230725
true 0.01812475102593228 145 6 2 1.97 1 0.09101214385204551 0.0 0.7270504
true 0.0003060955077963945 717 6 2 1.97 2 0.09101214385204551 0.0 5.226095
true 6.318357784040884e-5 1924 6 2 1.97 3 0.09101214385204551 0.0 19.6918215
true 6.955160639540714e-5 7985 6 2 1.97 4 0.09101214385204551 0.0 96.0040119
true 0.01809903610161408 106 6 3 1.97 1 0.09101214385204551 0.0 0.5326472
true 0.0003091028136380884 980 6 3 1.97 2 0.09101214385204551 0.0 7.0095205
true 8.857124822281293e-5 2177 6 3 1.97 3 0.09101214385204551 0.0 21.3781644
true 0.0002624357082813093 3492 6 3 1.97 4 0.09101214385204551 0.0 42.8926314
true 0.017741842038060576 139 6 4 1.97 1 0.09101214385204551 0.0 0.6438633
true 0.0002691342676894998 716 6 4 1.97 2 0.09101214385204551 0.0 5.2732455
true 0.0002530050317102739 2761 6 4 1.97 3 0.09101214385204551 0.0 27.4997135
true 0.00045634356604694337 5243 6 4 1.97 4 0.09101214385204551 0.0 64.8479476
true 0.017526945065469934 135 6 5 1.97 1 0.09101214385204551 0.0 0.695046
true 0.2001445370460274 477 6 5 1.97 2 0.09101214385204551 0.0 3.8406468
true 0.003420805925009274 1007 6 5 1.97 3 0.09101214385204551 0.0 10.7220786
true 0.00017397546251946006 1761 6 5 1.97 4 0.09101214385204551 0.0 23.8174783
true 0.17520510908230272 204 6 6 1.97 1 0.09101214385204551 0.0 1.0021433
true 0.0002467450668144818 1819 6 6 1.97 2 0.09101214385204551 0.0 13.197289
true 3.767960425130982e-5 4742 6 6 1.97 3 0.09101214385204551 0.0 46.9800902
true 0.0007101708410715742 5177 6 6 1.97 4 0.09101214385204551 0.0 66.6071226
true 0.01799693337067687 103 6 1 1.98 1 0.09018404113577616 0.0 0.4899422
true 0.0003172220850630181 1258 6 1 1.98 2 0.09018404113577616 0.0 8.5992332
true 0.00030158279279157707 1888 6 1 1.98 3 0.09018404113577616 0.0 19.4660353
true 0.0002822798126408399 1693 6 1 1.98 4 0.09018404113577616 0.0 22.3589468
true 0.017921400193465525 106 6 2 1.98 1 0.09018404113577616 0.0 0.5124288
true 0.01711770158808079 633 6 2 1.98 2 0.09018404113577616 0.0 5.10998
true 0.0004342242252463324 1088 6 2 1.98 3 0.09018404113577616 0.0 11.3593342
true 0.0008418271183611992 5013 6 2 1.98 4 0.09018404113577616 0.0 60.9998358
true 0.3393325708657528 102 6 3 1.98 1 0.09018404113577616 0.0 0.5115156
true 0.00030286714104862017 696 6 3 1.98 2 0.09018404113577616 0.0 5.3249524
true 4.0368291116421595e-5 3048 6 3 1.98 3 0.09018404113577616 0.0 31.0082738
true 0.00027649487245218207 3291 6 3 1.98 4 0.09018404113577616 0.0 41.1166953
true 0.017545189919803694 136 6 4 1.98 1 0.09018404113577616 0.0 0.6867914
true 0.0002513317466775189 1669 6 4 1.98 2 0.09018404113577616 0.0 11.8775638
true 0.0003760991546065823 4107 6 4 1.98 3 0.09018404113577616 0.0 40.5018857
true 9.357432940845789e-5 5783 6 4 1.98 4 0.09018404113577616 0.0 70.2972746
true 0.21073724336448119 129 6 5 1.98 1 0.09018404113577616 0.0 0.68918
true 0.026249362540444143 697 6 5 1.98 2 0.09018404113577616 0.0 5.3884933
true 5.3237837997266446e-5 7300 6 5 1.98 3 0.09018404113577616 0.0 71.8669943
true 0.00040476149999625345 1074 6 5 1.98 4 0.09018404113577616 0.0 17.1427078
true 0.17561606108613945 151 6 6 1.98 1 0.09018404113577616 0.0 0.8284731
true 0.02180561972224417 758 6 6 1.98 2 0.09018404113577616 0.0 5.8278979
true 0.00011991035007130613 6497 6 6 1.98 3 0.09018404113577616 0.0 65.8912404
true 0.00013120237697699286 2013 6 6 1.98 4 0.09018404113577616 0.0 26.4514831
true 0.017793544525688487 103 6 1 1.99 1 0.08936812331138665 0.0 0.5056541
true 0.00031225531357664815 684 6 1 1.99 2 0.08936812331138665 0.0 4.9560956
true 0.0003533323814658984 2763 6 1 1.99 3 0.08936812331138665 0.0 27.4877167
true 0.00040562498281426773 3337 6 1 1.99 4 0.08936812331138665 0.0 41.3400348
true 0.017718910934204718 127 6 2 1.99 1 0.08936812331138665 0.0 0.6328789
true 0.00029356712326547574 1194 6 2 1.99 2 0.08936812331138665 0.0 8.2823518
true 6.223776319319585e-5 3277 6 2 1.99 3 0.08936812331138665 0.0 32.1338554
true 0.0003887276556839847 4592 6 2 1.99 4 0.08936812331138665 0.0 56.2639558
true 0.017694068074078566 97 6 3 1.99 1 0.08936812331138665 0.0 0.5034075
true 0.0003001225406057591 306 6 3 1.99 2 0.08936812331138665 0.0 2.6782999
true 0.0004855531522557725 2773 6 3 1.99 3 0.08936812331138665 0.0 27.0501594
true 0.0002937838837241413 6591 6 3 1.99 4 0.08936812331138665 0.0 81.8231873
true 0.017351690161282865 120 6 4 1.99 1 0.08936812331138665 0.0 0.5721186
true 0.00026556311380043773 1927 6 4 1.99 2 0.08936812331138665 0.0 13.9345779
true 7.287962358183686e-5 4902 6 4 1.99 3 0.08936812331138665 0.0 47.7509275
true 3.1545774588442876e-5 9295 6 4 1.99 4 0.08936812331138665 0.0 113.9167648
true 0.01714618611304385 251 6 5 1.99 1 0.08936812331138665 0.0 1.2460072
true 0.0002578511458022903 923 6 5 1.99 2 0.08936812331138665 0.0 6.64322
true 0.00713031573931 2042 6 5 1.99 3 0.08936812331138665 0.0 20.9386104
true 0.00010999368241507713 2707 6 5 1.99 4 0.08936812331138665 0.0 34.9046276
true 0.014288562055136364 159 6 6 1.99 1 0.08936812331138665 0.0 0.7628953
true 0.00023443687219274847 1747 6 6 1.99 2 0.08936812331138665 0.0 12.5051632
true 0.00021082487466757746 4278 6 6 1.99 3 0.08936812331138665 0.0 42.1117747
true 0.0003960259112904448 1598 6 6 1.99 4 0.08936812331138665 0.0 21.903275
true 0.017593528548506487 172 6 1 2.0 1 0.0885641404244465 0.0 0.8218727
true 0.0003036131956325461 502 6 1 2.0 2 0.0885641404244465 0.0 3.7361044
true 7.232754190972246e-5 1704 6 1 2.0 3 0.0885641404244465 0.0 16.4656904
true 0.00029654925697897294 2603 6 1 2.0 4 0.0885641404244465 0.0 32.5571374
true 0.017521143365787584 159 6 2 2.0 1 0.0885641404244465 0.0 0.7081681
true 0.0002882909630592678 1062 6 2 2.0 2 0.0885641404244465 0.0 7.6846295
true 3.477933028223079e-5 1353 6 2 2.0 3 0.0885641404244465 0.0 14.3984509
true 0.0002267927712988338 7027 6 2 2.0 4 0.0885641404244465 0.0 85.9737047
true 0.017496957665564156 128 6 3 2.0 1 0.0885641404244465 0.0 0.6618172
true 0.00028885650901322446 1236 6 3 2.0 2 0.0885641404244465 0.0 8.6983463
true 0.00016457271100870732 2344 6 3 2.0 3 0.0885641404244465 0.0 23.3387266
true 0.0002761233964734637 4305 6 3 2.0 4 0.0885641404244465 0.0 54.0882241
true 0.017161703366113182 261 6 4 2.0 1 0.0885641404244465 0.0 1.1927736
true 0.000248516337744753 2559 6 4 2.0 2 0.0885641404244465 0.0 18.5652362
true 0.012808617530254487 641 6 4 2.0 3 0.0885641404244465 0.0 7.5990906
true 0.01754656904988107 4165 6 4 2.0 4 0.0885641404244465 0.0 51.3158877
true 0.20992332973962954 128 6 5 2.0 1 0.0885641404244465 0.0 0.6339607
true 0.0002631919853911868 1100 6 5 2.0 2 0.0885641404244465 0.0 8.3730926
true 0.0035826757663243057 3940 6 5 2.0 3 0.0885641404244465 0.0 38.7224219
true 0.0003978839201100981 4664 6 5 2.0 4 0.0885641404244465 0.0 58.5400912
true 0.014134236131563596 333 6 6 2.0 1 0.0885641404244465 0.0 1.6406844
true 0.00025227124066490303 1855 6 6 2.0 2 0.0885641404244465 0.0 13.1332668
true 4.163865691828953e-5 6108 6 6 2.0 3 0.0885641404244465 0.0 60.1951689
true 0.00024055964718042167 1900 6 6 2.0 4 0.0885641404244465 0.0 25.2770119