g_converged min_loss iter nsites nqubits0 h nlayers SvN m time
true 0.023141188197771334 52 4 1 1.75 1 0.11006905644949685 0.0 5.7288416
true 0.0004080209013804792 151 4 1 1.75 2 0.11006905644949685 0.0 0.6783128
true 8.147642165390323e-6 395 4 1 1.75 3 0.11006905644949685 0.0 2.1682206
true 8.095155516707475e-5 1061 4 1 1.75 4 0.11006905644949685 0.0 7.8110116
true 0.022205898676900537 93 4 2 1.75 1 0.11006905644949685 0.0 0.2288837
true 0.00023829538870637212 327 4 2 1.75 2 0.11006905644949685 0.0 1.3582241
true 3.436529353065265e-5 1149 4 2 1.75 3 0.11006905644949685 0.0 6.1578761
true 1.5022647817164447e-5 1234 4 2 1.75 4 0.11006905644949685 0.0 8.4584389
true 0.021893997523716697 83 4 3 1.75 1 0.11006905644949685 0.0 0.2050456
true 0.00027725121005417463 496 4 3 1.75 2 0.11006905644949685 0.0 1.8952112
true 2.6245216522613468e-5 637 4 3 1.75 3 0.11006905644949685 0.0 3.616375
true 8.729031441127393e-5 864 4 3 1.75 4 0.11006905644949685 0.0 5.9718596
true 0.016421014546647295 80 4 4 1.75 1 0.11006905644949685 0.0 0.233284
true 0.0002170031889026508 738 4 4 1.75 2 0.11006905644949685 0.0 2.8973446
true 0.005291059248902566 931 4 4 1.75 3 0.11006905644949685 0.0 5.1733952
true 0.0001719131234952792 2300 4 4 1.75 4 0.11006905644949685 0.0 15.0247918
true 0.023025091477147652 66 4 1 1.754 1 0.10963132712715223 0.0 0.1657138
true 0.0003864837965657508 351 4 1 1.754 2 0.10963132712715223 0.0 1.2991412
true 1.1463615998685839e-6 762 4 1 1.754 3 0.10963132712715223 0.0 3.9399399
true 1.3440610252546392e-6 891 4 1 1.754 4 0.10963132712715223 0.0 5.9642032
true 0.022097028757617432 64 4 2 1.754 1 0.10963132712715223 0.0 0.1643843
true 0.022433879228640152 391 4 2 1.754 2 0.10963132712715223 0.0 1.5036927
true 2.1976389834560406e-5 1033 4 2 1.754 3 0.10963132712715223 0.0 5.4516769
true 8.236827732349683e-6 1349 4 2 1.754 4 0.10963132712715223 0.0 8.756481
true 0.02178787250136512 96 4 3 1.754 1 0.10963132712715223 0.0 0.2680636
true 0.00027462945759308227 772 4 3 1.754 2 0.10963132712715223 0.0 3.3055163
true 0.014280534760948463 278 4 3 1.754 3 0.10963132712715223 0.0 2.0440538
true 0.0001231867376828751 908 4 3 1.754 4 0.10963132712715223 0.0 6.7024376
true 0.016341520282245392 124 4 4 1.754 1 0.10963132712715223 0.0 0.3580371
true 0.00021728961549048742 811 4 4 1.754 2 0.10963132712715223 0.0 3.332599
true 3.131219446650402e-5 772 4 4 1.754 3 0.10963132712715223 0.0 4.4830092
true 1.6478440911224523e-5 1085 4 4 1.754 4 0.10963132712715223 0.0 8.1829076
true 0.02290885182138308 58 4 1 1.758 1 0.10919632649010559 0.0 0.1676826
true 0.00038363537815577775 371 4 1 1.758 2 0.10919632649010559 0.0 1.5151619
true 4.721352958481084e-6 579 4 1 1.758 3 0.10919632649010559 0.0 3.6430301
true 1.4924040385722037e-6 992 4 1 1.758 4 0.10919632649010559 0.0 7.1404899
true 0.021989493562940138 85 4 2 1.758 1 0.10919632649010559 0.0 0.2079893
true 0.0002304974403423421 175 4 2 1.758 2 0.10919632649010559 0.0 0.7799502
true 0.010351195112436068 520 4 2 1.758 3 0.10919632649010559 0.0 2.9429769
true 0.0002096875990645064 983 4 2 1.758 4 0.10919632649010559 0.0 7.1571878
true 0.021682990455788347 125 4 3 1.758 1 0.10919632649010559 0.0 0.352669
true 0.00027444389992585066 426 4 3 1.758 2 0.10919632649010559 0.0 1.8405028
true 2.1033056357015283e-5 996 4 3 1.758 3 0.10919632649010559 0.0 5.7265151
true 0.00010849584832902288 1419 4 3 1.758 4 0.10919632649010559 0.0 10.4742695
true 0.016262922396999294 104 4 4 1.758 1 0.10919632649010559 0.0 0.2939795
true 0.020130187677989797 296 4 4 1.758 2 0.10919632649010559 0.0 1.4190301
true 0.0002240496720465196 714 4 4 1.758 3 0.10919632649010559 0.0 4.3081208
true 2.843611248330713e-5 414 4 4 1.758 4 0.10919632649010559 0.0 4.0183968
true 0.022793536612793264 58 4 1 1.762 1 0.10876403182300093 0.0 0.1657967
true 0.00038042454945502735 405 4 1 1.762 2 0.10876403182300093 0.0 1.7405806
true 0.000371113984101612 689 4 1 1.762 3 0.10876403182300093 0.0 4.0544597
true 4.513586870924513e-7 611 4 1 1.762 4 0.10876403182300093 0.0 5.058714
true 0.021882098787380122 73 4 2 1.762 1 0.10876403182300093 0.0 0.2326898
true 0.011199723678210816 292 4 2 1.762 2 0.10876403182300093 0.0 1.2849087
true 1.9910434787301368e-5 821 4 2 1.762 3 0.10876403182300093 0.0 4.5913027
true 3.240655661790326e-5 1377 4 2 1.762 4 0.10876403182300093 0.0 10.0145034
true 0.021578051730066827 90 4 3 1.762 1 0.10876403182300093 0.0 0.259007
true 0.0002717589302715373 493 4 3 1.762 2 0.10876403182300093 0.0 2.1275131
true 0.014389121494912227 355 4 3 1.762 3 0.10876403182300093 0.0 2.4970602
true 4.28214628148312e-5 1203 4 3 1.762 4 0.10876403182300093 0.0 8.8233122
true 0.01618364289347471 72 4 4 1.762 1 0.10876403182300093 0.0 0.2401558
true 0.00021104353582264423 752 4 4 1.762 2 0.10876403182300093 0.0 3.373977
true 1.51990751285358e-5 1071 4 4 1.762 3 0.10876403182300093 0.0 6.1270007
true 7.221880272571812e-5 2074 4 4 1.762 4 0.10876403182300093 0.0 14.9980458
true 0.022679366523519484 69 4 1 1.766 1 0.10833442063930465 0.0 0.187933
true 0.00037792242610346083 496 4 1 1.766 2 0.10833442063930465 0.0 2.0190338
true 0.00038836905503630836 801 4 1 1.766 3 0.10833442063930465 0.0 4.653948
true 1.3293542066361574e-5 754 4 1 1.766 4 0.10833442063930465 0.0 5.7963387
true 0.02177565750410143 66 4 2 1.766 1 0.10833442063930465 0.0 0.1709639
true 0.011143631577765822 253 4 2 1.766 2 0.10833442063930465 0.0 1.2036752
true 0.011714512159784946 355 4 2 1.766 3 0.10833442063930465 0.0 2.4162449
true 5.568355203433573e-6 1220 4 2 1.766 4 0.10833442063930465 0.0 8.8215177
true 0.34089349208428765 64 4 3 1.766 1 0.10833442063930465 0.0 0.1996932
true 0.0002680463006260088 697 4 3 1.766 2 0.10833442063930465 0.0 2.9292869
true 2.0994674192957124e-5 1109 4 3 1.766 3 0.10833442063930465 0.0 6.4420205
true 2.3905146436797864e-5 476 4 3 1.766 4 0.10833442063930465 0.0 4.4336601
true 0.016105972851588046 87 4 4 1.766 1 0.10833442063930465 0.0 0.2570368
true 0.0002092379953008705 652 4 4 1.766 2 0.10833442063930465 0.0 2.7584711
true 0.00018665712896190345 948 4 4 1.766 3 0.10833442063930465 0.0 5.7105561
true 0.00010409843732893387 1630 4 4 1.766 4 0.10833442063930465 0.0 11.7795815
true 0.022566547749579835 52 4 1 1.77 1 0.10790747067873688 0.0 0.1520058
true 0.00037335081925388147 365 4 1 1.77 2 0.10790747067873688 0.0 1.5108981
true 4.043359308203431e-6 1190 4 1 1.77 3 0.10790747067873688 0.0 6.8234677
true 3.2028201353284658e-6 831 4 1 1.77 4 0.10790747067873688 0.0 6.7183568
true 0.02167030579940235 67 4 2 1.77 1 0.10790747067873688 0.0 0.2036078
true 0.0002012530488407771 811 4 2 1.77 2 0.10790747067873688 0.0 3.3161294
true 0.0001980580685939093 861 4 2 1.77 3 0.10790747067873688 0.0 4.9467395
true 3.786288516521852e-6 630 4 2 1.77 4 0.10790747067873688 0.0 5.4802399
true 0.021371732570530027 80 4 3 1.77 1 0.10790747067873688 0.0 0.2338224
true 0.00026835940930812024 536 4 3 1.77 2 0.10790747067873688 0.0 2.2234976
true 9.191812437558955e-5 591 4 3 1.77 3 0.10790747067873688 0.0 3.6196291
true 2.5130439951189427e-5 1223 4 3 1.77 4 0.10790747067873688 0.0 9.1703139
true 0.016028734616043608 88 4 4 1.77 1 0.10790747067873688 0.0 0.2599102
true 0.00020592719077787425 722 4 4 1.77 2 0.10790747067873688 0.0 3.1726273
true 0.00014498357385471505 1097 4 4 1.77 3 0.10790747067873688 0.0 6.7324907
true 0.00020160260019021214 764 4 4 1.77 4 0.10790747067873688 0.0 6.2195512
true 0.02245372667982337 88 4 1 1.774 1 0.10748315990471694 0.0 0.2278072
true 0.0003702924029641008 258 4 1 1.774 2 0.10748315990471694 0.0 1.1721912
true 0.0002686113626349518 484 4 1 1.774 3 0.10748315990471694 0.0 3.2299128
true 6.356750699154645e-7 646 4 1 1.774 4 0.10748315990471694 0.0 5.1196555
true 0.021565468023492157 62 4 2 1.774 1 0.10748315990471694 0.0 0.1778164
true 0.011002303494734383 269 4 2 1.774 2 0.10748315990471694 0.0 1.2652483
true 0.010379352421974491 454 4 2 1.774 3 0.10748315990471694 0.0 2.8864465
true 8.300990999315916e-5 643 4 2 1.774 4 0.10748315990471694 0.0 5.0865127
true 0.021268951487724674 65 4 3 1.774 1 0.10748315990471694 0.0 0.1986939
true 0.00026875933837428034 436 4 3 1.774 2 0.10748315990471694 0.0 2.0554231
true 1.6797610248549717e-5 1047 4 3 1.774 3 0.10748315990471694 0.0 6.2612919
true 0.00013397466236606906 2067 4 3 1.774 4 0.10748315990471694 0.0 14.9256498
true 0.015951946158629354 73 4 4 1.774 1 0.10748315990471694 0.0 0.2223436
true 0.00027000282632123895 266 4 4 1.774 2 0.10748315990471694 0.0 1.2483352
true 1.7835016769149337e-5 1051 4 4 1.774 3 0.10748315990471694 0.0 6.1272249
true 0.0003930860097158678 1847 4 4 1.774 4 0.10748315990471694 0.0 13.7341079
true 0.022342481551673787 53 4 1 1.778 1 0.10706146650185454 0.0 0.1512829
true 0.0003678070145498036 235 4 1 1.778 2 0.10706146650185454 0.0 1.0337366
true 0.000371456451682739 965 4 1 1.778 3 0.10706146650185454 0.0 5.5765908
true 1.0540073636766678e-5 898 4 1 1.778 4 0.10706146650185454 0.0 6.8118033
true 0.021461984522629374 63 4 2 1.778 1 0.10706146650185454 0.0 0.1971839
true 0.000356975878668786 202 4 2 1.778 2 0.10706146650185454 0.0 0.9687784
true 0.00014253324205895646 370 4 2 1.778 3 0.10706146650185454 0.0 2.3638765
true 2.4183940783156777e-5 1946 4 2 1.778 4 0.10706146650185454 0.0 14.0279479
true 0.021167632250661778 60 4 3 1.778 1 0.10706146650185454 0.0 0.1775585
true 0.0005189895237055672 191 4 3 1.778 2 0.10706146650185454 0.0 0.9708072
true 3.818964060832893e-5 1541 4 3 1.778 3 0.10706146650185454 0.0 8.7828479
true 6.313154845333235e-5 1614 4 3 1.778 4 0.10706146650185454 0.0 12.1313873
true 0.01587565260506639 115 4 4 1.778 1 0.10706146650185454 0.0 0.3402971
true 0.0002161682537253906 200 4 4 1.778 2 0.10706146650185454 0.0 1.0194621
true 6.997923488887003e-5 2592 4 4 1.778 3 0.10706146650185454 0.0 15.1356634
true 0.000171417571456417 681 4 4 1.778 4 0.10706146650185454 0.0 5.485452
true 0.022231520307869512 64 4 1 1.782 1 0.10664236887346724 0.0 0.1892304
true 0.00036389654027962903 343 4 1 1.782 2 0.10664236887346724 0.0 1.4771372
true 3.6712958592088896e-6 684 4 1 1.782 3 0.10664236887346724 0.0 4.0075782
true 2.6031609030585656e-6 479 4 1 1.782 4 0.10664236887346724 0.0 4.1061814
true 0.02135783735368718 69 4 2 1.782 1 0.10664236887346724 0.0 0.1960585
true 0.010926790833843625 324 4 2 1.782 2 0.10664236887346724 0.0 1.3536151
true 1.729878378195493e-5 2063 4 2 1.782 3 0.10664236887346724 0.0 11.5331368
true 1.3645222184749395e-5 1778 4 2 1.782 4 0.10664236887346724 0.0 12.8037242
true 0.021066754830893947 57 4 3 1.782 1 0.10664236887346724 0.0 0.1674806
true 0.0002572714509041692 436 4 3 1.782 2 0.10664236887346724 0.0 1.8841064
true 0.000250092016708318 1194 4 3 1.782 3 0.10664236887346724 0.0 6.7409622
true 0.00016189538531174996 1280 4 3 1.782 4 0.10664236887346724 0.0 9.3770217
true 0.015800443283213464 75 4 4 1.782 1 0.10664236887346724 0.0 0.2308564
true 0.00020424210834553425 851 4 4 1.782 2 0.10664236887346724 0.0 3.5980543
true 2.321720874191857e-5 1103 4 4 1.782 3 0.10664236887346724 0.0 6.4737442
true 0.00017362767248603472 1038 4 4 1.782 4 0.10664236887346724 0.0 7.7624775
true 0.02212177426179701 54 4 1 1.786 1 0.10622584563911956 0.0 0.1602708
true 0.0003607799465475958 238 4 1 1.786 2 0.10622584563911956 0.0 1.0636497
true 0.00034461298890170466 256 4 1 1.786 3 0.10622584563911956 0.0 1.8016611
true 6.2542550477995285e-6 625 4 1 1.786 4 0.10622584563911956 0.0 5.0877092
true 0.021255634497169273 80 4 2 1.786 1 0.10622584563911956 0.0 0.22197
true 0.010856872530826983 328 4 2 1.786 2 0.10622584563911956 0.0 1.4290679
true 5.464942350486002e-6 1372 4 2 1.786 3 0.10622584563911956 0.0 7.9418631
true 4.0939572769460586e-5 1645 4 2 1.786 4 0.10622584563911956 0.0 12.178125
true 0.02096656204862224 55 4 3 1.786 1 0.10622584563911956 0.0 0.167896
true 0.00025671079859392504 367 4 3 1.786 2 0.10622584563911956 0.0 1.6237678
true 0.0001319446149640191 1375 4 3 1.786 3 0.10622584563911956 0.0 7.872259
true 9.731028939659787e-5 1079 4 3 1.786 4 0.10622584563911956 0.0 8.2118146
true 0.015725247578944043 102 4 4 1.786 1 0.10622584563911956 0.0 0.3233224
true 0.00019788391275064876 584 4 4 1.786 2 0.10622584563911956 0.0 2.4387365
true 8.273604729043538e-5 611 4 4 1.786 3 0.10622584563911956 0.0 4.0242501
true 0.00045129786382366865 1324 4 4 1.786 4 0.10622584563911956 0.0 10.1614212
true 0.02201281072472938 63 4 1 1.79 1 0.10581187563218997 0.0 0.1668598
true 0.00035776305234747063 639 4 1 1.79 2 0.10581187563218997 0.0 2.6538056
true 0.00023458444535146006 980 4 1 1.79 3 0.10581187563218997 0.0 5.7764527
true 1.4416207828604755e-6 794 4 1 1.79 4 0.10581187563218997 0.0 6.2444887
true 0.02115528422367277 70 4 2 1.79 1 0.10581187563218997 0.0 0.1979809
true 0.000194341205348475 676 4 2 1.79 2 0.10581187563218997 0.0 2.8147596
true 0.008903688310126834 798 4 2 1.79 3 0.10581187563218997 0.0 4.6365992
true 6.80910424648018e-5 2226 4 2 1.79 4 0.10581187563218997 0.0 15.3808144
true 0.02086786996459002 73 4 3 1.79 1 0.10581187563218997 0.0 0.2283901
true 0.00025388505657468013 519 4 3 1.79 2 0.10581187563218997 0.0 2.2049589
true 8.157787695402725e-5 551 4 3 1.79 3 0.10581187563218997 0.0 3.3768071
true 4.5844465143866454e-5 1455 4 3 1.79 4 0.10581187563218997 0.0 10.5320439
true 0.01565048618828256 75 4 4 1.79 1 0.10581187563218997 0.0 0.2383302
true 0.00019678199976683186 655 4 4 1.79 2 0.10581187563218997 0.0 2.8348879
true 0.00999619515936924 1109 4 4 1.79 3 0.10581187563218997 0.0 6.6483272
true 0.00013419677136587704 1169 4 4 1.79 4 0.10581187563218997 0.0 8.7276262
true 0.021904988233175937 53 4 1 1.794 1 0.10540043789747637 0.0 0.1440325
true 0.0003544749883303555 611 4 1 1.794 2 0.10540043789747637 0.0 2.5474513
true 7.885086892978066e-6 624 4 1 1.794 3 0.10540043789747637 0.0 3.8686084
true 5.047057671236921e-6 1631 4 1 1.794 4 0.10540043789747637 0.0 11.3917116
true 0.02105246835845498 66 4 2 1.794 1 0.10540043789747637 0.0 0.1811108
true 0.00020753203160431277 261 4 2 1.794 2 0.10540043789747637 0.0 1.1518151
true 1.4730064332141302e-5 1185 4 2 1.794 3 0.10540043789747637 0.0 6.6390001
true 6.340758611753095e-5 3013 4 2 1.794 4 0.10540043789747637 0.0 20.3900271
true 0.020769287787222035 86 4 3 1.794 1 0.10540043789747637 0.0 0.2712961
true 0.0006961209779394184 309 4 3 1.794 2 0.10540043789747637 0.0 1.4491984
true 0.0002543289207910619 1161 4 3 1.794 3 0.10540043789747637 0.0 6.7297326
true 0.0003707533633445041 1438 4 3 1.794 4 0.10540043789747637 0.0 10.9803111
true 0.25547632710290363 75 4 4 1.794 1 0.10540043789747637 0.0 0.2153664
true 0.00019918084444157935 713 4 4 1.794 2 0.10540043789747637 0.0 3.0129199
true 1.529024807417345e-5 1267 4 4 1.794 3 0.10540043789747637 0.0 7.3839479
true 0.00021617214773435312 573 4 4 1.794 4 0.10540043789747637 0.0 5.1736468
true 0.021796765693822495 56 4 1 1.798 1 0.10499151168882122 0.0 0.1486262
true 0.00035164059830689043 182 4 1 1.798 2 0.10499151168882122 0.0 0.8639194
true 1.8955006063414714e-5 653 4 1 1.798 3 0.10499151168882122 0.0 4.0545616
true 2.2617042028105772e-7 629 4 1 1.798 4 0.10499151168882122 0.0 5.1819391
true 0.020952336699571306 88 4 2 1.798 1 0.10499151168882122 0.0 0.266095
true 0.010715865660170437 282 4 2 1.798 2 0.10499151168882122 0.0 1.3130381
true 1.688156462156809e-5 1380 4 2 1.798 3 0.10499151168882122 0.0 8.1122604
true 2.7864347721173743e-5 1114 4 2 1.798 4 0.10499151168882122 0.0 8.3005662
true 0.020671739623264702 62 4 3 1.798 1 0.10499151168882122 0.0 0.1845499
true 0.0002513982774280758 723 4 3 1.798 2 0.10499151168882122 0.0 3.1347723
true 2.5432638902848453e-5 990 4 3 1.798 3 0.10499151168882122 0.0 5.8546219
true 2.4588831781950187e-5 1266 4 3 1.798 4 0.10499151168882122 0.0 10.0328752
true 0.2554499295935014 92 4 4 1.798 1 0.10499151168882122 0.0 0.2961707
true 0.00024854869133381086 165 4 4 1.798 2 0.10499151168882122 0.0 1.0157757
true 2.5405342642642603e-5 786 4 4 1.798 3 0.10499151168882122 0.0 4.9419441
true 0.00015096310420355252 765 4 4 1.798 4 0.10499151168882122 0.0 6.6943963
true 0.021690744105645476 76 4 1 1.802 1 0.10458507646675824 0.0 0.2408763
true 0.0003489893055537152 385 4 1 1.802 2 0.10458507646675824 0.0 1.8018716
true 8.419437384604711e-5 533 4 1 1.802 3 0.10458507646675824 0.0 3.5023996
true 9.40427334777949e-6 1232 4 1 1.802 4 0.10458507646675824 0.0 10.8487199
true 0.020852681161283998 61 4 2 1.802 1 0.10458507646675824 0.0 0.216485
true 0.00019160991890343482 776 4 2 1.802 2 0.10458507646675824 0.0 3.9541124
true 0.00011556931280995442 529 4 2 1.802 3 0.10458507646675824 0.0 4.141543
true 1.6802131623305794e-5 924 4 2 1.802 4 0.10458507646675824 0.0 8.44226
true 0.020573556123219556 62 4 3 1.802 1 0.10458507646675824 0.0 0.2158517
true 0.00024707404904071123 498 4 3 1.802 2 0.10458507646675824 0.0 2.4374047
true 2.535549703275297e-5 945 4 3 1.802 3 0.10458507646675824 0.0 6.6611087
true 4.678473707808717e-5 477 4 3 1.802 4 0.10458507646675824 0.0 5.1839484
true 0.015431209825679068 96 4 4 1.802 1 0.10458507646675824 0.0 0.3192528
true 0.00028657815779299656 195 4 4 1.802 2 0.10458507646675824 0.0 1.2653055
true 6.009786628485836e-6 754 4 4 1.802 3 0.10458507646675824 0.0 5.4118019
true 1.1594963533131941e-5 1166 4 4 1.802 4 0.10458507646675824 0.0 10.9113447
true 0.021584205805924128 59 4 1 1.806 1 0.10418111189620055 0.0 0.1981286
true 0.0003457694064675776 254 4 1 1.806 2 0.10418111189620055 0.0 1.3353409
true 0.00010658325553464243 631 4 1 1.806 3 0.10418111189620055 0.0 4.4086178
true 5.600736053767985e-6 833 4 1 1.806 4 0.10418111189620055 0.0 8.3555997
true 0.020753972451648728 123 4 2 1.806 1 0.10418111189620055 0.0 0.496978
true 0.00018279419501748828 188 4 2 1.806 2 0.10418111189620055 0.0 1.2883479
true 0.00026730453122061903 1495 4 2 1.806 3 0.10418111189620055 0.0 11.8453087
true 2.6079071405588072e-5 1475 4 2 1.806 4 0.10418111189620055 0.0 15.9608234
true 0.02047685971037111 90 4 3 1.806 1 0.10418111189620055 0.0 0.4172391
true 0.000246115586281274 713 4 3 1.806 2 0.10418111189620055 0.0 4.3694877
true 2.5407803724286637e-5 3142 4 3 1.806 3 0.10418111189620055 0.0 26.1988788
true 3.609635923442397e-5 1405 4 3 1.806 4 0.10418111189620055 0.0 15.6805947
true 0.015357792677910903 117 4 4 1.806 1 0.10418111189620055 0.0 0.5300487
true 0.00019981046918718381 722 4 4 1.806 2 0.10418111189620055 0.0 4.5145181
true 1.4601464676841647e-5 770 4 4 1.806 3 0.10418111189620055 0.0 6.9701833
true 9.686661028959764e-5 1661 4 4 1.806 4 0.10418111189620055 0.0 17.9483502
true 0.021479272551032713 58 4 1 1.81 1 0.10377959784414785 0.0 0.2652181
true 0.00034309777158175736 193 4 1 1.81 2 0.10377959784414785 0.0 1.487984
true 0.00017090317965473556 269 4 1 1.81 3 0.10377959784414785 0.0 2.8486928
true 6.189252432731163e-6 555 4 1 1.81 4 0.10377959784414785 0.0 7.211168
true 0.020655580847532606 86 4 2 1.81 1 0.10377959784414785 0.0 0.4024997
true 0.00018604517820353106 589 4 2 1.81 2 0.10377959784414785 0.0 4.1150997
true 1.7227315247336783e-5 976 4 2 1.81 3 0.10377959784414785 0.0 8.7735272
true 0.00010049564046429871 1618 4 2 1.81 4 0.10377959784414785 0.0 18.9037752
true 0.020381264166362767 66 4 3 1.81 1 0.10377959784414785 0.0 0.3354968
true 0.000245092372661367 482 4 3 1.81 2 0.10377959784414785 0.0 3.2117658
true 6.518721774016283e-5 787 4 3 1.81 3 0.10377959784414785 0.0 6.9963286
true 0.0002024158649617432 1969 4 3 1.81 4 0.10377959784414785 0.0 22.1736052
true 0.2553703367747176 83 4 4 1.81 1 0.10377959784414785 0.0 0.3714992
true 0.2500096354514826 334 4 4 1.81 2 0.10377959784414785 0.0 2.3461593
true 4.239753355159137e-6 957 4 4 1.81 3 0.10377959784414785 0.0 8.6891049
true 7.424109793205402e-5 1962 4 4 1.81 4 0.10377959784414785 0.0 21.289042
true 0.021374867347487836 52 4 1 1.814 1 0.10338051437741284 0.0 0.2418213
true 0.0003428867756855025 546 4 1 1.814 2 0.10338051437741284 0.0 3.4194301
true 0.00021519956338844626 487 4 1 1.814 3 0.10338051437741284 0.0 4.3429663
true 1.1231233798536522e-7 524 4 1 1.814 4 0.10338051437741284 0.0 6.7734971
true 0.020559949432702646 79 4 2 1.814 1 0.10338051437741284 0.0 0.3094783
true 0.00019463245500944693 311 4 2 1.814 2 0.10338051437741284 0.0 2.1052927
true 0.00038918525434586404 420 4 2 1.814 3 0.10338051437741284 0.0 4.0096735
true 0.00028212452193948634 463 4 2 1.814 4 0.10338051437741284 0.0 6.0248601
true 0.020285776919622744 87 4 3 1.814 1 0.10338051437741284 0.0 0.4322541
true 0.00024426484748120886 654 4 3 1.814 2 0.10338051437741284 0.0 4.1958288
true 4.656556598002052e-5 648 4 3 1.814 3 0.10338051437741284 0.0 5.8895077
true 3.3122257442138224e-5 926 4 3 1.814 4 0.10338051437741284 0.0 10.6332242
true 0.015216305082937323 92 4 4 1.814 1 0.10338051437741284 0.0 0.3968536
true 0.00019694502536742042 666 4 4 1.814 2 0.10338051437741284 0.0 4.2474237
true 3.433175140699074e-5 1243 4 4 1.814 3 0.10338051437741284 0.0 10.5018228
true 0.00027008608028576686 2627 4 4 1.814 4 0.10338051437741284 0.0 27.8314483
true 0.021271206441131396 53 4 1 1.818 1 0.10298384176038922 0.0 0.1977058
true 0.0003382572681805973 318 4 1 1.818 2 0.10298384176038922 0.0 1.9497373
true 4.221361553036207e-6 663 4 1 1.818 3 0.10298384176038922 0.0 5.8682553
true 8.69028544163708e-5 890 4 1 1.818 4 0.10298384176038922 0.0 9.8394508
true 0.020461309184384047 69 4 2 1.818 1 0.10298384176038922 0.0 0.2965555
true 0.00018026501188433963 486 4 2 1.818 2 0.10298384176038922 0.0 3.1611417
true 5.53815381914291e-5 931 4 2 1.818 3 0.10298384176038922 0.0 8.073955
true 4.7932116073179376e-5 525 4 2 1.818 4 0.10298384176038922 0.0 6.5807508
true 0.02019279254857755 67 4 3 1.818 1 0.10298384176038922 0.0 0.3456155
true 0.00023923987215440645 173 4 3 1.818 2 0.10298384176038922 0.0 1.2766861
true 2.283761620317885e-5 839 4 3 1.818 3 0.10298384176038922 0.0 7.436228
true 9.013842466604194e-5 643 4 3 1.818 4 0.10298384176038922 0.0 7.6488274
true 0.2545085809510284 77 4 4 1.818 1 0.10298384176038922 0.0 0.3513746
true 0.0006589571503770181 185 4 4 1.818 2 0.10298384176038922 0.0 1.4950022
true 2.7506883991557096e-5 953 4 4 1.818 3 0.10298384176038922 0.0 8.5163301
true 8.719560930389725e-5 1860 4 4 1.818 4 0.10298384176038922 0.0 19.3649483
true 0.021168390908859636 48 4 1 1.822 1 0.10258956045284198 0.0 0.206539
true 0.0003344582463251089 406 4 1 1.822 2 0.10258956045284198 0.0 2.5438934
true 9.799445668645657e-6 402 4 1 1.822 3 0.10258956045284198 0.0 3.7038935
true 9.070029393815071e-5 419 4 1 1.822 4 0.10258956045284198 0.0 6.4486924
true 0.020367291940810717 77 4 2 1.822 1 0.10258956045284198 0.0 0.2951817
true 0.0001793260645151229 770 4 2 1.822 2 0.10258956045284198 0.0 4.8464455
true 0.0001327656409811917 1041 4 2 1.822 3 0.10258956045284198 0.0 8.787408
true 3.186822301778913e-5 1668 4 2 1.822 4 0.10258956045284198 0.0 18.1116256
true 0.020097616731381957 78 4 3 1.822 1 0.10258956045284198 0.0 0.3481053
true 0.0002512628174417368 312 4 3 1.822 2 0.10258956045284198 0.0 2.1741997
true 9.09619197599169e-5 501 4 3 1.822 3 0.10258956045284198 0.0 4.6479996
true 0.00016308050177773112 1278 4 3 1.822 4 0.10258956045284198 0.0 14.5958284
true 0.015073366783799669 74 4 4 1.822 1 0.10258956045284198 0.0 0.3175894
true 0.00018326548553584954 970 4 4 1.822 2 0.10258956045284198 0.0 6.251182
true 0.004818972622448098 782 4 4 1.822 3 0.10258956045284198 0.0 7.04402
true 0.00011140228990491607 1010 4 4 1.822 4 0.10258956045284198 0.0 11.3054115
true 0.021066437000031857 56 4 1 1.826 1 0.10219765110770393 0.0 0.2280575
true 0.00033245944252074944 519 4 1 1.826 2 0.10219765110770393 0.0 3.3532044
true 0.0003012693096541841 665 4 1 1.826 3 0.10219765110770393 0.0 5.7637245
true 7.005938713611215e-7 751 4 1 1.826 4 0.10219765110770393 0.0 8.3505063
true 0.0202698683330996 64 4 2 1.826 1 0.10219765110770393 0.0 0.2672281
true 0.00017895381903659802 694 4 2 1.826 2 0.10219765110770393 0.0 4.1500153
true 0.00892291674745782 909 4 2 1.826 3 0.10219765110770393 0.0 7.7963581
true 4.035512418265608e-5 415 4 2 1.826 4 0.10219765110770393 0.0 5.4800704
true 0.02000438958137592 78 4 3 1.826 1 0.10219765110770393 0.0 0.3515872
true 0.0007321488722554966 214 4 3 1.826 2 0.10219765110770393 0.0 1.5538866
true 2.495901662350845e-5 1296 4 3 1.826 3 0.10219765110770393 0.0 10.7292338
true 3.503725739893252e-5 1584 4 3 1.826 4 0.10219765110770393 0.0 17.0119782
true 0.015003821235377302 167 4 4 1.826 1 0.10219765110770393 0.0 0.7895825
true 0.00017897201597238954 467 4 4 1.826 2 0.10219765110770393 0.0 3.049743
true 4.1442706069733104e-5 932 4 4 1.826 3 0.10219765110770393 0.0 8.1098541
true 0.00015843051072912673 491 4 4 1.826 4 0.10219765110770393 0.0 6.537128
true 0.020965316301547965 58 4 1 1.83 1 0.10180809456892552 0.0 0.2433364
true 0.00032852444474174014 288 4 1 1.83 2 0.10180809456892552 0.0 1.951296
true 9.086053158857688e-6 698 4 1 1.83 3 0.10180809456892552 0.0 5.8754519
true 3.550115082184835e-6 741 4 1 1.83 4 0.10180809456892552 0.0 8.4914598
true 0.02017520634576317 92 4 2 1.83 1 0.10180809456892552 0.0 0.3873994
true 0.0001768259934083194 599 4 2 1.83 2 0.10180809456892552 0.0 3.6559241
true 2.2976710911143394e-5 1187 4 2 1.83 3 0.10180809456892552 0.0 9.8282745
true 0.00015408107899386736 458 4 2 1.83 4 0.10180809456892552 0.0 6.1384147
true 0.0199119633493343 78 4 3 1.83 1 0.10180809456892552 0.0 0.3957749
true 0.00023216842024655535 242 4 3 1.83 2 0.10180809456892552 0.0 1.6086314
true 0.0001519755068301968 1044 4 3 1.83 3 0.10180809456892552 0.0 9.269039
true 0.0001447147789253219 1207 4 3 1.83 4 0.10180809456892552 0.0 13.550564
true 0.014934246968258277 71 4 4 1.83 1 0.10180809456892552 0.0 0.3349845
true 0.00018968863440817219 579 4 4 1.83 2 0.10180809456892552 0.0 3.7641135
true 0.0002193271353377324 843 4 4 1.83 3 0.10180809456892552 0.0 7.5111715
true 0.00010358449692900173 3558 4 4 1.83 4 0.10180809456892552 0.0 37.6178558
true 0.020864813368660307 51 4 1 1.834 1 0.10142087186934172 0.0 0.2358985
true 0.0003259956627624794 238 4 1 1.834 2 0.10142087186934172 0.0 1.5184004
true 1.04997740528745e-5 838 4 1 1.834 3 0.10142087186934172 0.0 7.2196618
true 1.1340070241838696e-5 530 4 1 1.834 4 0.10142087186934172 0.0 6.1969571
true 0.020081629791628447 74 4 2 1.834 1 0.10142087186934172 0.0 0.3143533
true 0.00017809855077721704 607 4 2 1.834 2 0.10142087186934172 0.0 3.6230865
true 2.9860824940941555e-5 1710 4 2 1.834 3 0.10142087186934172 0.0 14.0208451
true 9.699897567819193e-5 1929 4 2 1.834 4 0.10142087186934172 0.0 20.0885931
true 0.01981989766906206 65 4 3 1.834 1 0.10142087186934172 0.0 0.2720831
true 0.00023045845890314517 653 4 3 1.834 2 0.10142087186934172 0.0 4.2161201
true 1.5311454405679086e-5 1301 4 3 1.834 3 0.10142087186934172 0.0 10.7616235
true 6.963029896741209e-5 558 4 3 1.834 4 0.10142087186934172 0.0 7.1008438
true 0.014865075383693277 105 4 4 1.834 1 0.10142087186934172 0.0 0.4379483
true 0.0001821049754513332 598 4 4 1.834 2 0.10142087186934172 0.0 3.7496192
true 7.28303900873889e-5 1486 4 4 1.834 3 0.10142087186934172 0.0 12.9700267
true 0.00019116904891333664 2270 4 4 1.834 4 0.10142087186934172 0.0 25.9147119
true 0.020764884679621343 51 4 1 1.838 1 0.10103596422854427 0.0 0.2168703
true 0.0003233553289295199 345 4 1 1.838 2 0.10103596422854427 0.0 2.2783208
true 0.00031825617799097206 762 4 1 1.838 3 0.10103596422854427 0.0 6.7426639
true 2.3148519400217893e-6 497 4 1 1.838 4 0.10103596422854427 0.0 6.1390085
true 0.019988081022893622 89 4 2 1.838 1 0.10103596422854427 0.0 0.3210578
true 0.00017363288411254008 682 4 2 1.838 2 0.10103596422854427 0.0 4.2697745
true 7.953571882782229e-5 1180 4 2 1.838 3 0.10103596422854427 0.0 10.0635168
true 0.000159424413056386 699 4 2 1.838 4 0.10103596422854427 0.0 8.5910977
true 0.019728783568972008 104 4 3 1.838 1 0.10103596422854427 0.0 0.4660902
true 0.00023482567487637107 644 4 3 1.838 2 0.10103596422854427 0.0 4.0966924
true 7.635858646772482e-5 510 4 3 1.838 3 0.10103596422854427 0.0 4.7929703
true 3.762307825348291e-5 1460 4 3 1.838 4 0.10103596422854427 0.0 15.7731899
true 0.014799190184282676 79 4 4 1.838 1 0.10103596422854427 0.0 0.3861197
true 0.0001819245346756232 569 4 4 1.838 2 0.10103596422854427 0.0 3.7005373
true 6.115816285605369e-5 2011 4 4 1.838 3 0.10103596422854427 0.0 17.0477387
true 6.202922383273524e-5 542 4 4 1.838 4 0.10103596422854427 0.0 6.9540946
true 0.020665556203729896 51 4 1 1.842 1 0.10065335305081168 0.0 0.2337755
true 0.0003206421895126099 260 4 1 1.842 2 0.10065335305081168 0.0 1.6736078
true 4.168528966785878e-6 895 4 1 1.842 3 0.10065335305081168 0.0 7.5076737
true 9.91406581996035e-7 866 4 1 1.842 4 0.10065335305081168 0.0 9.5362216
true 0.019895610675805198 103 4 2 1.842 1 0.10065335305081168 0.0 0.4281662
true 0.00016873243508999658 242 4 2 1.842 2 0.10065335305081168 0.0 1.7077914
true 2.757760187813152e-5 1325 4 2 1.842 3 0.10065335305081168 0.0 10.7796309
true 5.270669233861658e-5 1482 4 2 1.842 4 0.10065335305081168 0.0 15.9976731
true 0.01963820377386692 78 4 3 1.842 1 0.10065335305081168 0.0 0.3553648
true 0.00023415244959906767 612 4 3 1.842 2 0.10065335305081168 0.0 3.8318598
true 1.3243913166390472e-5 1291 4 3 1.842 3 0.10065335305081168 0.0 10.8525311
true 3.0793311022033386e-5 564 4 3 1.842 4 0.10065335305081168 0.0 6.9649401
true 0.014729372657634868 108 4 4 1.842 1 0.10065335305081168 0.0 0.5141941
true 0.00018406496659306715 921 4 4 1.842 2 0.10065335305081168 0.0 6.0142114
true 8.348228060811591e-6 2551 4 4 1.842 3 0.10065335305081168 0.0 21.309269
true 0.00018191255362276504 1624 4 4 1.842 4 0.10065335305081168 0.0 16.9591162
true 0.02056728145148551 63 4 1 1.846 1 0.10027301992303005 0.0 0.2441925
true 0.0003178289294159531 421 4 1 1.846 2 0.10027301992303005 0.0 2.479651
true 2.535738639342089e-6 750 4 1 1.846 3 0.10027301992303005 0.0 6.2929969
true 1.1560922191788947e-7 639 4 1 1.846 4 0.10027301992303005 0.0 7.2849665
true 0.019803455366569717 81 4 2 1.846 1 0.10027301992303005 0.0 0.3490054
true 0.00017439540159841505 594 4 2 1.846 2 0.10027301992303005 0.0 3.632498
true 0.009495817777659205 412 4 2 1.846 3 0.10027301992303005 0.0 3.9205689
true 2.640881530371897e-5 1462 4 2 1.846 4 0.10027301992303005 0.0 15.1151704
true 0.019547951854073764 68 4 3 1.846 1 0.10027301992303005 0.0 0.3183879
true 0.00024340339516961315 457 4 3 1.846 2 0.10027301992303005 0.0 2.8713485
true 0.00012592116566310466 806 4 3 1.846 3 0.10027301992303005 0.0 7.0033565
true 8.485873235297703e-5 1125 4 3 1.846 4 0.10027301992303005 0.0 12.7202646
true 0.014661214756864674 92 4 4 1.846 1 0.10027301992303005 0.0 0.3999901
true 0.00017498188027131878 232 4 4 1.846 2 0.10027301992303005 0.0 1.6563441
true 0.0001616693427796828 1898 4 4 1.846 3 0.10027301992303005 0.0 16.1094714
true 0.00012849720367216766 970 4 4 1.846 4 0.10027301992303005 0.0 10.8151581
true 0.020469509198297875 43 4 1 1.85 1 0.09989494661266994 0.0 0.2165807
true 0.020116883958658516 152 4 1 1.85 2 0.09989494661266994 0.0 1.1425779
true 0.00030705814570231027 785 4 1 1.85 3 0.09989494661266994 0.0 6.8598075
true 1.3664220704923125e-6 443 4 1 1.85 4 0.09989494661266994 0.0 5.5347752
true 0.01971140414927583 81 4 2 1.85 1 0.09989494661266994 0.0 0.3159946
true 0.00017562803799600624 588 4 2 1.85 2 0.09989494661266994 0.0 3.6150856
true 1.5831681085154425e-5 875 4 2 1.85 3 0.09989494661266994 0.0 7.2712532
true 0.00037517311006080023 741 4 2 1.85 4 0.09989494661266994 0.0 8.6320148
true 0.01945933556478981 65 4 3 1.85 1 0.09989494661266994 0.0 0.2969003
true 0.0002272085880711446 1153 4 3 1.85 2 0.09989494661266994 0.0 7.2462601
true 9.22240146308632e-5 550 4 3 1.85 3 0.09989494661266994 0.0 4.8677138
true 0.00019205085490035337 1119 4 3 1.85 4 0.09989494661266994 0.0 13.0840292
true 0.014594613393231648 79 4 4 1.85 1 0.09989494661266994 0.0 0.326828
true 0.00017651377141050806 960 4 4 1.85 2 0.09989494661266994 0.0 6.1721609
true 1.611428665611314e-5 1180 4 4 1.85 3 0.09989494661266994 0.0 10.1509351
true 0.00023546393050503933 1313 4 4 1.85 4 0.09989494661266994 0.0 14.3557711
true 0.020372338859739048 51 4 1 1.854 1 0.09951911506575709 0.0 0.1995072
true 0.0003130991459111554 216 4 1 1.854 2 0.09951911506575709 0.0 1.4448059
true 0.00032326929642900737 280 4 1 1.854 3 0.09951911506575709 0.0 2.7831597
true 2.0515326132342082e-7 687 4 1 1.854 4 0.09951911506575709 0.0 7.8441795
true 0.019620591683668892 71 4 2 1.854 1 0.09951911506575709 0.0 0.2682094
true 0.010022879960716546 264 4 2 1.854 2 0.09951911506575709 0.0 1.8036964
true 1.148986783400252e-5 1086 4 2 1.854 3 0.09951911506575709 0.0 8.5939005
true 5.121047948811186e-5 1242 4 2 1.854 4 0.09951911506575709 0.0 13.2239745
true 0.019369889235077858 85 4 3 1.854 1 0.09951911506575709 0.0 0.3580924
true 0.00022544527577122997 521 4 3 1.854 2 0.09951911506575709 0.0 3.3928313
true 9.324469961411823e-5 1170 4 3 1.854 3 0.09951911506575709 0.0 10.0811833
true 0.0003216111470189335 1463 4 3 1.854 4 0.09951911506575709 0.0 16.320956
true 0.014527652141322372 123 4 4 1.854 1 0.09951911506575709 0.0 0.5219036
true 0.005967948750338792 372 4 4 1.854 2 0.09951911506575709 0.0 2.5232252
true 9.751033890371963e-5 1504 4 4 1.854 3 0.09951911506575709 0.0 13.2602375
true 8.105354356593986e-5 3408 4 4 1.854 4 0.09951911506575709 0.0 36.1338584
true 0.020276080248026185 56 4 1 1.858 1 0.09914550740489696 0.0 0.2341543
true 0.0003099867401176182 362 4 1 1.858 2 0.09914550740489696 0.0 2.3741151
true 0.00028468153079874714 471 4 1 1.858 3 0.09914550740489696 0.0 4.4662019
true 3.3599510186888004e-5 558 4 1 1.858 4 0.09914550740489696 0.0 6.8876492
true 0.019530450100602004 65 4 2 1.858 1 0.09914550740489696 0.0 0.286683
true 0.0001768379564960898 517 4 2 1.858 2 0.09914550740489696 0.0 3.0933508
true 0.00017333889881407383 711 4 2 1.858 3 0.09914550740489696 0.0 6.3920322
true 3.771012940839702e-5 1705 4 2 1.858 4 0.09914550740489696 0.0 18.4895449
true 0.019281682095078374 110 4 3 1.858 1 0.09914550740489696 0.0 0.5102129
true 0.00022584590862996987 407 4 3 1.858 2 0.09914550740489696 0.0 2.5645417
true 0.0001289175417227654 939 4 3 1.858 3 0.09914550740489696 0.0 7.7417671
true 6.970345775138738e-5 974 4 3 1.858 4 0.09914550740489696 0.0 11.0521505
true 0.014461509497925157 135 4 4 1.858 1 0.09914550740489696 0.0 0.6169924
true 0.00017639059406018842 718 4 4 1.858 2 0.09914550740489696 0.0 4.5502293
true 2.6190531483422097e-5 2347 4 4 1.858 3 0.09914550740489696 0.0 19.4710357
true 0.00012419876688650466 1450 4 4 1.858 4 0.09914550740489696 0.0 15.9105807
true 0.02018125980908836 53 4 1 1.862 1 0.09877410592728914 0.0 0.2346968
true 0.0003075028992866047 260 4 1 1.862 2 0.09877410592728914 0.0 1.5615276
true 0.00011866504353752472 353 4 1 1.862 3 0.09877410592728914 0.0 3.3570879
true 1.5116552392058225e-6 876 4 1 1.862 4 0.09877410592728914 0.0 9.7039667
true 0.019440652440036593 82 4 2 1.862 1 0.09877410592728914 0.0 0.3376221
true 0.0001801557975053547 408 4 2 1.862 2 0.09877410592728914 0.0 2.610641
true 7.73555815802851e-5 1779 4 2 1.862 3 0.09877410592728914 0.0 14.9475278
true 4.711392787204449e-5 1216 4 2 1.862 4 0.09877410592728914 0.0 13.4957513
true 0.019194469537289243 76 4 3 1.862 1 0.09877410592728914 0.0 0.3656648
true 0.00023640887702347513 534 4 3 1.862 2 0.09877410592728914 0.0 3.3165868
true 0.0005751118048393419 2014 4 3 1.862 3 0.09877410592728914 0.0 16.9273319
true 5.0971445388366586e-5 1617 4 3 1.862 4 0.09877410592728914 0.0 17.1633598
true 0.014395730629729805 123 4 4 1.862 1 0.09877410592728914 0.0 0.5318705
true 0.00016991516215414393 365 4 4 1.862 2 0.09877410592728914 0.0 2.620433
true 0.00016357334732744477 738 4 4 1.862 3 0.09877410592728914 0.0 6.4190779
true 2.8178301445955234e-5 1652 4 4 1.862 4 0.09877410592728914 0.0 18.0000046
true 0.020085744717378617 69 4 1 1.866 1 0.09840489310279808 0.0 0.2762128
true 0.00030490378978792476 273 4 1 1.866 2 0.09840489310279808 0.0 1.777906
true 0.00010752698006566419 435 4 1 1.866 3 0.09840489310279808 0.0 4.0034953
true 2.5912095586999584e-6 469 4 1 1.866 4 0.09840489310279808 0.0 5.8432238
true 0.01935189290887271 61 4 2 1.866 1 0.09840489310279808 0.0 0.2912105
true 0.00016614332238509832 714 4 2 1.866 2 0.09840489310279808 0.0 4.2465056
true 4.1096286717584585e-5 920 4 2 1.866 3 0.09840489310279808 0.0 8.1127606
true 0.00011657621531122042 1329 4 2 1.866 4 0.09840489310279808 0.0 14.5529755
true 0.3400288381655196 69 4 3 1.866 1 0.09840489310279808 0.0 0.3142734
true 0.024083320161987148 490 4 3 1.866 2 0.09840489310279808 0.0 3.2785425
true 1.4550024136972262e-5 890 4 3 1.866 3 0.09840489310279808 0.0 7.7797412
true 0.00028041315947047174 969 4 3 1.866 4 0.09840489310279808 0.0 10.9715254
true 0.014330941363584093 114 4 4 1.866 1 0.09840489310279808 0.0 0.4857782
true 0.00016926636281815177 616 4 4 1.866 2 0.09840489310279808 0.0 4.0371438
true 9.855343989673138e-5 888 4 4 1.866 3 0.09840489310279808 0.0 7.60346
true 2.989832458959174e-5 1441 4 4 1.866 4 0.09840489310279808 0.0 15.9732286
true 0.019991448666255296 57 4 1 1.87 1 0.09803785157202537 0.0 0.2337959
true 0.0003025470145594511 373 4 1 1.87 2 0.09803785157202537 0.0 2.277891
true 0.0002833403027547865 387 4 1 1.87 3 0.09803785157202537 0.0 3.5800652
true 3.2090468066181543e-7 581 4 1 1.87 4 0.09803785157202537 0.0 7.1433142
true 0.01926364136698694 128 4 2 1.87 1 0.09803785157202537 0.0 0.5384645
true 0.00030495517871026445 239 4 2 1.87 2 0.09803785157202537 0.0 1.6263468
true 3.4624595158794236e-5 917 4 2 1.87 3 0.09803785157202537 0.0 7.5712915
true 0.00019092670435386094 916 4 2 1.87 4 0.09803785157202537 0.0 10.4875305
true 0.01902137340435058 58 4 3 1.87 1 0.09803785157202537 0.0 0.2892023
true 0.00022618854372785657 621 4 3 1.87 2 0.09803785157202537 0.0 3.8424464
true 6.168203874458895e-5 1020 4 3 1.87 3 0.09803785157202537 0.0 8.5872199
true 8.869842777122401e-5 1569 4 3 1.87 4 0.09803785157202537 0.0 16.9343595
true 0.0142657473822516 98 4 4 1.87 1 0.09803785157202537 0.0 0.4458608
true 0.00016837257041132925 767 4 4 1.87 2 0.09803785157202537 0.0 4.8334992
true 1.0919476736565015e-5 1205 4 4 1.87 3 0.09803785157202537 0.0 10.3597403
true 0.00022214967140049557 2106 4 4 1.87 4 0.09803785157202537 0.0 22.7584034
true 0.019897901707047416 57 4 1 1.874 1 0.09767296414441141 0.0 0.2274766
true 0.00030003544129858506 236 4 1 1.874 2 0.09767296414441141 0.0 1.6323197
true 5.729287375688674e-6 1079 4 1 1.874 3 0.09767296414441141 0.0 8.7653503
true 5.081211105317784e-6 1189 4 1 1.874 4 0.09767296414441141 0.0 12.7757193
true 0.01917572686633573 64 4 2 1.874 1 0.09767296414441141 0.0 0.2660753
true 0.009767828369428938 384 4 2 1.874 2 0.09767296414441141 0.0 2.4891073
true 2.2949601177019163e-5 1332 4 2 1.874 3 0.09767296414441141 0.0 11.3719594
true 8.726196692962485e-5 979 4 2 1.874 4 0.09767296414441141 0.0 11.491382
true 0.01893536768669346 67 4 3 1.874 1 0.09767296414441141 0.0 0.3006596
true 0.00021540893480668602 491 4 3 1.874 2 0.09767296414441141 0.0 3.1419296
true 2.419928028028299e-5 1031 4 3 1.874 3 0.09767296414441141 0.0 8.6101674
true 0.00011460357516235309 1323 4 3 1.874 4 0.09767296414441141 0.0 13.9404147
true 0.2542525272374545 98 4 4 1.874 1 0.09767296414441141 0.0 0.4315126
true 0.00016418624800569603 475 4 4 1.874 2 0.09767296414441141 0.0 3.1633736
true 0.009433708001790456 666 4 4 1.874 3 0.09767296414441141 0.0 6.3260381
true 0.00020658750688440364 2288 4 4 1.874 4 0.09767296414441141 0.0 24.2719666
true 0.01980477247002571 81 4 1 1.878 1 0.09731021379635559 0.0 0.3030124
true 0.00029743312894953133 433 4 1 1.878 2 0.09731021379635559 0.0 2.7042201
true 3.0995946102008176e-6 954 4 1 1.878 3 0.09731021379635559 0.0 7.8507398
true 1.854733466810643e-7 765 4 1 1.878 4 0.09731021379635559 0.0 8.387741
true 0.01909067518635768 64 4 2 1.878 1 0.09731021379635559 0.0 0.2556257
true 0.00974848835917455 247 4 2 1.878 2 0.09731021379635559 0.0 1.7564868
true 1.214184121983708e-5 1567 4 2 1.878 3 0.09731021379635559 0.0 12.8776603
true 0.00011935052508854627 1044 4 2 1.878 4 0.09731021379635559 0.0 11.4130555
true 0.3399351842012976 58 4 3 1.878 1 0.09731021379635559 0.0 0.2352078
true 0.00021454651972152572 625 4 3 1.878 2 0.09731021379635559 0.0 3.8961359
true 0.0001747391743393741 1590 4 3 1.878 3 0.09731021379635559 0.0 13.6273336
true 0.0003448356191271447 1922 4 3 1.878 4 0.09731021379635559 0.0 19.7601356
true 0.014137910812585919 100 4 4 1.878 1 0.09731021379635559 0.0 0.4529441
true 0.0003191454813882555 231 4 4 1.878 2 0.09731021379635559 0.0 1.6728094
true 0.004568835858284409 1557 4 4 1.878 3 0.09731021379635559 0.0 12.9410985
true 8.419693916734972e-5 911 4 4 1.878 4 0.09731021379635559 0.0 10.0726788
true 0.019712643458148882 76 4 1 1.882 1 0.09694958366936954 0.0 0.3074864
true 0.0002950043444158723 191 4 1 1.882 2 0.09694958366936954 0.0 1.1767408
true 3.6538822618670252e-6 787 4 1 1.882 3 0.09694958366936954 0.0 6.5927689
true 1.100389308122951e-5 787 4 1 1.882 4 0.09694958366936954 0.0 8.7453013
true 0.019002625938824902 61 4 2 1.882 1 0.09694958366936954 0.0 0.2526893
true 0.00017090733370420108 431 4 2 1.882 2 0.09694958366936954 0.0 2.7196553
true 1.4678486402408542e-5 520 4 2 1.882 3 0.09694958366936954 0.0 4.6012688
true 3.218282506636805e-5 1073 4 2 1.882 4 0.09694958366936954 0.0 11.4780783
true 0.01876537260937137 77 4 3 1.882 1 0.09694958366936954 0.0 0.3444311
true 0.00021500460411483235 652 4 3 1.882 2 0.09694958366936954 0.0 4.1418079
true 1.235816174869712e-5 1175 4 3 1.882 3 0.09694958366936954 0.0 9.8796099
true 8.99313476996529e-5 2108 4 3 1.882 4 0.09694958366936954 0.0 21.6309593
true 0.014074303972006444 80 4 4 1.882 1 0.09694958366936954 0.0 0.3763754
true 0.00016550929828179628 637 4 4 1.882 2 0.09694958366936954 0.0 3.8476344
true 1.3977366847023331e-5 1644 4 4 1.882 3 0.09694958366936954 0.0 13.8999709
true 7.211852323997514e-5 2213 4 4 1.882 4 0.09694958366936954 0.0 22.7370846
true 0.019620993317573 54 4 1 1.886 1 0.09659105706823835 0.0 0.2331991
true 0.00029272249293654795 377 4 1 1.886 2 0.09659105706823835 0.0 2.3298826
true 3.0226147871847964e-6 614 4 1 1.886 3 0.09659105706823835 0.0 5.2942243
true 1.7127412423378896e-5 1789 4 1 1.886 4 0.09659105706823835 0.0 19.2187758
true 0.018916398074960705 72 4 2 1.886 1 0.09659105706823835 0.0 0.2895933
true 0.00016622299604795998 999 4 2 1.886 2 0.09659105706823835 0.0 6.0258888
true 0.00022002292810380242 921 4 2 1.886 3 0.09659105706823835 0.0 7.6991803
true 0.0002450212410226582 1216 4 2 1.886 4 0.09659105706823835 0.0 13.0897779
true 0.018681345055319692 82 4 3 1.886 1 0.09659105706823835 0.0 0.3429987
true 0.0002154162078305729 488 4 3 1.886 2 0.09659105706823835 0.0 3.0814619
true 2.5601551982168402e-5 828 4 3 1.886 3 0.09659105706823835 0.0 7.0287656
true 4.306999646909911e-5 1069 4 3 1.886 4 0.09659105706823835 0.0 11.8978165
true 0.01401109611945038 108 4 4 1.886 1 0.09659105706823835 0.0 0.538915
true 0.0001669922294594839 672 4 4 1.886 2 0.09659105706823835 0.0 4.1962505
true 4.231109892519069e-5 1037 4 4 1.886 3 0.09659105706823835 0.0 9.0327106
true 0.00019002525123075487 1405 4 4 1.886 4 0.09659105706823835 0.0 14.7384714
true 0.019529700882360723 69 4 1 1.89 1 0.09623461745921115 0.0 0.2581752
true 0.0002902268599795921 385 4 1 1.89 2 0.09623461745921115 0.0 2.4117092
true 5.71901030832489e-6 517 4 1 1.89 3 0.09623461745921115 0.0 4.4542926
true 6.111047737289432e-7 386 4 1 1.89 4 0.09623461745921115 0.0 5.3474754
true 0.0188312089900263 82 4 2 1.89 1 0.09623461745921115 0.0 0.3311833
true 0.00015883809040592722 626 4 2 1.89 2 0.09623461745921115 0.0 3.8200045
true 2.109488678242455e-5 1445 4 2 1.89 3 0.09623461745921115 0.0 11.8593913
true 0.0006431962900924348 422 4 2 1.89 4 0.09623461745921115 0.0 5.5415981
true 0.018598435504629196 59 4 3 1.89 1 0.09623461745921115 0.0 0.2764498
true 0.00028790169488673856 189 4 3 1.89 2 0.09623461745921115 0.0 1.4049924
true 6.809481115357026e-5 735 4 3 1.89 3 0.09623461745921115 0.0 6.38361
true 0.00011646784598760378 1312 4 3 1.89 4 0.09623461745921115 0.0 14.0614914
true 0.013948734551386649 97 4 4 1.89 1 0.09623461745921115 0.0 0.4517191
true 0.00016407777895215137 689 4 4 1.89 2 0.09623461745921115 0.0 4.2659314
true 1.9532922518716855e-5 1305 4 4 1.89 3 0.09623461745921115 0.0 11.2498269
true 6.382899586745983e-5 769 4 4 1.89 4 0.09623461745921115 0.0 8.8962026
true 0.019440295555538112 53 4 1 1.894 1 0.09588024846821386 0.0 0.2343523
true 0.00028853771831666153 366 4 1 1.894 2 0.09588024846821386 0.0 2.3372925
true 1.793025960472594e-5 619 4 1 1.894 3 0.09588024846821386 0.0 5.5423712
true 5.356143470580665e-6 880 4 1 1.894 4 0.09588024846821386 0.0 9.5609305
true 0.018746346468071717 60 4 2 1.894 1 0.09588024846821386 0.0 0.255001
true 0.00016057790561160856 623 4 2 1.894 2 0.09588024846821386 0.0 3.6087971
true 4.631472642899204e-5 962 4 2 1.894 3 0.09588024846821386 0.0 8.1134595
true 0.00029595766489456943 625 4 2 1.894 4 0.09588024846821386 0.0 7.3809202
true 0.018515068412992625 81 4 3 1.894 1 0.09588024846821386 0.0 0.3519965
true 0.0002469611194533261 262 4 3 1.894 2 0.09588024846821386 0.0 1.773054
true 5.366758045529293e-5 747 4 3 1.894 3 0.09588024846821386 0.0 6.6677721
true 2.9745685317938975e-5 1172 4 3 1.894 4 0.09588024846821386 0.0 12.9192394
true 0.013886741224470228 91 4 4 1.894 1 0.09588024846821386 0.0 0.3656449
true 0.00016546610448626986 860 4 4 1.894 2 0.09588024846821386 0.0 5.4104278
true 1.4047050054866173e-5 2111 4 4 1.894 3 0.09588024846821386 0.0 17.4500288
true 0.0002008184892266368 586 4 4 1.894 4 0.09588024846821386 0.0 7.2371734
true 0.019349738919637316 60 4 1 1.898 1 0.0955279338790827 0.0 0.2630348
true 0.0002858620823938951 356 4 1 1.898 2 0.0955279338790827 0.0 2.1461935
true 3.845983286565602e-6 501 4 1 1.898 3 0.0955279338790827 0.0 4.3081776
true 4.923758969155312e-6 665 4 1 1.898 4 0.0955279338790827 0.0 8.1346362
true 0.01866293788622639 55 4 2 1.898 1 0.0955279338790827 0.0 0.258941
true 0.00015152438091625697 287 4 2 1.898 2 0.0955279338790827 0.0 1.8126563
true 1.0958886824147251e-5 868 4 2 1.898 3 0.0955279338790827 0.0 7.1955919
true 0.0001332400126228539 1880 4 2 1.898 4 0.0955279338790827 0.0 19.4260357
true 0.018433172851158346 81 4 3 1.898 1 0.0955279338790827 0.0 0.3550376
true 0.0002085964937705298 642 4 3 1.898 2 0.0955279338790827 0.0 4.3322504
true 0.00013433844859213803 739 4 3 1.898 3 0.0955279338790827 0.0 6.482617
true 0.00010003962753337332 1780 4 3 1.898 4 0.0955279338790827 0.0 18.2684297
true 0.01382470078045149 79 4 4 1.898 1 0.0955279338790827 0.0 0.382633
true 0.005364191495736706 283 4 4 1.898 2 0.0955279338790827 0.0 1.9719805
true 3.7251023650722304e-5 670 4 4 1.898 3 0.0955279338790827 0.0 6.1669625
true 5.3175135613550695e-5 1042 4 4 1.898 4 0.0955279338790827 0.0 11.8059591
true 0.019260731502196204 50 4 1 1.902 1 0.09517765763180867 0.0 0.1907852
true 0.00028329084461631293 397 4 1 1.902 2 0.09517765763180867 0.0 2.492098
true 2.6232809592907635e-6 678 4 1 1.902 3 0.09517765763180867 0.0 5.7456217
true 1.5579064378545837e-6 505 4 1 1.902 4 0.09517765763180867 0.0 6.3191878
true 0.01857900993024189 92 4 2 1.902 1 0.09517765763180867 0.0 0.4096398
true 0.0001576585748811199 666 4 2 1.902 2 0.09517765763180867 0.0 4.1240749
true 3.408648837616157e-5 993 4 2 1.902 3 0.09517765763180867 0.0 7.9072866
true 8.11293495609211e-5 1270 4 2 1.902 4 0.09517765763180867 0.0 14.0288857
true 0.018350962402658877 70 4 3 1.902 1 0.09517765763180867 0.0 0.2871397
true 0.00020440251295028578 684 4 3 1.902 2 0.09517765763180867 0.0 4.3687512
true 3.4579768206551474e-5 613 4 3 1.902 3 0.09517765763180867 0.0 5.6188048
true 0.0001441075372993761 750 4 3 1.902 4 0.09517765763180867 0.0 8.6207771
true 0.013763109260146358 151 4 4 1.902 1 0.09517765763180867 0.0 0.6335742
true 0.00015552027146224778 205 4 4 1.902 2 0.09517765763180867 0.0 1.5088996
true 3.1196212724377004e-5 1555 4 4 1.902 3 0.09517765763180867 0.0 13.4889386
true 2.8375224540286292e-5 1620 4 4 1.902 4 0.09517765763180867 0.0 16.9193947
true 0.01917206462296106 57 4 1 1.906 1 0.09482940382082519 0.0 0.2678902
true 0.00038997179942862337 411 4 1 1.906 2 0.09482940382082519 0.0 2.618506
true 2.220620728576872e-6 635 4 1 1.906 3 0.09482940382082519 0.0 5.32483
true 3.342363292191397e-6 666 4 1 1.906 4 0.09482940382082519 0.0 7.7305895
true 0.018495435419526918 56 4 2 1.906 1 0.09482940382082519 0.0 0.2578898
true 0.009440574411158503 229 4 2 1.906 2 0.09482940382082519 0.0 1.5544191
true 2.634360372019695e-5 2075 4 2 1.906 3 0.09482940382082519 0.0 16.5559892
true 7.876117694338713e-5 3640 4 2 1.906 4 0.09482940382082519 0.0 35.7450215
true 0.3397251929087695 62 4 3 1.906 1 0.09482940382082519 0.0 0.3077581
true 0.0002475952241312214 158 4 3 1.906 2 0.09482940382082519 0.0 1.1949629
true 8.885148785314767e-5 728 4 3 1.906 3 0.09482940382082519 0.0 6.2671887
true 0.00022856035941311767 1255 4 3 1.906 4 0.09482940382082519 0.0 13.533834
true 0.013702260989508705 82 4 4 1.906 1 0.09482940382082519 0.0 0.3774728
true 0.0001644580899448217 861 4 4 1.906 2 0.09482940382082519 0.0 5.5208133
true 0.00893217011277675 651 4 4 1.906 3 0.09482940382082519 0.0 5.8433528
true 0.0002211129884591989 632 4 4 1.906 4 0.09482940382082519 0.0 7.5606895
true 0.019084219140536818 57 4 1 1.91 1 0.09448315669328772 0.0 0.2479863
true 0.0002791395605746261 312 4 1 1.91 2 0.09448315669328772 0.0 2.0991105
true 1.911209455807139e-6 1592 4 1 1.91 3 0.09448315669328772 0.0 12.6896964
true 1.4448052824134194e-6 990 4 1 1.91 4 0.09448315669328772 0.0 11.3093414
true 0.0184128140242788 88 4 2 1.91 1 0.09448315669328772 0.0 0.3782853
true 0.00015209775950258964 395 4 2 1.91 2 0.09448315669328772 0.0 2.4383778
true 4.5023773363933595e-5 725 4 2 1.91 3 0.09448315669328772 0.0 6.130845
true 0.00019974702541869505 491 4 2 1.91 4 0.09448315669328772 0.0 6.1114456
true 0.339695600568562 65 4 3 1.91 1 0.09448315669328772 0.0 0.3084459
true 0.000227505899329535 162 4 3 1.91 2 0.09448315669328772 0.0 1.1862275
true 4.287834628656043e-5 678 4 3 1.91 3 0.09448315669328772 0.0 6.1042623
true 0.00012752064062034515 2147 4 3 1.91 4 0.09448315669328772 0.0 22.3555163
true 0.2547717451588971 77 4 4 1.91 1 0.09448315669328772 0.0 0.3474324
true 0.0001535217019879992 293 4 4 1.91 2 0.09448315669328772 0.0 2.0181587
true 1.5760315054333396e-5 2057 4 4 1.91 3 0.09448315669328772 0.0 16.8139116
true 0.00010089685233728718 714 4 4 1.91 4 0.09448315669328772 0.0 8.8023923
true 0.018997302824084072 71 4 1 1.914 1 0.09413890064739362 0.0 0.2849459
true 0.000277001615180128 284 4 1 1.914 2 0.09413890064739362 0.0 1.8507991
true 0.0002558090357068221 669 4 1 1.914 3 0.09413890064739362 0.0 5.6804274
true 1.6853992149679087e-6 777 4 1 1.914 4 0.09413890064739362 0.0 8.7035223
true 0.01833126827460177 64 4 2 1.914 1 0.09413890064739362 0.0 0.2591978
true 0.00015743240852655882 624 4 2 1.914 2 0.09413890064739362 0.0 3.8713686
true 0.00016713859184697144 370 4 2 1.914 3 0.09413890064739362 0.0 3.5585049
true 0.0001592993235779161 825 4 2 1.914 4 0.09413890064739362 0.0 9.1276091
true 0.018109081499122253 72 4 3 1.914 1 0.09413890064739362 0.0 0.2962948
true 0.0001976276708359944 669 4 3 1.914 2 0.09413890064739362 0.0 4.2975227
true 4.24061809088198e-6 500 4 3 1.914 3 0.09413890064739362 0.0 4.6264166
true 3.553919761569343e-5 1016 4 3 1.914 4 0.09413890064739362 0.0 10.9625354
true 0.01358160004716237 189 4 4 1.914 1 0.09413890064739362 0.0 0.7713868
true 0.000153340912147526 616 4 4 1.914 2 0.09413890064739362 0.0 3.8167104
true 9.118775566258064e-5 881 4 4 1.914 3 0.09413890064739362 0.0 7.5585967
true 0.00010866237021564529 2831 4 4 1.914 4 0.09413890064739362 0.0 29.981166
true 0.018910646272705667 53 4 1 1.918 1 0.09379662023072305 0.0 0.223436
true 0.000274125736041575 244 4 1 1.918 2 0.09379662023072305 0.0 1.6064117
true 2.9422533524003924e-6 645 4 1 1.918 3 0.09379662023072305 0.0 5.4735484
true 4.7229830824058183e-7 760 4 1 1.918 4 0.09379662023072305 0.0 9.2972813
true 0.018249561453530044 65 4 2 1.918 1 0.09379662023072305 0.0 0.268093
true 0.00015197265643335234 689 4 2 1.918 2 0.09379662023072305 0.0 4.126537
true 0.00784999718888918 690 4 2 1.918 3 0.09379662023072305 0.0 6.021585
true 5.206519570288837e-5 1570 4 2 1.918 4 0.09379662023072305 0.0 16.3888136
true 0.01802918682748994 67 4 3 1.918 1 0.09379662023072305 0.0 0.3211717
true 0.00019715506978919736 472 4 3 1.918 2 0.09379662023072305 0.0 3.0333145
true 3.382593377865284e-5 876 4 3 1.918 3 0.09379662023072305 0.0 7.6133057
true 0.00019309583015338547 820 4 3 1.918 4 0.09379662023072305 0.0 9.3347195
true 0.01352215089998983 76 4 4 1.918 1 0.09379662023072305 0.0 0.3387887
true 0.00015505690976019837 639 4 4 1.918 2 0.09379662023072305 0.0 4.0575998
true 5.0836377241236796e-5 618 4 4 1.918 3 0.09379662023072305 0.0 5.6223584
true 0.00013580109988903244 1086 4 4 1.918 4 0.09379662023072305 0.0 12.0643112
true 0.018824562828427427 66 4 1 1.922 1 0.09345630013858364 0.0 0.2618428
true 0.00027332322588558 197 4 1 1.922 2 0.09345630013858364 0.0 1.3743514
true 4.7160352989294996e-5 1184 4 1 1.922 3 0.09345630013858364 0.0 9.8775577
true 0.00010109662606971881 323 4 1 1.922 4 0.09345630013858364 0.0 4.5005768
true 0.018168609692395782 84 4 2 1.922 1 0.09345630013858364 0.0 0.350724
true 0.00014744464439092608 283 4 2 1.922 2 0.09345630013858364 0.0 1.8243996
true 1.4162642842985296e-5 1097 4 2 1.922 3 0.09345630013858364 0.0 9.2338294
true 6.602850288695006e-6 488 4 2 1.922 4 0.09345630013858364 0.0 6.0414039
true 0.01795018932617128 67 4 3 1.922 1 0.09345630013858364 0.0 0.3168399
true 0.0001978464275344908 474 4 3 1.922 2 0.09345630013858364 0.0 3.0438666
true 4.182140550368363e-5 715 4 3 1.922 3 0.09345630013858364 0.0 6.944322
true 2.420551951204386e-5 575 4 3 1.922 4 0.09345630013858364 0.0 6.881853
true 0.25470653447503017 66 4 4 1.922 1 0.09345630013858364 0.0 0.2976305
true 0.00015963368573998493 160 4 4 1.922 2 0.09345630013858364 0.0 1.3668619
true 7.729211471681208e-5 386 4 4 1.922 3 0.09345630013858364 0.0 3.7785813
true 0.00014647443401798188 1533 4 4 1.922 4 0.09345630013858364 0.0 16.699886
true 0.018738955958102155 59 4 1 1.926 1 0.09311792521238485 0.0 0.2604495
true 0.0002698810621649672 392 4 1 1.926 2 0.09311792521238485 0.0 2.4134064
true 9.345479162042869e-5 464 4 1 1.926 3 0.09311792521238485 0.0 4.2265533
true 6.55056785838215e-5 498 4 1 1.926 4 0.09311792521238485 0.0 5.9925786
true 0.018088746581183646 70 4 2 1.926 1 0.09311792521238485 0.0 0.2644572
true 0.0001494352014373701 505 4 2 1.926 2 0.09311792521238485 0.0 3.0720032
true 3.1070928226933914e-5 2620 4 2 1.926 3 0.09311792521238485 0.0 21.13449
true 0.00015050493225796102 702 4 2 1.926 4 0.09311792521238485 0.0 8.0923415
true 0.3395797075688396 70 4 3 1.926 1 0.09311792521238485 0.0 0.3607818
true 0.00019908340538288272 494 4 3 1.926 2 0.09311792521238485 0.0 3.1011253
true 2.614178011732064e-5 930 4 3 1.926 3 0.09311792521238485 0.0 7.947811
true 0.0001513640407247626 1600 4 3 1.926 4 0.09311792521238485 0.0 17.0626417
true 0.25468509198974365 94 4 4 1.926 1 0.09311792521238485 0.0 0.3942299
true 0.00015690145163237135 230 4 4 1.926 2 0.09311792521238485 0.0 1.6694371
true 0.00023467353084653808 1447 4 4 1.926 3 0.09311792521238485 0.0 12.4103005
true 0.00020361795391135584 819 4 4 1.926 4 0.09311792521238485 0.0 9.0458388
true 0.01865460528251056 60 4 1 1.93 1 0.09278148043804385 0.0 0.2775582
true 0.0002679687350576332 371 4 1 1.93 2 0.09278148043804385 0.0 2.2924206
true 8.726999787106449e-5 270 4 1 1.93 3 0.09278148043804385 0.0 2.7789431
true 1.5051522009312812e-6 719 4 1 1.93 4 0.09278148043804385 0.0 7.9113386
true 0.018008718709631416 60 4 2 1.93 1 0.09278148043804385 0.0 0.286149
true 0.00015328521675445073 761 4 2 1.93 2 0.09278148043804385 0.0 4.5335237
true 0.0003368537466067745 387 4 2 1.93 3 0.09278148043804385 0.0 3.6323559
true 9.303220124684541e-6 1144 4 2 1.93 4 0.09278148043804385 0.0 12.4826234
true 0.01779530373107156 58 4 3 1.93 1 0.09278148043804385 0.0 0.2510474
true 0.00019717426578787686 618 4 3 1.93 2 0.09278148043804385 0.0 3.7590975
true 2.8263811424048917e-5 1229 4 3 1.93 3 0.09278148043804385 0.0 10.1581461
true 0.000566634629697027 897 4 3 1.93 4 0.09278148043804385 0.0 10.0239709
true 0.013345300007848448 95 4 4 1.93 1 0.09278148043804385 0.0 0.395188
true 0.0001775201104125823 574 4 4 1.93 2 0.09278148043804385 0.0 3.5358163
true 6.211278480920679e-5 1024 4 4 1.93 3 0.09278148043804385 0.0 8.6865687
true 8.358957689236224e-5 999 4 4 1.93 4 0.09278148043804385 0.0 11.1656217
true 0.018569676604162644 61 4 1 1.934 1 0.09244695094438028 0.0 0.2484943
true 0.0002659941649573172 333 4 1 1.934 2 0.09244695094438028 0.0 2.1333657
true 2.8612628801272244e-6 879 4 1 1.934 3 0.09244695094438028 0.0 7.2989806
true 0.00037557938505294874 537 4 1 1.934 4 0.09244695094438028 0.0 6.7025201
true 0.017929330770240642 117 4 2 1.934 1 0.09244695094438028 0.0 0.4358779
true 0.009147863008127671 273 4 2 1.934 2 0.09244695094438028 0.0 1.9619912
true 1.1670091446952524e-5 1314 4 2 1.934 3 0.09244695094438028 0.0 10.5547378
true 0.00011571904186330473 1532 4 2 1.934 4 0.09244695094438028 0.0 15.9873494
true 0.017715951503266863 87 4 3 1.934 1 0.09244695094438028 0.0 0.39537
true 0.00019156434991914514 673 4 3 1.934 2 0.09244695094438028 0.0 4.2486534
true 0.0001449728254420135 1222 4 3 1.934 3 0.09244695094438028 0.0 10.1457766
true 0.0009045805620990591 2082 4 3 1.934 4 0.09244695094438028 0.0 22.9892131
true 0.013287359970875559 158 4 4 1.934 1 0.09244695094438028 0.0 0.642369
true 0.005146744239989495 374 4 4 1.934 2 0.09244695094438028 0.0 2.45593
true 1.0182381877929525e-5 2282 4 4 1.934 3 0.09244695094438028 0.0 18.6155877
true 0.00021585021233586077 1200 4 4 1.934 4 0.09244695094438028 0.0 12.6546256
true 0.018486311995256743 56 4 1 1.938 1 0.09211432200155097 0.0 0.2178913
true 0.00028292510587729636 146 4 1 1.938 2 0.09211432200155097 0.0 1.0427038
true 3.1883788745856734e-6 279 4 1 1.938 3 0.09211432200155097 0.0 2.6446263
true 2.0847716789618165e-5 603 4 1 1.938 4 0.09211432200155097 0.0 6.9836042
true 0.01785106861719274 74 4 2 1.938 1 0.09211432200155097 0.0 0.3045651
true 0.018115701928758665 377 4 2 1.938 2 0.09211432200155097 0.0 2.4455285
true 7.820036650013629e-5 380 4 2 1.938 3 0.09211432200155097 0.0 3.8935581
true 2.9344022700356076e-5 2357 4 2 1.938 4 0.09211432200155097 0.0 25.1981776
true 0.017639191111347558 83 4 3 1.938 1 0.09211432200155097 0.0 0.3379687
true 0.0004769106734768269 210 4 3 1.938 2 0.09211432200155097 0.0 1.5301687
true 1.0823500732060065e-5 1839 4 3 1.938 3 0.09211432200155097 0.0 16.160569
true 0.006567421982844435 2455 4 3 1.938 4 0.09211432200155097 0.0 25.4699038
true 0.013229636683787863 80 4 4 1.938 1 0.09211432200155097 0.0 0.3979378
true 0.00015039268816283147 1017 4 4 1.938 2 0.09211432200155097 0.0 6.3688518
true 2.907711484778641e-5 493 4 4 1.938 3 0.09211432200155097 0.0 4.6098397
true 0.00011975352491934432 797 4 4 1.938 4 0.09211432200155097 0.0 9.1638924
true 0.018403097009705494 59 4 1 1.942 1 0.09178357901951265 0.0 0.2326754
true 0.000261984423143069 360 4 1 1.942 2 0.09178357901951265 0.0 2.1784174
true 3.2073364549634054e-5 725 4 1 1.942 3 0.09178357901951265 0.0 5.9248904
true 3.193879505092312e-6 790 4 1 1.942 4 0.09178357901951265 0.0 9.3287236
true 0.01777263900948714 91 4 2 1.942 1 0.09178357901951265 0.0 0.3231618
true 0.00014648887548104894 472 4 2 1.942 2 0.09178357901951265 0.0 3.0190517
true 0.0001444615394494142 1705 4 2 1.942 3 0.09178357901951265 0.0 14.1747355
true 0.00010657747659173489 1996 4 2 1.942 4 0.09178357901951265 0.0 20.7826134
true 0.017562547270878748 70 4 3 1.942 1 0.09178357901951265 0.0 0.3030594
true 0.00020414214863850866 889 4 3 1.942 2 0.09178357901951265 0.0 5.5645937
true 2.5592104651657916e-5 928 4 3 1.942 3 0.09178357901951265 0.0 7.5993556
true 4.932857953030926e-5 1966 4 3 1.942 4 0.09178357901951265 0.0 20.8085601
true 0.2546010743508621 72 4 4 1.942 1 0.09178357901951265 0.0 0.3325917
true 0.00014872460627035622 717 4 4 1.942 2 0.09178357901951265 0.0 4.7186606
true 4.941474881384189e-5 1151 4 4 1.942 3 0.09178357901951265 0.0 9.7321473
true 0.0003288690484803958 1711 4 4 1.942 4 0.09178357901951265 0.0 18.0308393
true 0.018320108445636363 53 4 1 1.946 1 0.09145470754647729 0.0 0.1923633
true 0.00025977965283685567 596 4 1 1.946 2 0.09145470754647729 0.0 3.7097849
true 0.0002794611806349323 362 4 1 1.946 3 0.09145470754647729 0.0 3.4896729
true 2.259691942230191e-6 672 4 1 1.946 4 0.09145470754647729 0.0 7.6835264
true 0.01769494761799767 60 4 2 1.946 1 0.09145470754647729 0.0 0.2394106
true 0.009026370474453954 233 4 2 1.946 2 0.09145470754647729 0.0 1.5186282
true 4.182331748342483e-6 683 4 2 1.946 3 0.09145470754647729 0.0 6.204466
true 0.00013447206363698117 726 4 2 1.946 4 0.09145470754647729 0.0 8.5800858
true 0.017486493083631427 71 4 3 1.946 1 0.09145470754647729 0.0 0.3031841
true 0.0004660282177723074 255 4 3 1.946 2 0.09145470754647729 0.0 1.7742953
true 0.011377244382625126 682 4 3 1.946 3 0.09145470754647729 0.0 5.992882
true 0.00013016951691437648 429 4 3 1.946 4 0.09145470754647729 0.0 5.6112412
true 0.013115006321685954 143 4 4 1.946 1 0.09145470754647729 0.0 0.6014857
true 0.00021224051390510146 263 4 4 1.946 2 0.09145470754647729 0.0 1.8372987
true 1.4904143993105246e-5 2163 4 4 1.946 3 0.09145470754647729 0.0 18.46077
true 0.00026750278568921093 560 4 4 1.946 4 0.09145470754647729 0.0 7.6475999
true 0.018238508074185977 58 4 1 1.95 1 0.09112769326740153 0.0 0.2360558
true 0.0002669572600931258 143 4 1 1.95 2 0.09112769326740153 0.0 1.0842112
true 2.6784583226913128e-6 551 4 1 1.95 3 0.09112769326740153 0.0 4.9857178
true 2.2053549925127314e-7 550 4 1 1.95 4 0.09112769326740153 0.0 6.9064452
true 0.017617679511711087 83 4 2 1.95 1 0.09112769326740153 0.0 0.3372714
true 0.00898561393011088 263 4 2 1.95 2 0.09112769326740153 0.0 1.7692033
true 1.881175424162107e-5 2303 4 2 1.95 3 0.09112769326740153 0.0 18.9366462
true 5.505493032104125e-6 1862 4 2 1.95 4 0.09112769326740153 0.0 19.1411366
true 0.0174109840420697 70 4 3 1.95 1 0.09112769326740153 0.0 0.2986271
true 0.00023176261086503094 369 4 3 1.95 2 0.09112769326740153 0.0 2.3429058
true 2.0915280147526527e-5 1249 4 3 1.95 3 0.09112769326740153 0.0 10.6539438
true 0.00011137865239829736 1399 4 3 1.95 4 0.09112769326740153 0.0 14.7697146
true 0.013058209999101483 87 4 4 1.95 1 0.09112769326740153 0.0 0.3450651
true 0.00013859427356681386 533 4 4 1.95 2 0.09112769326740153 0.0 3.4772373
true 0.008461988980616342 1111 4 4 1.95 3 0.09112769326740153 0.0 9.6107663
true 0.00019328864072810925 1987 4 4 1.95 4 0.09112769326740153 0.0 21.7915066
true 0.018156626585073554 54 4 1 1.954 1 0.09080252200248888 0.0 0.2410751
true 0.00025529699056248134 307 4 1 1.954 2 0.09080252200248888 0.0 2.0785086
true 4.74991402081848e-5 342 4 1 1.954 3 0.09080252200248888 0.0 3.2166059
true 1.995475021943083e-6 910 4 1 1.954 4 0.09080252200248888 0.0 10.1035948
true 0.01754187148762054 66 4 2 1.954 1 0.09080252200248888 0.0 0.2980577
true 0.0001346220591431635 208 4 2 1.954 2 0.09080252200248888 0.0 1.448705
true 0.00011813738406726837 1068 4 2 1.954 3 0.09080252200248888 0.0 8.6776158
true 4.007465871735949e-5 453 4 2 1.954 4 0.09080252200248888 0.0 5.5688726
true 0.017336466217646045 65 4 3 1.954 1 0.09080252200248888 0.0 0.3004799
true 0.00019577720828770998 437 4 3 1.954 2 0.09080252200248888 0.0 2.8339837
true 2.1341973517515395e-5 591 4 3 1.954 3 0.09080252200248888 0.0 5.271147
true 0.00012678141450515415 1755 4 3 1.954 4 0.09080252200248888 0.0 18.3757101
true 0.013002241256237154 107 4 4 1.954 1 0.09080252200248888 0.0 0.4717486
true 0.00014612136542417609 827 4 4 1.954 2 0.09080252200248888 0.0 5.0110167
true 0.00019823314231316724 812 4 4 1.954 3 0.09080252200248888 0.0 7.4514237
true 0.00030428609278354557 2303 4 4 1.954 4 0.09080252200248888 0.0 24.3787127
true 0.01807616331151951 65 4 1 1.958 1 0.09047917970571502 0.0 0.2766347
true 0.016076085758850778 211 4 1 1.958 2 0.09047917970571502 0.0 1.5169456
true 3.207176527852962e-6 557 4 1 1.958 3 0.09047917970571502 0.0 5.305432
true 5.914129402762036e-6 498 4 1 1.958 4 0.09047917970571502 0.0 6.8369207
true 0.01746530457062498 68 4 2 1.958 1 0.09047917970571502 0.0 0.3265677
true 0.00031838867372205315 297 4 2 1.958 2 0.09047917970571502 0.0 1.9224712
true 1.8300423909878294e-6 930 4 2 1.958 3 0.09047917970571502 0.0 7.6834213
true 0.0001133151477358263 1258 4 2 1.958 4 0.09047917970571502 0.0 13.434178
true 0.01726173275915784 78 4 3 1.958 1 0.09047917970571502 0.0 0.3258355
true 0.00019993577330248055 581 4 3 1.958 2 0.09047917970571502 0.0 3.6267836
true 1.4898726267938608e-5 797 4 3 1.958 3 0.09047917970571502 0.0 6.9859588
true 0.0001453959929315259 774 4 3 1.958 4 0.09047917970571502 0.0 8.5305202
true 0.012946381672708257 112 4 4 1.958 1 0.09047917970571502 0.0 0.4880937
true 0.00014107079617886598 211 4 4 1.958 2 0.09047917970571502 0.0 1.5808861
true 0.00011412668607441168 1045 4 4 1.958 3 0.09047917970571502 0.0 8.9599193
true 0.0002553596493334448 598 4 4 1.958 4 0.09047917970571502 0.0 7.2169126
true 0.01799557455850731 57 4 1 1.962 1 0.09015765246337229 0.0 0.2160402
true 0.01676434105995439 233 4 1 1.962 2 0.09015765246337229 0.0 1.5748906
true 2.7319969415073864e-6 448 4 1 1.962 3 0.09015765246337229 0.0 3.8686618
true 1.0816597737051126e-5 506 4 1 1.962 4 0.09015765246337229 0.0 6.0877024
true 0.017389257045205164 71 4 2 1.962 1 0.09015765246337229 0.0 0.2959288
true 0.00885970054839813 222 4 2 1.962 2 0.09015765246337229 0.0 1.6122011
true 1.043505212514062e-5 963 4 2 1.962 3 0.09015765246337229 0.0 7.9203114
true 0.00010436331644567143 700 4 2 1.962 4 0.09015765246337229 0.0 7.9958249
true 0.33933189837452415 58 4 3 1.962 1 0.09015765246337229 0.0 0.2580009
true 0.00019668998006468671 519 4 3 1.962 2 0.09015765246337229 0.0 3.2475362
true 3.867785860844908e-5 949 4 3 1.962 3 0.09015765246337229 0.0 8.123079
true 0.000454062214710856 1392 4 3 1.962 4 0.09015765246337229 0.0 14.9544166
true 0.012891111518034487 101 4 4 1.962 1 0.09015765246337229 0.0 0.4099169
true 0.00014477655506903164 606 4 4 1.962 2 0.09015765246337229 0.0 3.7196285
true 3.447514537952001e-5 1131 4 4 1.962 3 0.09015765246337229 0.0 9.4567942
true 5.683541215342758e-6 1526 4 4 1.962 4 0.09015765246337229 0.0 17.0664171
true 0.017915630271906013 59 4 1 1.966 1 0.0898379264926114 0.0 0.2476593
true 0.0002491250267967482 304 4 1 1.966 2 0.0898379264926114 0.0 1.9885689
true 1.1436843525836071e-5 1174 4 1 1.966 3 0.0898379264926114 0.0 9.5517612
true 2.5527155955717973e-7 1139 4 1 1.966 4 0.0898379264926114 0.0 12.1726955
true 0.017314227050414716 65 4 2 1.966 1 0.0898379264926114 0.0 0.2858181
true 0.008830673052704269 630 4 2 1.966 2 0.0898379264926114 0.0 3.9470904
true 0.00011993441750787759 1140 4 2 1.966 3 0.0898379264926114 0.0 9.1846759
true 4.371258713170567e-5 926 4 2 1.966 4 0.0898379264926114 0.0 10.5448617
true 0.3393061402643602 60 4 3 1.966 1 0.0898379264926114 0.0 0.2825741
true 0.0002112131939938459 194 4 3 1.966 2 0.0898379264926114 0.0 1.3985895
true 6.191109816163405e-5 627 4 3 1.966 3 0.0898379264926114 0.0 5.3626792
true 0.00022410652751614357 2057 4 3 1.966 4 0.0898379264926114 0.0 21.4070081
true 0.012835406934716742 118 4 4 1.966 1 0.0898379264926114 0.0 0.4599902
true 0.00013949898837176122 704 4 4 1.966 2 0.0898379264926114 0.0 4.2843631
true 0.00012104371761130495 812 4 4 1.966 3 0.0898379264926114 0.0 7.0192305
true 5.8196287877024244e-5 1825 4 4 1.966 4 0.0898379264926114 0.0 18.6830843
true 0.01783694189178331 57 4 1 1.97 1 0.08951998814003295 0.0 0.2272671
true 0.00024740342793461156 450 4 1 1.97 2 0.08951998814003295 0.0 2.8005177
true 5.178839246611222e-6 914 4 1 1.97 3 0.08951998814003295 0.0 7.4664491
true 7.068297304624327e-6 844 4 1 1.97 4 0.08951998814003295 0.0 9.5172855
true 0.017240199652356153 67 4 2 1.97 1 0.08951998814003295 0.0 0.2647925
true 0.00013639098133902405 450 4 2 1.97 2 0.08951998814003295 0.0 2.7440739
true 0.008627031704194293 348 4 2 1.97 3 0.08951998814003295 0.0 3.6817299
true 0.00023539133524608236 680 4 2 1.97 4 0.08951998814003295 0.0 7.7865033
true 0.017040877926908133 78 4 3 1.97 1 0.08951998814003295 0.0 0.3111271
true 0.00018587018441991918 680 4 3 1.97 2 0.08951998814003295 0.0 4.3291673
true 2.9334250285562025e-5 1925 4 3 1.97 3 0.08951998814003295 0.0 15.5020263
true 0.00011356036432647043 1948 4 3 1.97 4 0.08951998814003295 0.0 20.2695646
true 0.012780908098854779 87 4 4 1.97 1 0.08951998814003295 0.0 0.3687313
true 0.00022613872783681932 257 4 4 1.97 2 0.08951998814003295 0.0 1.813715
true 2.579800178147129e-5 568 4 4 1.97 3 0.08951998814003295 0.0 5.2775255
true 0.00017724165999069563 1300 4 4 1.97 4 0.08951998814003295 0.0 13.7488329
true 0.01775774014502257 54 4 1 1.974 1 0.08920382388026434 0.0 0.2370303
true 0.00024851371149070545 399 4 1 1.974 2 0.08920382388026434 0.0 2.4178861
true 0.0002594916882982523 848 4 1 1.974 3 0.08920382388026434 0.0 7.0304697
true 3.612530476038156e-6 1015 4 1 1.974 4 0.08920382388026434 0.0 10.7360568
true 0.01716548782912769 83 4 2 1.974 1 0.08920382388026434 0.0 0.3814956
true 0.008750962051459449 253 4 2 1.974 2 0.08920382388026434 0.0 1.5818725
true 6.033477037711843e-5 941 4 2 1.974 3 0.08920382388026434 0.0 7.8109265
true 0.00016944102524749094 549 4 2 1.974 4 0.08920382388026434 0.0 6.8280359
true 0.016968083144394186 81 4 3 1.974 1 0.08920382388026434 0.0 0.3339991
true 0.0002480919824984958 192 4 3 1.974 2 0.08920382388026434 0.0 1.3786531
true 8.005534047135962e-6 855 4 3 1.974 3 0.08920382388026434 0.0 7.4288057
true 9.245984203432034e-6 1296 4 3 1.974 4 0.08920382388026434 0.0 13.5709065
true 0.01272644040372306 70 4 4 1.974 1 0.08920382388026434 0.0 0.3369358
true 0.00013992635386574082 1096 4 4 1.974 2 0.08920382388026434 0.0 7.0031205
true 3.064777318026457e-5 1649 4 4 1.974 3 0.08920382388026434 0.0 13.690008
true 4.1747737112032834e-5 1940 4 4 1.974 4 0.08920382388026434 0.0 20.7258423
true 0.017679642456536027 57 4 1 1.978 1 0.08888942031458075 0.0 0.2529955
true 0.00024334439774736927 794 4 1 1.978 2 0.08888942031458075 0.0 4.9433367
true 8.105068262098669e-7 333 4 1 1.978 3 0.08888942031458075 0.0 3.1888144
true 1.5090304923970344e-6 651 4 1 1.978 4 0.08888942031458075 0.0 7.3764182
true 0.01709185610446004 73 4 2 1.978 1 0.08888942031458075 0.0 0.3036219
true 0.00013489216497494794 612 4 2 1.978 2 0.08888942031458075 0.0 3.6178236
true 0.0003126557947897013 786 4 2 1.978 3 0.08888942031458075 0.0 7.0277342
true 8.631487518895309e-6 1490 4 2 1.978 4 0.08888942031458075 0.0 15.0898507
true 0.016896027666479924 63 4 3 1.978 1 0.08888942031458075 0.0 0.2671854
true 0.00021471942522551432 188 4 3 1.978 2 0.08888942031458075 0.0 1.3583881
true 0.00014656857666328627 616 4 3 1.978 3 0.08888942031458075 0.0 5.3801155
true 0.0002674320377672827 568 4 3 1.978 4 0.08888942031458075 0.0 6.9806464
true 0.01267230500316835 71 4 4 1.978 1 0.08888942031458075 0.0 0.2959586
true 0.013410578506893478 247 4 4 1.978 2 0.08888942031458075 0.0 1.7205208
true 6.2506937887577e-5 537 4 4 1.978 3 0.08888942031458075 0.0 5.1402954
true 0.00012243941944294068 1731 4 4 1.978 4 0.08888942031458075 0.0 18.2716828
true 0.017601619393251167 87 4 1 1.982 1 0.08857676416951786 0.0 0.3388751
true 0.00024159583272309604 218 4 1 1.982 2 0.08857676416951786 0.0 1.4665531
true 4.392027833327594e-5 722 4 1 1.982 3 0.08857676416951786 0.0 6.3812742
true 2.396409211069539e-7 487 4 1 1.982 4 0.08857676416951786 0.0 6.2585248
true 0.01701956024358106 67 4 2 1.982 1 0.08857676416951786 0.0 0.2572638
true 0.0001342401518794889 566 4 2 1.982 2 0.08857676416951786 0.0 3.3284025
true 1.3659778543145817e-5 1763 4 2 1.982 3 0.08857676416951786 0.0 14.6071325
true 4.698350592141631e-5 889 4 2 1.982 4 0.08857676416951786 0.0 9.8745343
true 0.0168244417148883 53 4 3 1.982 1 0.08857676416951786 0.0 0.2358607
true 0.00017655855282744382 575 4 3 1.982 2 0.08857676416951786 0.0 3.6542619
true 0.005840685855285817 418 4 3 1.982 3 0.08857676416951786 0.0 4.019639
true 8.310474913847399e-5 1247 4 3 1.982 4 0.08857676416951786 0.0 13.5257301
true 0.012618250001799461 106 4 4 1.982 1 0.08857676416951786 0.0 0.4371835
true 0.016036101326820512 217 4 4 1.982 2 0.08857676416951786 0.0 1.5558572
true 5.446617791936281e-5 1152 4 4 1.982 3 0.08857676416951786 0.0 9.9982363
true 0.00022056884264388954 1774 4 4 1.982 4 0.08857676416951786 0.0 17.9801814
true 0.01752431390677278 59 4 1 1.986 1 0.0882658422955151 0.0 0.2348445
true 0.01636371329209524 202 4 1 1.986 2 0.0882658422955151 0.0 1.4584478
true 1.2528367167585763e-6 708 4 1 1.986 3 0.0882658422955151 0.0 5.7813316
true 1.1297324952863619e-5 640 4 1 1.986 4 0.0882658422955151 0.0 7.1148005
true 0.01694594984146716 61 4 2 1.986 1 0.0882658422955151 0.0 0.2718883
true 0.008635744515399418 227 4 2 1.986 2 0.0882658422955151 0.0 1.4761128
true 0.008155454348399732 694 4 2 1.986 3 0.0882658422955151 0.0 5.9144962
true 7.826680985195678e-5 1378 4 2 1.986 4 0.0882658422955151 0.0 14.6156765
true 0.016753644901639886 117 4 3 1.986 1 0.0882658422955151 0.0 0.4430339
true 0.0001836653074688832 579 4 3 1.986 2 0.0882658422955151 0.0 3.6789807
true 0.0001958183368588884 467 4 3 1.986 3 0.0882658422955151 0.0 4.2488733
true 0.00012473957902838415 1094 4 3 1.986 4 0.0882658422955151 0.0 12.0586145
true 0.25380290843540343 97 4 4 1.986 1 0.0882658422955151 0.0 0.4351467
true 0.0001376350447227087 822 4 4 1.986 2 0.0882658422955151 0.0 5.0777104
true 3.371910578266191e-5 348 4 4 1.986 3 0.0882658422955151 0.0 3.4784988
true 2.0169205810480206e-5 1320 4 4 1.986 4 0.0882658422955151 0.0 14.2198388
true 0.01744790522993034 56 4 1 1.99 1 0.08795664166558036 0.0 0.2248848
true 0.00023783978716485077 413 4 1 1.99 2 0.08795664166558036 0.0 2.4537938
true 0.00020426857745720062 1275 4 1 1.99 3 0.08795664166558036 0.0 10.5907037
true 3.1213959615916664e-6 1231 4 1 1.99 4 0.08795664166558036 0.0 12.7888072
true 0.016873833589986842 63 4 2 1.99 1 0.08795664166558036 0.0 0.2397307
true 0.00013946513820320416 803 4 2 1.99 2 0.08795664166558036 0.0 4.6441217
true 1.5513407555567404e-5 795 4 2 1.99 3 0.08795664166558036 0.0 6.36904
true 5.626286600207697e-5 2275 4 2 1.99 4 0.08795664166558036 0.0 22.6848177
true 0.016682164253488747 75 4 3 1.99 1 0.08795664166558036 0.0 0.2985966
true 0.0001766662362672755 721 4 3 1.99 2 0.08795664166558036 0.0 4.4840959
true 1.5126782240952133e-5 291 4 3 1.99 3 0.08795664166558036 0.0 3.1246577
true 0.00014771369663280076 842 4 3 1.99 4 0.08795664166558036 0.0 9.2000021
true 0.01251220988090998 79 4 4 1.99 1 0.08795664166558036 0.0 0.3744737
true 0.0009181080414240039 293 4 4 1.99 2 0.08795664166558036 0.0 2.0455493
true 0.008372781642208782 916 4 4 1.99 3 0.08795664166558036 0.0 7.834284
true 6.56621309282901e-5 1068 4 4 1.99 4 0.08795664166558036 0.0 11.5296253
true 0.017371426111008892 60 4 1 1.994 1 0.08764914937395794 0.0 0.2246182
true 0.0002360051394789675 235 4 1 1.994 2 0.08764914937395794 0.0 1.5607618
true 9.008712157920762e-7 490 4 1 1.994 3 0.08764914937395794 0.0 4.2427661
true 2.279444841379874e-6 851 4 1 1.994 4 0.08764914937395794 0.0 9.268162
true 0.016802007059355334 95 4 2 1.994 1 0.08764914937395794 0.0 0.3523566
true 0.00012883205238808926 584 4 2 1.994 2 0.08764914937395794 0.0 3.5299058
true 0.00013448932524734447 1519 4 2 1.994 3 0.08764914937395794 0.0 12.1356764
true 4.011598506928338e-5 1280 4 2 1.994 4 0.08764914937395794 0.0 13.4697171
true 0.01661191032351254 107 4 3 1.994 1 0.08764914937395794 0.0 0.4769187
true 0.00018035829866565786 205 4 3 1.994 2 0.08764914937395794 0.0 1.4970221
true 1.3142033947033394e-5 1555 4 3 1.994 3 0.08764914937395794 0.0 12.6325571
true 0.0002253043729098514 1524 4 3 1.994 4 0.08764914937395794 0.0 15.9158873
true 0.253773793070426 83 4 4 1.994 1 0.08764914937395794 0.0 0.3380195
true 0.004175324151779292 288 4 4 1.994 2 0.08764914937395794 0.0 1.9153425
true 0.00021153954667492425 2005 4 4 1.994 3 0.08764914937395794 0.0 16.4804551
true 4.128846648844553e-5 878 4 4 1.994 4 0.08764914937395794 0.0 10.3994485
true 0.017296203592022608 68 4 1 1.998 1 0.08734335263481015 0.0 0.2903726
true 0.00023438156915611685 340 4 1 1.998 2 0.08734335263481015 0.0 2.1340935
true 2.32563094226812e-6 746 4 1 1.998 3 0.08734335263481015 0.0 6.1494367
true 9.864202204168393e-6 517 4 1 1.998 4 0.08734335263481015 0.0 6.5219511
true 0.01673037364197144 74 4 2 1.998 1 0.08734335263481015 0.0 0.3073452
true 0.008524192318631024 366 4 2 1.998 2 0.08734335263481015 0.0 2.3573563
true 1.9211901948229526e-5 390 4 2 1.998 3 0.08734335263481015 0.0 3.6823724
true 0.00011803951883784802 1380 4 2 1.998 4 0.08734335263481015 0.0 15.2660914
true 0.01654229709999659 72 4 3 1.998 1 0.08734335263481015 0.0 0.3125956
true 0.00017715578279609012 727 4 3 1.998 2 0.08734335263481015 0.0 4.3260853
true 1.1919398750115384e-5 1299 4 3 1.998 3 0.08734335263481015 0.0 10.6794901
true 2.3961159541359873e-5 1210 4 3 1.998 4 0.08734335263481015 0.0 12.562204
true 0.2537586506820424 72 4 4 1.998 1 0.08734335263481015 0.0 0.313017
true 0.00016170643471345725 767 4 4 1.998 2 0.08734335263481015 0.0 4.8489716
true 0.004035842432738218 864 4 4 1.998 3 0.08734335263481015 0.0 7.4678417
true 9.309823213612956e-5 1828 4 4 1.998 4 0.08734335263481015 0.0 19.0536706