g_converged min_loss iter nsites nqubits0 h nlayers SvN time
true 1.5302745631773362e-7 57 4 1 0.06 1 3.2712639605332464e-5 0.157102
true 2.121641918817474e-6 139 4 1 0.06 2 3.2712639605332464e-5 0.6690927
true 5.615514831691648e-6 524 4 1 0.06 3 3.2712639605332464e-5 2.9240314
true 1.954675343474044e-6 342 4 1 0.06 4 3.2712639605332464e-5 3.3359936
true 5.01783635642461e-7 50 4 1 0.061 1 3.7745858669995024e-5 0.1306799
true 3.1743808732720424e-6 131 4 1 0.061 2 3.7745858669995024e-5 0.632798
true 1.2585206581872121e-6 220 4 1 0.061 3 3.7745858669995024e-5 1.5958902
true 1.6585547288894276e-6 322 4 1 0.061 4 3.7745858669995024e-5 3.1364411
true 4.802187305585903e-7 63 4 1 0.062 1 4.341007974826236e-5 0.1840496
true 3.544715785508412e-6 141 4 1 0.062 2 4.341007974826236e-5 0.6944963
true 8.69639488254581e-7 257 4 1 0.062 3 4.341007974826236e-5 1.6979851
true 5.169056511211689e-6 416 4 1 0.062 4 4.341007974826236e-5 3.4171058
true 4.7322056001553037e-7 51 4 1 0.063 1 4.97619071631224e-5 0.1508248
true 4.446471529528928e-6 124 4 1 0.063 2 4.97619071631224e-5 0.6290323
true 9.24061925644537e-7 240 4 1 0.063 3 4.97619071631224e-5 1.6615626
true 7.595766541301785e-7 419 4 1 0.063 4 4.97619071631224e-5 3.3963644
true 4.970759928113466e-7 57 4 1 0.064 1 5.685966778538979e-5 0.1427236
true 4.461524125143335e-6 135 4 1 0.064 2 5.685966778538979e-5 0.6501427
true 1.5030149472239351e-6 274 4 1 0.064 3 5.685966778538979e-5 1.681218
true 2.743843436026072e-5 319 4 1 0.064 4 5.685966778538979e-5 3.1665367
true 3.4712007634940534e-7 53 4 1 0.065 1 6.476267931970257e-5 0.149363
true 2.571165197695624e-6 132 4 1 0.065 2 6.476267931970257e-5 0.6584075
true 2.931103364967047e-6 257 4 1 0.065 3 6.476267931970257e-5 1.7104965
true 9.030900888218341e-7 314 4 1 0.065 4 6.476267931970257e-5 2.8799224
true 2.2501458712964606e-7 59 4 1 0.066 1 7.353031475438847e-5 0.1725214
true 2.156571433153953e-6 148 4 1 0.066 2 7.353031475438847e-5 0.6744372
true 5.586109004196427e-6 262 4 1 0.066 3 7.353031475438847e-5 1.7895598
true 5.033167877477318e-7 558 4 1 0.066 4 7.353031475438847e-5 4.5423511
true 2.2488679729537608e-7 50 4 1 0.067 1 8.322093729413909e-5 0.1330365
true 7.622684814245773e-6 146 4 1 0.067 2 8.322093729413909e-5 0.6919214
true 1.3378372288319618e-6 246 4 1 0.067 3 8.322093729413909e-5 1.6881558
true 1.0228417412494473e-6 826 4 1 0.067 4 8.322093729413909e-5 5.9531252
true 4.584152056841262e-7 53 4 1 0.068 1 9.389084641884224e-5 0.1373914
true 7.3842808050450515e-6 148 4 1 0.068 2 9.389084641884224e-5 0.6623399
true 1.986793829955591e-6 238 4 1 0.068 3 9.389084641884224e-5 1.6773643
true 7.5936458228120784e-6 456 4 1 0.068 4 9.389084641884224e-5 3.9999053
true 4.913859935062881e-7 48 4 1 0.069 1 0.00010559342538070729 0.1252656
true 9.702645133113919e-6 142 4 1 0.069 2 0.00010559342538070729 0.6563791
true 2.599372736666883e-6 253 4 1 0.069 3 0.00010559342538070729 1.6858007
true 7.927620271519498e-6 456 4 1 0.069 4 0.00010559342538070729 3.7608605
true 8.128056554479457e-7 56 4 1 0.07 1 0.0001183786849266515 0.1780545
true 2.4143904803208827e-6 135 4 1 0.07 2 0.0001183786849266515 0.6427213
true 9.096282450438142e-6 238 4 1 0.07 3 0.0001183786849266515 1.6423476
true 1.1526169414244336e-5 305 4 1 0.07 4 0.0001183786849266515 2.8646032
true 3.4213109689762433e-7 54 4 1 0.071 1 0.00013229333690025464 0.1413933
true 1.421199712248189e-6 153 4 1 0.071 2 0.00013229333690025464 0.7485027
true 6.273377303800398e-6 355 4 1 0.071 3 0.00013229333690025464 2.2568414
true 1.0789222527618492e-6 409 4 1 0.071 4 0.00013229333690025464 3.2648197
true 3.4200557608166093e-7 52 4 1 0.072 1 0.0001473814079919081 0.1327946
true 2.0043163594940516e-6 130 4 1 0.072 2 0.0001473814079919081 0.6066493
true 5.891103964872357e-6 247 4 1 0.072 3 0.0001473814079919081 1.5746619
true 5.041007400841124e-6 334 4 1 0.072 4 0.0001473814079919081 3.4091166
true 4.99577716528421e-7 50 4 1 0.073 1 0.00016368526042869692 0.1255752
true 1.3125162578397909e-5 152 4 1 0.073 2 0.00016368526042869692 0.7400327
true 1.6255054874902974e-6 292 4 1 0.073 3 0.00016368526042869692 2.0480022
true 5.381470412013645e-6 412 4 1 0.073 4 0.00016368526042869692 3.4799304
true 7.732389544212737e-7 77 4 1 0.074 1 0.00018124678692999058 0.1954267
true 1.6301512920147143e-5 195 4 1 0.074 2 0.00018124678692999058 0.8079578
true 1.936221316833908e-6 336 4 1 0.074 3 0.00018124678692999058 2.2383738
true 6.523221648679911e-6 377 4 1 0.074 4 0.00018124678692999058 3.2753567
true 3.561573463928269e-7 52 4 1 0.075 1 0.00020010854439861874 0.1338478
true 1.0445274677084448e-5 150 4 1 0.075 2 0.00020010854439861874 0.7487576
true 1.723783615847907e-6 232 4 1 0.075 3 0.00020010854439861874 1.6348694
true 1.5787938015487946e-5 398 4 1 0.075 4 0.00020010854439861874 4.0828951
true 7.282732749080978e-7 53 4 1 0.076 1 0.00022031468377297893 0.1466114
true 1.826336843335774e-5 161 4 1 0.076 2 0.00022031468377297893 0.7466668
true 2.0124602180315865e-5 303 4 1 0.076 3 0.00022031468377297893 1.9314774
true 1.6305252662107694e-5 379 4 1 0.076 4 0.00022031468377297893 3.7419365
true 3.533782150788589e-7 58 4 1 0.077 1 0.00024191166176350666 0.1454202
true 2.0176101281965675e-5 154 4 1 0.077 2 0.00024191166176350666 0.6522728
true 1.0643449982472575e-6 230 4 1 0.077 3 0.00024191166176350666 1.6600482
true 4.097659532797948e-7 332 4 1 0.077 4 0.00024191166176350666 2.886909
true 6.108152965089708e-7 56 4 1 0.078 1 0.00026494879923379865 0.1454016
true 1.7052044231524732e-5 146 4 1 0.078 2 0.00026494879923379865 0.6993863
true 1.8989028294724708e-5 215 4 1 0.078 3 0.00026494879923379865 1.5131327
true 1.2032264366523826e-6 473 4 1 0.078 4 0.00026494879923379865 3.7864631
true 4.6367968331573195e-7 60 4 1 0.079 1 0.0002894787328839312 0.1608983
true 2.4900844643183095e-5 157 4 1 0.079 2 0.0002894787328839312 0.7872865
true 2.6408232738917015e-6 248 4 1 0.079 3 0.0002894787328839312 1.7311745
true 2.5991062755581495e-5 325 4 1 0.079 4 0.0002894787328839312 3.3238377
true 9.001818715992371e-7 70 4 1 0.08 1 0.00031555771092967207 0.1738515
true 2.843771254079641e-5 150 4 1 0.08 2 0.00031555771092967207 0.6909761
true 9.942586885081095e-6 229 4 1 0.08 3 0.00031555771092967207 1.6194792
true 1.917745468732468e-5 504 4 1 0.08 4 0.00031555771092967207 4.4090211
true 5.702548532271479e-7 58 4 1 0.081 1 0.0003432455926835129 0.1529284
true 4.763815565633767e-6 157 4 1 0.081 2 0.0003432455926835129 0.8007755
true 9.265072963671184e-6 229 4 1 0.081 3 0.0003432455926835129 1.7748726
true 3.1099359014630235e-5 357 4 1 0.081 4 0.0003432455926835129 3.228737
true 8.305384587847797e-7 62 4 1 0.082 1 0.00037260541258239146 0.1736514
true 3.270849849024149e-5 133 4 1 0.082 2 0.00037260541258239146 0.68466
true 2.4013792634891562e-5 237 4 1 0.082 3 0.00037260541258239146 1.7978909
true 1.2557003261082222e-6 379 4 1 0.082 4 0.00037260541258239146 3.3766206
true 6.458815851040356e-7 65 4 1 0.083 1 0.0004037024948982497 0.1649354
true 3.586590342274931e-5 130 4 1 0.083 2 0.0004037024948982497 0.6007948
true 2.6673257024767416e-5 299 4 1 0.083 3 0.0004037024948982497 1.9228828
true 1.1981387165849178e-5 373 4 1 0.083 4 0.0004037024948982497 3.3197151
true 8.136409465619998e-7 56 4 1 0.084 1 0.00043660329859461136 0.1471164
true 4.195551491209537e-5 133 4 1 0.084 2 0.00043660329859461136 0.6541795
true 9.935928447724063e-6 282 4 1 0.084 3 0.00043660329859461136 1.9968038
true 8.112592520537198e-7 504 4 1 0.084 4 0.00043660329859461136 3.9427126
true 1.0456995830909754e-6 65 4 1 0.085 1 0.0004713743124606638 0.1665226
true 3.6303483249677804e-5 156 4 1 0.085 2 0.0004713743124606638 0.7009339
true 3.133725125714637e-5 251 4 1 0.085 3 0.0004713743124606638 1.7790582
true 4.6033050388583074e-5 338 4 1 0.085 4 0.0004713743124606638 3.4202626
true 8.050033126205669e-7 61 4 1 0.086 1 0.0005080812960301561 0.1520694
true 4.8302203410510725e-5 161 4 1 0.086 2 0.0005080812960301561 0.7007461
true 2.409026376326562e-6 246 4 1 0.086 3 0.0005080812960301561 1.6689118
true 1.0056243900158357e-5 357 4 1 0.086 4 0.0005080812960301561 3.2865235
true 1.0108539269526595e-6 49 4 1 0.087 1 0.0005467889597695934 0.1347533
true 2.993883517199425e-5 132 4 1 0.087 2 0.0005467889597695934 0.7697476
true 5.810348730150849e-6 260 4 1 0.087 3 0.0005467889597695934 1.7864593
true 3.909770420656988e-5 326 4 1 0.087 4 0.0005467889597695934 3.099477
true 1.0574421921427657e-6 65 4 1 0.088 1 0.0005875609151231486 0.1715331
true 5.811813907136143e-5 157 4 1 0.088 2 0.0005875609151231486 0.6792481
true 1.9782470380147466e-5 235 4 1 0.088 3 0.0005875609151231486 1.6429823
true 3.45866218881552e-6 391 4 1 0.088 4 0.0005875609151231486 3.6069391
true 1.68048305104751e-6 52 4 1 0.089 1 0.0006304595883667896 0.1318123
true 5.6964685282712146e-5 155 4 1 0.089 2 0.0006304595883667896 0.6748549
true 4.968678253447489e-6 262 4 1 0.089 3 0.0006304595883667896 1.9561961
true 8.440243440321904e-6 451 4 1 0.089 4 0.0006304595883667896 3.9623741
true 1.5202420421966956e-6 56 4 1 0.09 1 0.0006755458943422365 0.1454003
true 6.305249787635914e-5 137 4 1 0.09 2 0.0006755458943422365 0.6426858
true 8.296818496400515e-6 401 4 1 0.09 3 0.0006755458943422365 2.6501688
true 3.449925513054897e-5 437 4 1 0.09 4 0.0006755458943422365 3.5752866
true 1.7464025042213116e-6 69 4 1 0.091 1 0.0007228787302461667 0.1768276
true 2.9992726556349325e-5 164 4 1 0.091 2 0.0007228787302461667 0.7485619
true 9.40747179106749e-6 390 4 1 0.091 3 0.0007228787302461667 2.5108006
true 1.893677065961663e-5 429 4 1 0.091 4 0.0007228787302461667 3.6715612
true 1.4511406356554346e-6 53 4 1 0.092 1 0.0007725145460084756 0.1417612
true 7.41521117413324e-5 150 4 1 0.092 2 0.0007725145460084756 0.6848177
true 1.2168069863649489e-5 233 4 1 0.092 3 0.0007725145460084756 1.6196729
true 3.3303542811058406e-5 336 4 1 0.092 4 0.0007725145460084756 3.2545822
true 1.80869108357129e-6 60 4 1 0.093 1 0.0008245072002854847 0.1592409
true 7.745169062123303e-5 137 4 1 0.093 2 0.0008245072002854847 0.6435018
true 7.576933806513475e-5 301 4 1 0.093 3 0.0008245072002854847 1.8622709
true 7.941720247195416e-5 527 4 1 0.093 4 0.0008245072002854847 4.2013851
true 1.6746796434596867e-6 62 4 1 0.094 1 0.0008789080891465663 0.1480642
true 2.9764635532614214e-5 130 4 1 0.094 2 0.0008789080891465663 0.621831
true 2.4015328207172004e-5 221 4 1 0.094 3 0.0008789080891465663 1.5696301
true 9.417977627601548e-6 492 4 1 0.094 4 0.0008789080891465663 4.3219091
true 1.780760922165392e-6 71 4 1 0.095 1 0.0009357663748697882 0.1676179
true 9.018898903856432e-5 140 4 1 0.095 2 0.0009357663748697882 0.6547047
true 2.2668062057307203e-5 235 4 1 0.095 3 0.0009357663748697882 1.6901532
true 1.4269406351519187e-6 509 4 1 0.095 4 0.0009357663748697882 4.0870806
true 2.056624380408767e-6 51 4 1 0.096 1 0.0009951291498718504 0.1399009
true 8.648242780340265e-5 134 4 1 0.096 2 0.0009951291498718504 0.6432216
true 1.6263793068016508e-5 252 4 1 0.096 3 0.0009951291498718504 1.8197698
true 9.64932092957782e-5 337 4 1 0.096 4 0.0009951291498718504 3.5327088
true 2.1698874287934267e-6 54 4 1 0.097 1 0.0010570413827587812 0.1410525
true 8.043720211736716e-6 132 4 1 0.097 2 0.0010570413827587812 0.6654944
true 9.652340284715955e-6 225 4 1 0.097 3 0.0010570413827587812 1.4994209
true 9.901846220738975e-6 362 4 1 0.097 4 0.0010570413827587812 3.1869283
true 2.54900222956822e-6 53 4 1 0.098 1 0.001121545305703143 0.1379511
true 7.847335281924162e-5 150 4 1 0.098 2 0.001121545305703143 0.731441
true 5.879040809675384e-6 248 4 1 0.098 3 0.001121545305703143 1.7784036
true 3.151374513798988e-5 379 4 1 0.098 4 0.001121545305703143 3.2476149
true 2.521283488876591e-6 53 4 1 0.099 1 0.0011886784395442735 0.131498
true 0.00011926948572082985 136 4 1 0.099 2 0.0011886784395442735 0.637719
true 1.0084461568082848e-5 325 4 1 0.099 3 0.0011886784395442735 2.1660335
true 5.765553524106348e-6 394 4 1 0.099 4 0.0011886784395442735 3.6450703
true 2.5085052899331828e-6 41 4 1 0.1 1 0.0012584685665444728 0.1032627
true 2.895644218903204e-6 131 4 1 0.1 2 0.0012584685665444728 0.6366774
true 3.853627812139271e-5 217 4 1 0.1 3 0.0012584685665444728 1.4895787
true 4.870748077356879e-5 328 4 1 0.1 4 0.0012584685665444728 2.9115768
true 3.2824680349929913e-6 62 4 1 0.101 1 0.0013309223047157839 0.1592917
true 0.0001236066601611463 167 4 1 0.101 2 0.0013309223047157839 0.75077
true 4.507975115314311e-5 282 4 1 0.101 3 0.0013309223047157839 1.967654
true 2.372877229733783e-5 891 4 1 0.101 4 0.0013309223047157839 6.324243
true 3.2682021258723104e-6 53 4 1 0.102 1 0.0014060013208463092 0.1376587
true 0.0001396963411604002 147 4 1 0.102 2 0.0014060013208463092 0.6748893
true 3.57250527986408e-5 245 4 1 0.102 3 0.0014060013208463092 1.6143629
true 2.9481654972907112e-5 317 4 1 0.102 4 0.0014060013208463092 2.9816969
true 3.1786280888512763e-6 51 4 1 0.103 1 0.0014835778770222602 0.1328097
true 7.944614103361225e-6 132 4 1 0.103 2 0.0014835778770222602 0.6322114
true 6.62909083151697e-5 227 4 1 0.103 3 0.0014835778770222602 1.6497001
true 0.00012405466882253746 421 4 1 0.103 4 0.0014835778770222602 3.8787086
true 3.341400616474477e-6 59 4 1 0.104 1 0.0015633653926853885 0.1629662
true 0.00015863757535372613 167 4 1 0.104 2 0.0015633653926853885 0.7343649
true 2.4156024949206767e-6 323 4 1 0.104 3 0.0015633653926853885 2.0910883
true 6.183779322754823e-5 361 4 1 0.104 4 0.0015633653926853885 3.1028996
true 3.731138547957702e-6 30 4 1 0.105 1 0.0016448436137909768 0.0862661
true 0.00014409375268686908 173 4 1 0.105 2 0.0016448436137909768 0.8201869
true 4.0420411959340985e-5 236 4 1 0.105 3 0.0016448436137909768 1.6518937
true 0.0001609417447891448 434 4 1 0.105 4 0.0016448436137909768 3.9760438
true 3.83491835798111e-6 59 4 1 0.106 1 0.0017272447611832702 0.1493187
true 0.0001836926309284337 144 4 1 0.106 2 0.0017272447611832702 0.6364015
true 3.3658959135984823e-6 321 4 1 0.106 3 0.0017272447611832702 2.0132688
true 0.00012619529675028662 442 4 1 0.106 4 0.0017272447611832702 3.5995871
true 4.165344821227546e-6 59 4 1 0.107 1 0.0018096788888799867 0.1497636
true 0.00019216728214221934 159 4 1 0.107 2 0.0018096788888799867 0.6867332
true 0.00014304392984615388 256 4 1 0.107 3 0.0018096788888799867 1.7345432
true 6.40009577668188e-7 395 4 1 0.107 4 0.0018096788888799867 3.2661118
true 4.981026199613048e-6 58 4 1 0.108 1 0.0018913740066865408 0.1480151
true 0.0001978592283739533 144 4 1 0.108 2 0.0018913740066865408 0.6624131
true 4.2037525645299834e-5 243 4 1 0.108 3 0.0018913740066865408 1.70961
true 0.00014939993759982562 322 4 1 0.108 4 0.0018913740066865408 2.7873631
true 4.772579124401322e-6 65 4 1 0.109 1 0.0019718807454577893 0.1500405
true 8.682813245675103e-5 171 4 1 0.109 2 0.0019718807454577893 0.8167844
true 2.6608338101197226e-6 301 4 1 0.109 3 0.0019718807454577893 1.9948838
true 0.00010114975800740167 392 4 1 0.109 4 0.0019718807454577893 3.4833137
true 4.950079797283458e-6 71 4 1 0.11 1 0.002051125570344679 0.1961668
true 0.0002149410616911207 182 4 1 0.11 2 0.002051125570344679 0.8222798
true 5.3201919989198654e-5 213 4 1 0.11 3 0.002051125570344679 1.2152792
true 1.4712786425286062e-6 455 4 1 0.11 4 0.002051125570344679 2.3339836
true 5.891752056674804e-6 53 4 1 0.111 1 0.0021293342151959206 0.0882866
true 0.00022571421711609085 131 4 1 0.111 2 0.0021293342151959206 0.4275261
true 3.247523531779706e-5 229 4 1 0.111 3 0.0021293342151959206 0.9904372
true 1.188019894499126e-5 451 4 1 0.111 4 0.0021293342151959206 2.2034456
true 5.851340326989973e-6 62 4 1 0.112 1 0.002206912652198429 0.1055782
true 0.00022998738780283245 140 4 1 0.112 2 0.002206912652198429 0.3748118
true 4.236799621143428e-5 226 4 1 0.112 3 0.002206912652198429 0.8814108
true 0.00016058826449083519 891 4 1 0.112 4 0.002206912652198429 3.8097321
true 5.872812795515436e-6 55 4 1 0.113 1 0.0022843461806237504 0.1122898
true 0.00023898055779963956 157 4 1 0.113 2 0.0022843461806237504 0.4204549
true 8.33088543907845e-5 307 4 1 0.113 3 0.0022843461806237504 1.0834052
true 2.499984189652249e-5 485 4 1 0.113 4 0.0022843461806237504 2.428317
true 6.6576683968588846e-6 60 4 1 0.114 1 0.0023621311807001826 0.1043341
true 0.000259164565880321 136 4 1 0.114 2 0.0023621311807001826 0.3836069
true 2.5899038490040382e-5 274 4 1 0.114 3 0.0023621311807001826 1.1277534
true 0.00012109553790617955 310 4 1 0.114 4 0.0023621311807001826 1.6023459
true 6.574725460561925e-6 65 4 1 0.115 1 0.002440730722987342 0.1136997
true 3.49747027138525e-5 146 4 1 0.115 2 0.002440730722987342 0.4088744
true 2.1262205131655776e-5 230 4 1 0.115 3 0.002440730722987342 0.9010295
true 3.9998308620503575e-5 359 4 1 0.115 4 0.002440730722987342 1.8151366
true 7.315995439183265e-6 54 4 1 0.116 1 0.0025205456057851125 0.095501
true 0.0002095272330113196 142 4 1 0.116 2 0.0025205456057851125 0.4100832
true 2.623897662534791e-6 233 4 1 0.116 3 0.0025205456057851125 0.9319321
true 6.68882811974969e-5 396 4 1 0.116 4 0.0025205456057851125 2.1223838
true 7.348435945575549e-6 52 4 1 0.117 1 0.0026019007630196152 0.1023707
true 0.00028085772561509126 125 4 1 0.117 2 0.0026019007630196152 0.3500528
true 0.00014074026791000005 241 4 1 0.117 3 0.0026019007630196152 0.918791
true 5.890349439541254e-6 698 4 1 0.117 4 0.0026019007630196152 2.9626511
true 7.931475974554125e-6 49 4 1 0.118 1 0.0026850481428475717 0.1004973
true 0.0002981618255408214 200 4 1 0.118 2 0.0026850481428475717 0.5111253
true 4.807244789295506e-6 256 4 1 0.118 3 0.0026850481428475717 0.9761054
true 6.216864169850123e-6 353 4 1 0.118 4 0.0026850481428475717 1.9278547
true 8.281778316632238e-6 52 4 1 0.119 1 0.0027701810130645915 0.1031073
true 0.0002609241169929666 129 4 1 0.119 2 0.0027701810130645915 0.3523428
true 0.00015483006828498347 234 4 1 0.119 3 0.0027701810130645915 0.9491989
true 2.870180864716909e-5 344 4 1 0.119 4 0.0027701810130645915 1.8746788
true 8.473169633926858e-6 59 4 1 0.12 1 0.002857451366537061 0.1026562
true 0.0002356880769580072 142 4 1 0.12 2 0.002857451366537061 0.3813853
true 0.00015284770942775028 244 4 1 0.12 3 0.002857451366537061 0.9724767
true 4.1283965006022605e-5 336 4 1 0.12 4 0.002857451366537061 1.7865936
true 9.022674395342545e-6 57 4 1 0.121 1 0.0029469847313140993 0.0976233
true 2.0487411964587032e-5 155 4 1 0.121 2 0.0029469847313140993 0.4331383
true 9.028948003469983e-5 258 4 1 0.121 3 0.0029469847313140993 0.9539601
true 0.0002618257176366656 372 4 1 0.121 4 0.0029469847313140993 1.9694176
true 9.93256351200511e-6 78 4 1 0.122 1 0.003038890688284693 0.1312364
true 0.00024055613688273025 135 4 1 0.122 2 0.003038890688284693 0.3633634
true 8.550164750137368e-5 281 4 1 0.122 3 0.003038890688284693 1.1044278
true 1.5784328005197246e-5 436 4 1 0.122 4 0.003038890688284693 2.0522641
true 9.798979344333159e-6 52 4 1 0.123 1 0.0031332696419203512 0.1044674
true 0.00031552985632032904 103 4 1 0.123 2 0.0031332696419203512 0.2920724
true 3.114626901973283e-5 258 4 1 0.123 3 0.0031332696419203512 0.9724603
true 1.7015182975477217e-5 395 4 1 0.123 4 0.0031332696419203512 1.9750126
true 1.0308371159506446e-5 50 4 1 0.124 1 0.00323021696439531 0.0996034
true 0.000133803469102578 165 4 1 0.124 2 0.00323021696439531 0.4620075
true 0.00022280015880749016 226 4 1 0.124 3 0.00323021696439531 0.8899526
true 7.984833438512418e-5 331 4 1 0.124 4 0.00323021696439531 1.7189667
true 1.0876868049125576e-5 63 4 1 0.125 1 0.00332982548065795 0.109494
true 0.00032065040161227687 146 4 1 0.125 2 0.00332982548065795 0.3740822
true 0.00017842050057009784 281 4 1 0.125 3 0.00332982548065795 1.0646291
true 1.1603211778010714e-5 512 4 1 0.125 4 0.00332982548065795 2.3404811
true 1.1374799446850492e-5 54 4 1 0.126 1 0.0034321869595753526 0.1033572
true 0.0003775419647710221 124 4 1 0.126 2 0.0034321869595753526 0.3481026
true 0.0003956992869819098 243 4 1 0.126 3 0.0034321869595753526 1.018331
true 2.8136549085289175e-5 409 4 1 0.126 4 0.0034321869595753526 2.0458814
true 1.1921091579158993e-5 58 4 1 0.127 1 0.0035373930255500974 0.109365
true 0.00039213462893011863 135 4 1 0.127 2 0.0035373930255500974 0.3658423
true 3.086987252387541e-5 270 4 1 0.127 3 0.0035373930255500974 1.077104
true 0.00018476518850690793 504 4 1 0.127 4 0.0035373930255500974 2.4740049
true 1.2492991777690587e-5 58 4 1 0.128 1 0.0036455357369792915 0.1044159
true 0.0003783619934706328 124 4 1 0.128 2 0.0036455357369792915 0.3357797
true 0.00041639333701887216 259 4 1 0.128 3 0.0036455357369792915 1.0558642
true 4.31493013052231e-5 530 4 1 0.128 4 0.0036455357369792915 2.5686244
true 1.3231641797339933e-5 61 4 1 0.129 1 0.0037567079749449175 0.0912036
true 0.0003223488040838274 142 4 1 0.129 2 0.0037567079749449175 0.4017943
true 5.151176031814586e-5 233 4 1 0.129 3 0.0037567079749449175 0.9320318
true 7.001492096003759e-5 323 4 1 0.129 4 0.0037567079749449175 1.6129408
true 1.3758570839850215e-5 62 4 1 0.13 1 0.0038710037250973186 0.1108632
true 4.385760447617182e-5 132 4 1 0.13 2 0.0038710037250973186 0.3742713
true 3.700958815228139e-5 251 4 1 0.13 3 0.0038710037250973186 0.9762843
true 0.00039095743380412884 360 4 1 0.13 4 0.0038710037250973186 1.8388777
true 1.5018530160282317e-5 54 4 1 0.131 1 0.003988518299484642 0.09628
true 0.00044677696795575317 149 4 1 0.131 2 0.003988518299484642 0.4046004
true 1.3566673133402762e-5 240 4 1 0.131 3 0.003988518299484642 0.9580659
true 0.00018284980652483185 743 4 1 0.131 4 0.003988518299484642 3.3928361
true 1.528177508769435e-5 63 4 1 0.132 1 0.004109348527007269 0.1086361
true 0.0004814654738792279 147 4 1 0.132 2 0.004109348527007269 0.4050284
true 7.258896587108987e-5 225 4 1 0.132 3 0.004109348527007269 0.8577495
true 3.0431987180778997e-6 366 4 1 0.132 4 0.004109348527007269 1.9406495
true 1.5960527688929638e-5 57 4 1 0.133 1 0.0042335929270197374 0.1048675
true 0.00045170471568434234 190 4 1 0.133 2 0.0042335929270197374 0.458266
true 5.885620388940138e-5 240 4 1 0.133 3 0.0042335929270197374 0.9172185
true 3.981927136686991e-6 411 4 1 0.133 4 0.0042335929270197374 2.1802391
true 1.6798514381244356e-5 54 4 1 0.134 1 0.004361351875527179 0.1012451
true 0.000496558599071828 126 4 1 0.134 2 0.004361351875527179 0.3712345
true 8.674078868842194e-5 228 4 1 0.134 3 0.004361351875527179 0.9355212
true 0.0001634394296942121 334 4 1 0.134 4 0.004361351875527179 1.7180772
true 1.8043803479139697e-5 52 4 1 0.135 1 0.004492727768579933 0.0985709
true 0.0005193578621516259 235 4 1 0.135 2 0.004492727768579933 0.5597667
true 1.5599750559758263e-5 258 4 1 0.135 3 0.004492727768579933 0.9514246
true 1.4427564313912455e-5 675 4 1 0.135 4 0.004492727768579933 2.9305555
true 1.8299959326173454e-5 59 4 1 0.136 1 0.004627825185214067 0.1081266
true 5.4840187292959364e-5 445 4 1 0.136 2 0.004627825185214067 1.0165071
true 0.00045645723408310745 294 4 1 0.136 3 0.004627825185214067 1.0778666
true 0.0005112431362266356 303 4 1 0.136 4 0.004627825185214067 1.5861514
true 1.9628471484345322e-5 59 4 1 0.137 1 0.004766751050847998 0.1110195
true 0.0005394363105117872 203 4 1 0.137 2 0.004766751050847998 0.4980918
true 6.595793680119755e-7 269 4 1 0.137 3 0.004766751050847998 1.0455931
true 0.00032480778436777547 480 4 1 0.137 4 0.004766751050847998 2.3662736
true 1.99219516018867e-5 55 4 1 0.138 1 0.00490961480106756 0.0990047
true 0.0005872229405713414 146 4 1 0.138 2 0.00490961480106756 0.381458
true 5.9751926456852456e-5 345 4 1 0.138 3 0.00490961480106756 1.2193699
true 1.2699076117284047e-5 1463 4 1 0.138 4 0.00490961480106756 5.661306
true 2.0848736788037225e-5 60 4 1 0.139 1 0.005056528545168465 0.0994305
true 8.66278355717287e-5 150 4 1 0.139 2 0.005056528545168465 0.4485989
true 4.0634208901990654e-5 287 4 1 0.139 3 0.005056528545168465 1.0004532
true 0.00031638446398901676 375 4 1 0.139 4 0.005056528545168465 1.9283784
true 2.218896693595429e-5 58 4 1 0.14 1 0.005207607228596099 0.1015039
true 0.000612787104541046 153 4 1 0.14 2 0.005207607228596099 0.3822534
true 9.911578329080406e-6 299 4 1 0.14 3 0.005207607228596099 1.1152918
true 4.380252298935572e-5 675 4 1 0.14 4 0.005207607228596099 2.8739113
true 2.3411181892585287e-5 83 4 1 0.141 1 0.0053629687934928505 0.1275901
true 0.0006434356434641963 160 4 1 0.141 2 0.0053629687934928505 0.4453409
true 0.00011737542762996211 274 4 1 0.141 3 0.0053629687934928505 1.0070048
true 1.3330840327174798e-5 378 4 1 0.141 4 0.0053629687934928505 1.9243024
true 2.4030178291223336e-5 55 4 1 0.142 1 0.0055227343361382505 0.0962895
true 0.0006078505698722259 183 4 1 0.142 2 0.0055227343361382505 0.4549293
true 0.0005791290825240547 285 4 1 0.142 3 0.0055227343361382505 1.0487211
true 0.00010616758051185116 335 4 1 0.142 4 0.0055227343361382505 1.7238405
true 2.5563886519530676e-5 59 4 1 0.143 1 0.0056870282607153905 0.1058639
true 0.0007006826854054071 159 4 1 0.143 2 0.0056870282607153905 0.4250188
true 3.621810993775787e-5 750 4 1 0.143 3 0.0056870282607153905 2.3508908
true 1.2113469950336686e-5 467 4 1 0.143 4 0.0056870282607153905 2.234557
true 2.635928152344702e-5 69 4 1 0.144 1 0.005855978428437052 0.1189891
true 5.1726114956573976e-5 324 4 1 0.144 2 0.005855978428437052 0.7226284
true 0.0005339638279183156 319 4 1 0.144 3 0.005855978428437052 1.2173318
true 8.615752833973644e-5 331 4 1 0.144 4 0.005855978428437052 1.9115238
true 2.74924803622123e-5 52 4 1 0.145 1 0.006029716301483369 0.0959729
true 0.0007071296259506532 227 4 1 0.145 2 0.006029716301483369 0.5121984
true 0.0006642402166471828 292 4 1 0.145 3 0.006029716301483369 1.1143004
true 1.3082180217338646e-5 582 4 1 0.145 4 0.006029716301483369 2.6340109
true 2.9143579792390018e-5 52 4 1 0.146 1 0.006208377081306067 0.0824274
true 1.6651131429845645e-5 451 4 1 0.146 2 0.006208377081306067 1.0260537
true 0.00014792595312790313 351 4 1 0.146 3 0.006208377081306067 1.1882731
true 8.774566890412672e-6 1222 4 1 0.146 4 0.006208377081306067 4.9744852
true 3.0208011273680224e-5 55 4 1 0.147 1 0.006392099840920522 0.1082334
true 0.0007743120071310172 180 4 1 0.147 2 0.006392099840920522 0.4586965
true 4.295395074954689e-5 248 4 1 0.147 3 0.006392099840920522 0.9484189
true 9.168055165653666e-6 364 4 1 0.147 4 0.006392099840920522 1.7984813
true 3.140776405702317e-5 52 4 1 0.148 1 0.006581027651003522 0.0971681
true 0.0006902691113993553 136 4 1 0.148 2 0.006581027651003522 0.3552705
true 2.752764632196758e-5 507 4 1 0.148 3 0.006581027651003522 1.6960484
true 9.40428674733873e-6 832 4 1 0.148 4 0.006581027651003522 3.5824312
true 3.301872967986785e-5 49 4 1 0.149 1 0.006775307699688772 0.0966848
true 0.0008276712405403397 134 4 1 0.149 2 0.006775307699688772 0.3666504
true 1.1023032624568607e-5 755 4 1 0.149 3 0.006775307699688772 2.3727647
true 1.8457615158229412e-5 1428 4 1 0.149 4 0.006775307699688772 5.8566157
true 3.444547419784172e-5 55 4 1 0.15 1 0.006975091406260766 0.1002787
true 0.000864788248583992 140 4 1 0.15 2 0.006975091406260766 0.3707691
true 7.091752269561269e-5 273 4 1 0.15 3 0.006975091406260766 1.0179008
true 0.0005447206715692987 332 4 1 0.15 4 0.006975091406260766 1.7534373
true 3.593067414614515e-5 66 4 1 0.151 1 0.007180534528736803 0.1088399
true 0.0008801824936413016 146 4 1 0.151 2 0.007180534528736803 0.3670226
true 2.6220791682185496e-5 212 4 1 0.151 3 0.007180534528736803 0.893828
true 4.763353269071624e-5 634 4 1 0.151 4 0.007180534528736803 2.7212321
true 3.7850853524923345e-5 58 4 1 0.152 1 0.007391797265844023 0.1112232
true 7.405139443306119e-6 336 4 1 0.152 2 0.007391797265844023 0.7422734
true 0.00026672693038426454 271 4 1 0.152 3 0.007391797265844023 1.0497276
true 1.3235600495653532e-5 1032 4 1 0.152 4 0.007391797265844023 4.3141328
true 3.931521601335808e-5 83 4 1 0.153 1 0.007609044353521305 0.1375002
true 0.0009492111155388616 148 4 1 0.153 2 0.007609044353521305 0.3870102
true 8.64423068313025e-5 242 4 1 0.153 3 0.007609044353521305 0.9652423
true 1.0721059798601829e-5 882 4 1 0.153 4 0.007609044353521305 3.5574245
true 4.166784689491054e-5 55 4 1 0.154 1 0.007832445156474523 0.0946379
true 0.0009699976391634446 134 4 1 0.154 2 0.007832445156474523 0.3637325
true 0.000792338947692206 276 4 1 0.154 3 0.007832445156474523 1.0200571
true 0.0004963530494334623 525 4 1 0.154 4 0.007832445156474523 2.8175153
true 4.3291455338656526e-5 47 4 1 0.155 1 0.008062173755126356 0.0865363
true 0.0009639433128447172 178 4 1 0.155 2 0.008062173755126356 0.4231664
true 5.512333468210562e-5 496 4 1 0.155 3 0.008062173755126356 1.6729747
true 2.5796339571115823e-5 335 4 1 0.155 4 0.008062173755126356 1.7044862
true 4.513528141125711e-5 49 4 1 0.156 1 0.008298409028428565 0.0916921
true 1.0161581866785507e-5 140 4 1 0.156 2 0.008298409028428565 0.3718654
true 5.4689960278186955e-5 243 4 1 0.156 3 0.008298409028428565 0.9469321
true 4.182230843419177e-5 389 4 1 0.156 4 0.008298409028428565 2.132527
true 4.719470132669157e-5 59 4 1 0.157 1 0.008541334732802826 0.106138
true 1.5430831589613447e-5 355 4 1 0.157 2 0.008541334732802826 0.8239398
true 5.391244997582367e-5 333 4 1 0.157 3 0.008541334732802826 1.2171494
true 7.012206067491533e-5 1436 4 1 0.157 4 0.008541334732802826 5.6651178
true 4.9029402229616714e-5 51 4 1 0.158 1 0.008791139577714067 0.1026476
true 0.00010826737386898655 756 4 1 0.158 2 0.008791139577714067 1.6131939
true 1.5698008054287893e-5 264 4 1 0.158 3 0.008791139577714067 0.9992371
true 6.780199122258246e-6 663 4 1 0.158 4 0.008791139577714067 3.0475394
true 5.1321711377727564e-5 55 4 1 0.159 1 0.009048017298230123 0.1001938
true 0.001122918896509395 144 4 1 0.159 2 0.009048017298230123 0.3977752
true 0.0001500261366368938 239 4 1 0.159 3 0.009048017298230123 0.9630182
true 1.0181304044232231e-5 1341 4 1 0.159 4 0.009048017298230123 5.1486675
true 5.424498316658477e-5 52 4 1 0.16 1 0.009312166724123666 0.0923273
true 0.0011959531448644256 201 4 1 0.16 2 0.009312166724123666 0.5201335
true 0.0011711455203290422 245 4 1 0.16 3 0.009312166724123666 0.9905895
true 7.903759759175788e-6 631 4 1 0.16 4 0.009312166724123666 2.7494206
true 5.624470914011859e-5 44 4 1 0.161 1 0.009583791846906636 0.0872012
true 0.0011985117915658816 160 4 1 0.161 2 0.009583791846906636 0.4098496
true 5.508358738631758e-5 274 4 1 0.161 3 0.009583791846906636 1.0382256
true 0.0003808001234323344 485 4 1 0.161 4 0.009583791846906636 2.4466417
true 5.84057998920251e-5 55 4 1 0.162 1 0.009863101883838654 0.1044237
true 0.00010046335180552424 340 4 1 0.162 2 0.009863101883838654 0.8124858
true 0.0010154321608488726 261 4 1 0.162 3 0.009863101883838654 1.1347284
true 2.1133945445173108e-5 927 4 1 0.162 4 0.009863101883838654 3.738512
true 6.1018684886449126e-5 52 4 1 0.163 1 0.010150311339641352 0.0949275
true 0.0013392228692160613 158 4 1 0.163 2 0.010150311339641352 0.4017916
true 0.00013465348830948853 405 4 1 0.163 3 0.010150311339641352 1.4375017
true 1.4481029933011147e-5 379 4 1 0.163 4 0.010150311339641352 2.026022
true 6.399449686400605e-5 51 4 1 0.164 1 0.010445640065597388 0.0975117
true 0.0013663941231546461 132 4 1 0.164 2 0.010445640065597388 0.3657419
true 6.473888093916358e-5 811 4 1 0.164 3 0.010445640065597388 2.6219916
true 4.488315724027192e-6 418 4 1 0.164 4 0.010445640065597388 2.0242535
true 6.71167316472765e-5 52 4 1 0.165 1 0.010749313316355258 0.0998737
true 1.5091457674976105e-5 209 4 1 0.165 2 0.010749313316355258 0.5242269
true 4.9126913314212484e-5 722 4 1 0.165 3 0.010749313316355258 2.3781955
true 1.8910263559435148e-5 1024 4 1 0.165 4 0.010749313316355258 4.0045065
true 6.95241443136041e-5 50 4 1 0.166 1 0.011061561804181242 0.0894354
true 0.001435006514708348 139 4 1 0.166 2 0.011061561804181242 0.3942119
true 1.642964953690873e-5 797 4 1 0.166 3 0.011061561804181242 2.5170034
true 8.905431945649411e-6 463 4 1 0.166 4 0.011061561804181242 2.2290829
true 7.299975794000657e-5 49 4 1 0.167 1 0.011382621750958381 0.0940246
true 0.0014979432544158233 179 4 1 0.167 2 0.011382621750958381 0.480695
true 0.0006113778185304342 295 4 1 0.167 3 0.011382621750958381 1.0615394
true 0.00015785776267168705 429 4 1 0.167 4 0.011382621750958381 2.1766789
true 7.607508349222192e-5 47 4 1 0.168 1 0.011712734937713137 0.0925027
true 9.173632201270321e-5 321 4 1 0.168 2 0.011712734937713137 0.7394457
true 2.425332575406447e-5 533 4 1 0.168 3 0.011712734937713137 1.6910793
true 9.27760964686275e-6 805 4 1 0.168 4 0.011712734937713137 3.2708838
true 7.901225380846366e-5 54 4 1 0.169 1 0.012052148751843045 0.0992162
true 0.00012412800187100448 369 4 1 0.169 2 0.012052148751843045 0.8672434
true 0.00013045449009613241 631 4 1 0.169 3 0.012052148751843045 2.0934053
true 1.3644925945133224e-5 434 4 1 0.169 4 0.012052148751843045 2.0995397
true 8.275009407859857e-5 63 4 1 0.17 1 0.012401116232128213 0.1089302
true 0.0001381089902496857 201 4 1 0.17 2 0.012401116232128213 0.4813487
true 6.312027685451138e-5 418 4 1 0.17 3 0.012401116232128213 1.4500622
true 2.1842432304519654e-6 979 4 1 0.17 4 0.012401116232128213 3.9262967
true 8.650715060104508e-5 56 4 1 0.171 1 0.012759896111542827 0.1044601
true 0.001595875239246869 214 4 1 0.171 2 0.012759896111542827 0.5288574
true 0.0003029274337432719 272 4 1 0.171 3 0.012759896111542827 1.0005285
true 4.4393816944099385e-5 876 4 1 0.171 4 0.012759896111542827 3.7313754
true 8.994744019064083e-5 49 4 1 0.172 1 0.013128752858475716 0.0971308
true 0.001788917197496298 134 4 1 0.172 2 0.013128752858475716 0.3348982
true 6.260545289304975e-5 225 4 1 0.172 3 0.013128752858475716 0.8578898
true 1.053597346367674e-5 731 4 1 0.172 4 0.013128752858475716 3.1065356
true 9.431875819554403e-5 65 4 1 0.173 1 0.013507956715577214 0.1171943
true 1.7613709069275174e-5 314 4 1 0.173 2 0.013507956715577214 0.7034792
true 7.9850228145939e-5 832 4 1 0.173 3 0.013507956715577214 2.4680076
true 5.246032825145797e-6 664 4 1 0.173 4 0.013507956715577214 2.8846828
true 9.811819157179436e-5 58 4 1 0.174 1 0.013897783737844616 0.099623
true 0.0001894118569129022 541 4 1 0.174 2 0.013897783737844616 1.1718022
true 9.098373875859878e-6 482 4 1 0.174 3 0.013897783737844616 1.5720803
true 3.903564052265551e-5 818 4 1 0.174 4 0.013897783737844616 3.4031269
true 0.0001027816595473019 56 4 1 0.175 1 0.014298515829243665 0.096004
true 0.00013894294120037065 261 4 1 0.175 2 0.014298515829243665 0.6294288
true 5.541605651160353e-5 809 4 1 0.175 3 0.014298515829243665 2.4748661
true 1.7466326278636757e-6 759 4 1 0.175 4 0.014298515829243665 3.065183
true 0.00010719905715650402 58 4 1 0.176 1 0.014710440778673329 0.1081074
true 6.949877377815383e-5 418 4 1 0.176 2 0.014710440778673329 0.9269584
true 9.279631184799797e-5 278 4 1 0.176 3 0.014710440778673329 1.015996
true 1.8370624862984464e-6 626 4 1 0.176 4 0.014710440778673329 2.6439274
true 0.00011168693639712624 53 4 1 0.177 1 0.015133852295712928 0.1017641
true 0.0020622420719088597 162 4 1 0.177 2 0.015133852295712928 0.4233409
true 0.00014307511223782265 548 4 1 0.177 3 0.015133852295712928 1.7101744
true 8.98748479539746e-5 437 4 1 0.177 4 0.015133852295712928 2.044522
true 0.00011631339150419695 59 4 1 0.178 1 0.015569050046368863 0.11168
true 0.00014918747557229883 437 4 1 0.178 2 0.015569050046368863 1.0304579
true 4.821228662760246e-5 559 4 1 0.178 3 0.015569050046368863 1.8351284
true 5.051566083213999e-7 1032 4 1 0.178 4 0.015569050046368863 4.121537
true 0.00012145125460277795 51 4 1 0.179 1 0.016016339689456052 0.1026519
true 0.002204451596249102 151 4 1 0.179 2 0.016016339689456052 0.3884654
true 6.137658403332358e-5 263 4 1 0.179 3 0.016016339689456052 1.1163076
true 1.0403663908253868e-5 1066 4 1 0.179 4 0.016016339689456052 4.3127022
true 0.00012689017825623372 55 4 1 0.18 1 0.01647603291411175 0.097677
true 2.1596436270365782e-5 325 4 1 0.18 2 0.01647603291411175 0.7887298
true 5.8316312362582945e-5 1393 4 1 0.18 3 0.01647603291411175 4.1939262
true 1.3611190561646502e-5 1316 4 1 0.18 4 0.01647603291411175 5.228163