changes = Time vs nsites = 4 vs nqubits0 vs h vs nlayers

g_converged min_loss iter nsites nqubits0 h nlayers SvN time
true 5.281778180377117e-7 60 4 1 0.0 1 0.0 0.09
true 7.168492105469326e-8 130 4 1 0.0 2 0.0 0.32
true 3.420171257317861e-8 258 4 1 0.0 3 0.0 0.93
true 0.0001378204201605282 345 4 1 0.0 4 0.0 1.7
true 8.0236321392535e-8 71 4 2 0.0 1 0.0 0.09
true 3.7524766183238967e-7 178 4 2 0.0 2 0.0 0.4
true 2.8045984436314564e-5 289 4 2 0.0 3 0.0 1.03
true 1.2728124819810782e-5 1328 4 2 0.0 4 0.0 4.85
true 5.702096830077311e-7 71 4 3 0.0 1 0.0 0.1
true 1.7867854508931322e-7 161 4 3 0.0 2 0.0 0.41
true 6.92687355196379e-5 338 4 3 0.0 3 0.0 1.16
true 4.280966428275394e-6 671 4 3 0.0 4 0.0 2.83
true 6.291447748468793e-7 82 4 4 0.0 1 0.0 0.13
true 4.5129807919874754e-7 295 4 4 0.0 2 0.0 0.65
true 2.526820356563153e-7 426 4 4 0.0 3 0.0 1.37
true 1.6794510073511737e-5 419 4 4 0.0 4 0.0 2.08
true 9.746363849316708e-8 58 4 1 0.02 1 1.5519341457791147e-8 0.08
true 1.5285427412692343e-7 192 4 1 0.02 2 1.5519341457791147e-8 0.45
true 5.837806293929049e-8 247 4 1 0.02 3 1.5519341457791147e-8 0.91
true 1.3296445264265877e-5 359 4 1 0.02 4 1.5519341457791147e-8 1.7
true 4.925171350200763e-7 83 4 2 0.02 1 1.5519341457791147e-8 0.15
true 3.1711401160539054e-7 147 4 2 0.02 2 1.5519341457791147e-8 0.39
true 2.3332787710272918e-7 357 4 2 0.02 3 1.5519341457791147e-8 1.16
true 7.392525727289989e-6 521 4 2 0.02 4 1.5519341457791147e-8 2.4
true 0.3333335377536577 63 4 3 0.02 1 1.5519341457791147e-8 0.09
true 7.091917513616745e-7 387 4 3 0.02 2 1.5519341457791147e-8 0.86
true 7.27925654692152e-6 449 4 3 0.02 3 1.5519341457791147e-8 1.45
true 1.8749506600449866e-6 1088 4 3 0.02 4 1.5519341457791147e-8 4.37
true 8.317861923679004e-7 96 4 4 0.02 1 1.5519341457791147e-8 0.13
true 4.4650088869280236e-7 323 4 4 0.02 2 1.5519341457791147e-8 0.75
true 2.4939219628317133e-7 316 4 4 0.02 3 1.5519341457791147e-8 1.14
true 1.7441259769213069e-6 525 4 4 0.02 4 1.5519341457791147e-8 2.29
true 2.7188548668011236e-7 64 4 1 0.04 1 5.221054521751489e-7 0.11
true 3.8408094504838175e-7 150 4 1 0.04 2 5.221054521751489e-7 0.37
true 1.5455528051822043e-7 230 4 1 0.04 3 5.221054521751489e-7 0.85
true 8.147948710734987e-5 308 4 1 0.04 4 5.221054521751489e-7 1.56
true 1.037797341729707e-6 62 4 2 0.04 1 5.221054521751489e-7 0.09
true 3.7405057323747215e-7 161 4 2 0.04 2 5.221054521751489e-7 0.4
true 4.5600372286513924e-7 575 4 2 0.04 3 5.221054521751489e-7 1.77
true 2.806442841202239e-6 441 4 2 0.04 4 5.221054521751489e-7 2.11
true 7.017354261747618e-7 68 4 3 0.04 1 5.221054521751489e-7 0.1
true 1.077080930241466e-6 280 4 3 0.04 2 5.221054521751489e-7 0.64
true 1.2582143754732064e-5 283 4 3 0.04 3 5.221054521751489e-7 1.06
true 3.938159405617962e-7 579 4 3 0.04 4 5.221054521751489e-7 2.48
true 5.673414984058711e-7 81 4 4 0.04 1 5.221054521751489e-7 0.12
true 1.6661901119929823e-7 180 4 4 0.04 2 5.221054521751489e-7 0.45
true 1.0781138199827955e-5 407 4 4 0.04 3 5.221054521751489e-7 1.52
true 6.655568778171639e-6 1026 4 4 0.04 4 5.221054521751489e-7 4.05
true 3.3438201196833717e-7 49 4 1 0.06 1 3.2712639605332464e-5 0.09
true 2.4080447542096373e-6 179 4 1 0.06 2 3.2712639605332464e-5 0.44
true 2.4011588919403692e-6 223 4 1 0.06 3 3.2712639605332464e-5 0.87
true 2.2839780958738842e-6 722 4 1 0.06 4 3.2712639605332464e-5 2.96
true 1.6681328747214508e-6 61 4 2 0.06 1 3.2712639605332464e-5 0.12
true 2.3316210259749504e-6 150 4 2 0.06 2 3.2712639605332464e-5 0.41
true 9.838589858868207e-6 338 4 2 0.06 3 3.2712639605332464e-5 1.17
true 6.479872857900748e-6 514 4 2 0.06 4 3.2712639605332464e-5 2.51
true 0.3333336714959028 74 4 3 0.06 1 3.2712639605332464e-5 0.11
true 2.8222462480353983e-6 250 4 3 0.06 2 3.2712639605332464e-5 0.59
true 1.4741418438897942e-6 327 4 3 0.06 3 3.2712639605332464e-5 1.15
true 2.1224104433540763e-5 374 4 3 0.06 4 3.2712639605332464e-5 1.9
true 0.25000097634345736 84 4 4 0.06 1 3.2712639605332464e-5 0.13
true 1.9187087699351624e-6 364 4 4 0.06 2 3.2712639605332464e-5 0.86
true 2.211288332013006e-6 369 4 4 0.06 3 3.2712639605332464e-5 1.31
true 2.9184670817680725e-5 1078 4 4 0.06 4 3.2712639605332464e-5 4.36
true 5.091128235101827e-7 52 4 1 0.08 1 0.00031555771092967207 0.09
true 2.717186578815589e-5 142 4 1 0.08 2 0.00031555771092967207 0.37
true 3.3387508414639555e-6 251 4 1 0.08 3 0.00031555771092967207 0.94
true 3.113046131042463e-6 426 4 1 0.08 4 0.00031555771092967207 1.99
true 1.542239221541397e-5 78 4 2 0.08 1 0.00031555771092967207 0.11
true 8.505167344352582e-6 173 4 2 0.08 2 0.00031555771092967207 0.48
true 4.3936930685106734e-6 581 4 2 0.08 3 0.00031555771092967207 1.82
true 2.0263258017266805e-5 808 4 2 0.08 4 0.00031555771092967207 3.14
true 2.020790353422323e-5 121 4 3 0.08 1 0.00031555771092967207 0.18
true 1.879345852876894e-5 350 4 3 0.08 2 0.00031555771092967207 0.79
true 1.1711071300287331e-5 401 4 3 0.08 3 0.00031555771092967207 1.35
true 2.4472943302415267e-5 451 4 3 0.08 4 0.00031555771092967207 2.2
true 0.2500155539147895 66 4 4 0.08 1 0.00031555771092967207 0.12
true 1.429958413044774e-5 291 4 4 0.08 2 0.00031555771092967207 0.7
true 5.236952331925948e-5 322 4 4 0.08 3 0.00031555771092967207 1.19
true 1.0544380722177227e-5 447 4 4 0.08 4 0.00031555771092967207 2.18
true 2.4764750989336726e-6 57 4 1 0.1 1 0.0012584685665444728 0.09
true 0.00012428087417276634 172 4 1 0.1 2 0.0012584685665444728 0.43
true 7.041534453650078e-5 264 4 1 0.1 3 0.0012584685665444728 1.06
true 3.4987973147049267e-6 546 4 1 0.1 4 0.0012584685665444728 2.46
true 6.70021292139833e-5 69 4 2 0.1 1 0.0012584685665444728 0.11
true 7.710412862449445e-5 184 4 2 0.1 2 0.0012584685665444728 0.46
true 8.576597429205135e-5 292 4 2 0.1 3 0.0012584685665444728 1.13
true 8.097070424295527e-5 610 4 2 0.1 4 0.0012584685665444728 2.88
true 8.78793677597615e-5 82 4 3 0.1 1 0.0012584685665444728 0.13
true 0.0001231208246270469 171 4 3 0.1 2 0.0012584685665444728 0.44
true 0.00010628336249827545 453 4 3 0.1 3 0.0012584685665444728 1.55
true 9.007212244614242e-5 706 4 3 0.1 4 0.0012584685665444728 2.99
true 0.25006619780228095 58 4 4 0.1 1 0.0012584685665444728 0.1
true 0.00010008658183925656 319 4 4 0.1 2 0.0012584685665444728 0.76
true 9.312959855063696e-5 473 4 4 0.1 3 0.0012584685665444728 1.53
true 0.00010553968928984914 756 4 4 0.1 4 0.0012584685665444728 3.34
true 8.456680326562882e-6 50 4 1 0.12 1 0.002857451366537061 0.08
true 0.000316942045007651 117 4 1 0.12 2 0.002857451366537061 0.31
true 3.657398178152915e-5 232 4 1 0.12 3 0.002857451366537061 0.94
true 0.0003385874430177349 657 4 1 0.12 4 0.002857451366537061 2.88
true 0.00016460897541992203 64 4 2 0.12 1 0.002857451366537061 0.1
true 0.0003192256420189721 175 4 2 0.12 2 0.002857451366537061 0.44
true 5.800998277144531e-5 263 4 2 0.12 3 0.002857451366537061 0.98
true 0.00010683943766093273 437 4 2 0.12 4 0.002857451366537061 2.08
true 0.3333360608913605 70 4 3 0.12 1 0.002857451366537061 0.11
true 0.0003164132868080742 256 4 3 0.12 2 0.002857451366537061 0.6
true 0.00017789748996312657 333 4 3 0.12 3 0.002857451366537061 1.19
true 0.0001242188319463914 677 4 3 0.12 4 0.002857451366537061 2.9
true 0.25000610888280256 64 4 4 0.12 1 0.002857451366537061 0.11
true 0.0003964762001534977 328 4 4 0.12 2 0.002857451366537061 0.79
true 0.00015669033610581085 378 4 4 0.12 3 0.002857451366537061 1.3
true 0.0001365841754185082 499 4 4 0.12 4 0.002857451366537061 2.26
true 2.2111526691348526e-5 48 4 1 0.14 1 0.005207607228596099 0.13
true 0.0006008009129645497 137 4 1 0.14 2 0.005207607228596099 0.34
true 6.248208569148428e-6 227 4 1 0.14 3 0.005207607228596099 0.88
true 1.37166826841284e-7 377 4 1 0.14 4 0.005207607228596099 1.83
true 0.00032310687980821595 66 4 2 0.14 1 0.005207607228596099 0.09
true 0.0006108678520878874 251 4 2 0.14 2 0.005207607228596099 0.59
true 0.00022197527637093928 273 4 2 0.14 3 0.005207607228596099 1.05
true 0.00021734929142983028 894 4 2 0.14 4 0.005207607228596099 3.66
true 0.00042556445101684287 85 4 3 0.14 1 0.005207607228596099 0.13
true 0.00041416043275612396 322 4 3 0.14 2 0.005207607228596099 0.73
true 1.6252746828648856e-5 794 4 3 0.14 3 0.005207607228596099 2.45
true 0.00025500184439158913 1087 4 3 0.14 4 0.005207607228596099 4.26
true 0.00032760316837718295 84 4 4 0.14 1 0.005207607228596099 0.14
true 0.0005102670442880125 172 4 4 0.14 2 0.005207607228596099 0.48
true 9.122960989753348e-5 856 4 4 0.14 3 0.005207607228596099 2.69
true 0.00033303367205188283 839 4 4 0.14 4 0.005207607228596099 3.61
true 5.3389662685865424e-5 63 4 1 0.16 1 0.009312166724123666 0.09
true 0.0012400866898134022 153 4 1 0.16 2 0.009312166724123666 0.42
true 2.4776981336183113e-5 565 4 1 0.16 3 0.009312166724123666 1.74
true 8.213955828617614e-6 385 4 1 0.16 4 0.009312166724123666 1.84
true 0.0006242888107950151 75 4 2 0.16 1 0.009312166724123666 0.11
true 0.0006295326780006161 271 4 2 0.16 2 0.009312166724123666 0.62
true 0.00013274745495328588 291 4 2 0.16 3 0.009312166724123666 1.11
true 5.038807805624046e-5 752 4 2 0.16 4 0.009312166724123666 3.22
true 0.0008175347054911741 85 4 3 0.16 1 0.009312166724123666 0.12
true 0.0007974497011616714 371 4 3 0.16 2 0.009312166724123666 0.85
true 0.0003171868273469565 257 4 3 0.16 3 0.009312166724123666 0.98
true 2.4193516513208262e-5 541 4 3 0.16 4 0.009312166724123666 2.45
true 0.25003412695116844 78 4 4 0.16 1 0.009312166724123666 0.13
true 0.0008246266847314054 238 4 4 0.16 2 0.009312166724123666 0.58
true 0.0009017151838335846 488 4 4 0.16 3 0.009312166724123666 1.69
true 0.00032676029478974356 473 4 4 0.16 4 0.009312166724123666 2.35
true 0.0001266480586035179 67 4 1 0.18 1 0.01647603291411175 0.1
true 9.993552516723847e-5 235 4 1 0.18 2 0.01647603291411175 0.55
true 3.868529565498324e-5 680 4 1 0.18 3 0.01647603291411175 2.23
true 2.0344949155315373e-5 1232 4 1 0.18 4 0.01647603291411175 4.75
true 0.0012006779218804997 63 4 2 0.18 1 0.01647603291411175 0.09
true 7.632145300720539e-5 850 4 2 0.18 2 0.01647603291411175 1.82
true 4.5200162209824146e-5 629 4 2 0.18 3 0.01647603291411175 1.97
true 0.0001865323153526499 1294 4 2 0.18 4 0.01647603291411175 5.02
true 0.0015681682860326784 210 4 3 0.18 1 0.01647603291411175 0.3
true 0.0021402372313519082 221 4 3 0.18 2 0.01647603291411175 0.52
true 0.0012346041721895868 280 4 3 0.18 3 0.01647603291411175 1.04
true 3.960414296531415e-5 1322 4 3 0.18 4 0.01647603291411175 5.01
true 0.2511668532028562 68 4 4 0.18 1 0.01647603291411175 0.11
true 0.0015634600290028722 219 4 4 0.18 2 0.01647603291411175 0.55
true 2.9789784923184293e-5 696 4 4 0.18 3 0.01647603291411175 2.2
true 4.0360363764174734e-5 1730 4 4 0.18 4 0.01647603291411175 6.61
true 0.0002918171421440463 50 4 1 0.2 1 0.028809882776728333 0.09
true 0.0002530424560699407 276 4 1 0.2 2 0.028809882776728333 0.66
true 7.016916921009919e-6 622 4 1 0.2 3 0.028809882776728333 1.9
true 2.9140323878351637e-6 910 4 1 0.2 4 0.028809882776728333 3.62
true 0.002300995992173427 72 4 2 0.2 1 0.028809882776728333 0.1
true 0.00037739263261180045 288 4 2 0.2 2 0.028809882776728333 0.65
true 0.002085281284247037 815 4 2 0.2 3 0.028809882776728333 2.39
true 5.122104763116697e-5 1293 4 2 0.2 4 0.028809882776728333 5.06
true 0.0029972827285388672 122 4 3 0.2 1 0.028809882776728333 0.18
true 0.00010588307182407553 409 4 3 0.2 2 0.028809882776728333 0.93
true 2.9378004076670756e-5 1278 4 3 0.2 3 0.028809882776728333 3.95
true 3.232814604518334e-5 1339 4 3 0.2 4 0.028809882776728333 5.28
true 0.002371211394691472 75 4 4 0.2 1 0.028809882776728333 0.13
true 0.00286176481604572 281 4 4 0.2 2 0.028809882776728333 0.68
true 3.800855289985694e-5 1054 4 4 0.2 3 0.028809882776728333 3.24
true 1.3418742408580209e-5 958 4 4 0.2 4 0.028809882776728333 3.76
true 0.0006461681179489309 63 4 1 0.22 1 0.04938099268332533 0.09
true 0.00014379800128661024 173 4 1 0.22 2 0.04938099268332533 0.43
true 6.685913183590575e-6 647 4 1 0.22 3 0.04938099268332533 1.9
true 1.640351728893208e-6 703 4 1 0.22 4 0.04938099268332533 3.01
true 0.0043663440730550285 73 4 2 0.22 1 0.04938099268332533 0.1
true 8.404001701095565e-5 572 4 2 0.22 2 0.04938099268332533 1.19
true 0.0004213776637773392 1065 4 2 0.22 3 0.04938099268332533 3.09
true 9.062269554466207e-6 1217 4 2 0.22 4 0.04938099268332533 4.63
true 0.00567067616655705 65 4 3 0.22 1 0.04938099268332533 0.1
true 0.008469800255167137 414 4 3 0.22 2 0.04938099268332533 0.93
true 4.358931707413675e-5 965 4 3 0.22 3 0.04938099268332533 2.94
true 0.00014820939429362653 2591 4 3 0.22 4 0.04938099268332533 9.75
true 0.25419791044894813 63 4 4 0.22 1 0.04938099268332533 0.11
true 0.00017760141909708982 572 4 4 0.22 2 0.04938099268332533 1.3
true 0.0043081954031839315 921 4 4 0.22 3 0.04938099268332533 2.88
true 0.0003319074607796846 1346 4 4 0.22 4 0.04938099268332533 5.14
true 0.0013667110438047025 59 4 1 0.24 1 0.08188079160576314 0.1
true 0.015555056261070066 179 4 1 0.24 2 0.08188079160576314 0.46
true 4.029445864306425e-6 386 4 1 0.24 3 0.08188079160576314 1.3
true 2.1674804319693486e-6 709 4 1 0.24 4 0.08188079160576314 3.13
true 0.008093292372567451 72 4 2 0.24 1 0.08188079160576314 0.1
true 0.00014894423898753617 494 4 2 0.24 2 0.08188079160576314 1.08
true 0.0002047534196615297 744 4 2 0.24 3 0.08188079160576314 2.34
true 2.318262448178232e-5 828 4 2 0.24 4 0.08188079160576314 3.26
true 0.33363892245317867 57 4 3 0.24 1 0.08188079160576314 0.08
true 0.0003110078125935778 501 4 3 0.24 2 0.08188079160576314 1.16
true 0.005108410681477123 753 4 3 0.24 3 0.08188079160576314 2.38
true 4.0034651410595736e-5 1376 4 3 0.24 4 0.08188079160576314 5.24
true 0.2577358230057466 71 4 4 0.24 1 0.08188079160576314 0.11
true 0.00031776556482536467 348 4 4 0.24 2 0.08188079160576314 0.84
true 0.00016690922006101783 457 4 4 0.24 3 0.08188079160576314 1.51
true 0.0001720496081385331 921 4 4 0.24 4 0.08188079160576314 3.64
true 0.0027430747886720286 57 4 1 0.26 1 0.1297967786166197 0.09
true 0.000427686823320117 262 4 1 0.26 2 0.1297967786166197 0.58
true 0.0002769356640368592 540 4 1 0.26 3 0.1297967786166197 1.69
true 1.5206618514396197e-7 536 4 1 0.26 4 0.1297967786166197 2.29
true 0.014465244992053539 81 4 2 0.26 1 0.1297967786166197 0.12
true 0.0002699686454044059 442 4 2 0.26 2 0.1297967786166197 0.98
true 0.001373876529262602 2460 4 2 0.26 3 0.1297967786166197 6.96
true 2.7616643082456482e-5 928 4 2 0.26 4 0.1297967786166197 3.64
true 0.3339330362699717 57 4 3 0.26 1 0.1297967786166197 0.09
true 0.0005296646506933363 268 4 3 0.26 2 0.1297967786166197 0.61
true 0.00019340145660188637 1516 4 3 0.26 3 0.1297967786166197 4.53
true 0.00012283984487426736 971 4 3 0.26 4 0.1297967786166197 3.83
true 0.2518644219820164 63 4 4 0.26 1 0.1297967786166197 0.1
true 0.0005502513790675706 657 4 4 0.26 2 0.1297967786166197 1.56
true 0.0003765476520053018 3549 4 4 0.26 3 0.1297967786166197 10.46
true 1.825484984517567e-5 860 4 4 0.26 4 0.1297967786166197 3.43
true 0.005214780611440928 119 4 1 0.28 1 0.1955000413843353 0.17
true 0.0008077150121680865 266 4 1 0.28 2 0.1955000413843353 0.6
true 2.7549594145415135e-6 893 4 1 0.28 3 0.1955000413843353 2.76
true 7.154425502586825e-7 587 4 1 0.28 4 0.1955000413843353 2.61
true 0.024765508435089845 81 4 2 0.28 1 0.1955000413843353 0.11
true 0.00047637841839812123 296 4 2 0.28 2 0.1955000413843353 0.67
true 0.0021624796711584016 905 4 2 0.28 3 0.1955000413843353 2.69
true 2.3323098069349957e-5 2069 4 2 0.28 4 0.1955000413843353 7.95
true 0.03180621217440075 62 4 3 0.28 1 0.1955000413843353 0.1
true 0.03194486266161258 409 4 3 0.28 2 0.1955000413843353 0.95
true 8.081545933815344e-5 786 4 3 0.28 3 0.1955000413843353 2.55
true 0.000668430150213765 1455 4 3 0.28 4 0.1955000413843353 5.6
true 0.026141587335727495 81 4 4 0.28 1 0.1955000413843353 0.12
true 0.0008977402381384336 299 4 4 0.28 2 0.1955000413843353 0.69
true 6.83993287301371e-5 582 4 4 0.28 3 0.1955000413843353 1.88
true 0.000239844909377937 1634 4 4 0.28 4 0.1955000413843353 6.1
true 0.009289045671725282 60 4 1 0.3 1 0.27725966462546564 0.09
true 0.06922958695582121 319 4 1 0.3 2 0.27725966462546564 0.76
true 0.00016955940840357453 955 4 1 0.3 3 0.27725966462546564 2.7
true 7.475343188900752e-8 511 4 1 0.3 4 0.27725966462546564 2.36
true 0.04017690704799842 71 4 2 0.3 1 0.27725966462546564 0.1
true 0.0007884366397669651 521 4 2 0.3 2 0.27725966462546564 1.1
true 0.00011335911130386234 1000 4 2 0.3 3 0.27725966462546564 2.94
true 0.00012597321371909942 645 4 2 0.3 4 0.27725966462546564 2.73
true 0.05134855479416387 62 4 3 0.3 1 0.27725966462546564 0.1
true 0.05151037472422263 463 4 3 0.3 2 0.27725966462546564 1.06
true 0.026372259870635184 1310 4 3 0.3 3 0.27725966462546564 3.82
true 9.41631334974898e-5 1127 4 3 0.3 4 0.27725966462546564 4.28
true 0.04268663552532616 84 4 4 0.3 1 0.27725966462546564 0.12
true 0.03937743566298897 235 4 4 0.3 2 0.27725966462546564 0.57
true 8.168050135752558e-5 718 4 4 0.3 3 0.27725966462546564 2.19
true 0.0009176780332707385 1735 4 4 0.3 4 0.27725966462546564 6.71
true 0.015317395358361852 66 4 1 0.32 1 0.3673031991535092 0.09
true 0.002277293249013601 404 4 1 0.32 2 0.3673031991535092 0.88
true 1.4837393095268325e-6 538 4 1 0.32 3 0.3673031991535092 1.62
true 1.2978817565123535e-7 528 4 1 0.32 4 0.3673031991535092 2.45
true 0.06102517166230775 94 4 2 0.32 1 0.3673031991535092 0.13
true 0.0012210418075245255 186 4 2 0.32 2 0.3673031991535092 0.45
true 0.006798753706980243 970 4 2 0.32 3 0.3673031991535092 2.87
true 4.862201759187057e-6 1507 4 2 0.32 4 0.3673031991535092 5.57
true 0.3363202474055247 75 4 3 0.32 1 0.3673031991535092 0.12
true 0.0020010552845135345 344 4 3 0.32 2 0.3673031991535092 0.8
true 9.035871029576074e-5 454 4 3 0.32 3 0.3673031991535092 1.47
true 5.251219268141242e-5 3182 4 3 0.32 4 0.3673031991535092 12.1
true 0.3055556694986662 72 4 4 0.32 1 0.3673031991535092 0.12
true 0.0018609717303686851 306 4 4 0.32 2 0.3673031991535092 0.73
true 0.0009390792689987632 1678 4 4 0.32 3 0.3673031991535092 4.98
true 0.0015326348142853663 1447 4 4 0.32 4 0.3673031991535092 5.51
true 0.02320797478204273 61 4 1 0.34 1 0.4534331841925793 0.11
true 0.003319707960553031 371 4 1 0.34 2 0.4534331841925793 0.8
true 1.0697265932446687e-5 925 4 1 0.34 3 0.4534331841925793 2.78
true 1.241008018570966e-7 439 4 1 0.34 4 0.4534331841925793 1.95
true 0.08611033466179085 65 4 2 0.34 1 0.4534331841925793 0.1
true 0.0017377037602342993 385 4 2 0.34 2 0.4534331841925793 0.87
true 0.009421498446990584 1258 4 2 0.34 3 0.4534331841925793 3.63
true 5.589007915085542e-6 837 4 2 0.34 4 0.4534331841925793 3.35
true 0.33751646494291965 81 4 3 0.34 1 0.4534331841925793 0.12
true 0.002688804027177749 294 4 3 0.34 2 0.4534331841925793 0.7
true 8.289853132396423e-5 369 4 3 0.34 3 0.4534331841925793 1.31
true 0.00045814376121896167 474 4 3 0.34 4 0.4534331841925793 2.25
true 0.09283960308736172 84 4 4 0.34 1 0.4534331841925793 0.14
true 0.0023511526353247048 267 4 4 0.34 2 0.4534331841925793 0.63
true 7.319812527913083e-5 899 4 4 0.34 3 0.4534331841925793 2.83
true 0.0008325781647242902 1068 4 4 0.34 4 0.4534331841925793 4.33
true 0.03233992307641664 50 4 1 0.36 1 0.5242078864035358 0.08
true 0.004407578148999336 374 4 1 0.36 2 0.5242078864035358 0.86
true 1.0618932321682095e-5 747 4 1 0.36 3 0.5242078864035358 2.31
true 1.0609008194162328e-7 530 4 1 0.36 4 0.5242078864035358 2.25
true 0.11275158801527296 55 4 2 0.36 1 0.5242078864035358 0.08
true 0.002271568246450001 544 4 2 0.36 2 0.5242078864035358 1.17
true 9.022973723593619e-5 840 4 2 0.36 3 0.5242078864035358 2.5
true 9.878527605367005e-7 1357 4 2 0.36 4 0.5242078864035358 5.28
true 0.14130395043962943 123 4 3 0.36 1 0.5242078864035358 0.18
true 0.0033452316240577353 196 4 3 0.36 2 0.5242078864035358 0.51
true 0.06935549090497785 717 4 3 0.36 3 0.5242078864035358 2.24
true 0.0002358030036966885 523 4 3 0.36 4 0.5242078864035358 2.32
true 0.12260597365463756 120 4 4 0.36 1 0.5242078864035358 0.18
true 0.002773943134930165 227 4 4 0.36 2 0.5242078864035358 0.59
true 0.00011151120358258992 829 4 4 0.36 3 0.5242078864035358 2.47
true 0.00015104263203677415 1753 4 4 0.36 4 0.5242078864035358 6.63
true 0.0418538565876847 57 4 1 0.38 1 0.5738898971784198 0.09
true 0.005396485678922314 146 4 1 0.38 2 0.5738898971784198 0.37
true 0.0009172622869783043 745 4 1 0.38 3 0.5738898971784198 2.34
true 2.4629490621430605e-6 468 4 1 0.38 4 0.5738898971784198 2.15
true 0.13781332872947138 92 4 2 0.38 1 0.5738898971784198 0.13
true 0.13367605170358624 473 4 2 0.38 2 0.5738898971784198 1.06
true 0.013852104569298779 1018 4 2 0.38 3 0.5738898971784198 2.97
true 2.1375116490696122e-6 1088 4 2 0.38 4 0.5738898971784198 4.09
true 0.1712291381708917 62 4 3 0.38 1 0.5738898971784198 0.1
true 0.003906212372903987 410 4 3 0.38 2 0.5738898971784198 0.97
true 0.08416303167747814 1038 4 3 0.38 3 0.5738898971784198 3.04
true 4.9794916718174744e-5 2012 4 3 0.38 4 0.5738898971784198 7.43
true 0.151252447242119 81 4 4 0.38 1 0.5738898971784198 0.13
true 0.2513445307132075 302 4 4 0.38 2 0.5738898971784198 0.71
true 5.122527358190909e-5 870 4 4 0.38 3 0.5738898971784198 2.67
true 0.0001374867766229665 1051 4 4 0.38 4 0.5738898971784198 4.1
true 0.051074747581988045 49 4 1 0.4 1 0.6032626509160969 0.07
true 0.0062046867383300786 166 4 1 0.4 2 0.6032626509160969 0.4
true 8.597914286090358e-7 701 4 1 0.4 3 0.6032626509160969 2.06
true 4.478090083082087e-6 497 4 1 0.4 4 0.6032626509160969 2.26
true 0.158970952041273 87 4 2 0.4 1 0.6032626509160969 0.12
true 0.14592990187358684 259 4 2 0.4 2 0.6032626509160969 0.6
true 4.205123834336022e-5 585 4 2 0.4 3 0.6032626509160969 1.85
true 1.4892650251896455e-7 1327 4 2 0.4 4 0.6032626509160969 4.94
true 0.19557673317817012 68 4 3 0.4 1 0.6032626509160969 0.11
true 0.004352355813936652 334 4 3 0.4 2 0.6032626509160969 0.79
true 5.899492817392401e-5 962 4 3 0.4 3 0.6032626509160969 2.81
true 6.0851450945013465e-5 1100 4 3 0.4 4 0.6032626509160969 4.3
true 0.2803160520651487 82 4 4 0.4 1 0.6032626509160969 0.13
true 0.003384968482830833 340 4 4 0.4 2 0.6032626509160969 0.78
true 0.003221876005327237 625 4 4 0.4 3 0.6032626509160969 2.01
true 2.3379637358308947e-5 3581 4 4 0.4 4 0.6032626509160969 13.15
true 0.059718428836926685 132 4 1 0.42 1 0.6168497726156195 0.2
true 0.006817934751687793 268 4 1 0.42 2 0.6168497726156195 0.65
true 7.540695181718071e-6 791 4 1 0.42 3 0.6168497726156195 2.32
true 1.4711597700611811e-6 368 4 1 0.42 4 0.6168497726156195 1.75
true 0.175293710645344 66 4 2 0.42 1 0.6168497726156195 0.09
true 0.0034513710591171365 293 4 2 0.42 2 0.6168497726156195 0.65
true 0.01870010592861515 741 4 2 0.42 3 0.6168497726156195 2.27
true 1.7813889487683365e-6 1118 4 2 0.42 4 0.6168497726156195 4.27
true 0.21321197817848292 72 4 3 0.42 1 0.6168497726156195 0.1
true 0.004693791117088046 385 4 3 0.42 2 0.6168497726156195 0.89
true 6.636483383472742e-5 270 4 3 0.42 3 0.6168497726156195 1.02
true 2.332438268267308e-5 987 4 3 0.42 4 0.6168497726156195 3.91
true 0.19543222975605368 104 4 4 0.42 1 0.6168497726156195 0.15
true 0.0035960494115715724 583 4 4 0.42 2 0.6168497726156195 1.39
true 5.813653268206542e-5 422 4 4 0.42 3 0.6168497726156195 1.44
true 2.276576359223903e-5 725 4 4 0.42 4 0.6168497726156195 3.0
true 0.06781150096487087 58 4 1 0.44 1 0.6197629413526827 0.1
true 0.007261846418071705 226 4 1 0.44 2 0.6197629413526827 0.51
true 6.719642884345234e-6 1424 4 1 0.44 3 0.6197629413526827 3.97
true 3.629922504799765e-7 454 4 1 0.44 4 0.6197629413526827 2.08
true 0.1869964894079395 68 4 2 0.44 1 0.6197629413526827 0.1
true 0.003673589591315529 212 4 2 0.44 2 0.6197629413526827 0.51
true 0.02298929357838489 416 4 2 0.44 3 0.6197629413526827 1.46
true 4.059447898663304e-7 807 4 2 0.44 4 0.6197629413526827 3.19
true 0.22443009081072238 77 4 3 0.44 1 0.6197629413526827 0.11
true 0.00494893893658771 571 4 3 0.44 2 0.6197629413526827 1.31
true 0.0001296662247278387 1384 4 3 0.44 3 0.6197629413526827 3.98
true 1.5980990869672123e-5 1706 4 3 0.44 4 0.6197629413526827 6.37
true 0.2068637319981116 85 4 4 0.44 1 0.6197629413526827 0.13
true 0.0037613237614051165 715 4 4 0.44 2 0.6197629413526827 1.62
true 0.0006306209728605405 1001 4 4 0.44 3 0.6197629413526827 2.97
true 1.1932933006983393e-5 2906 4 4 0.44 4 0.6197629413526827 10.59
true 0.07551718955411979 58 4 1 0.46 1 0.6160458563573982 0.09
true 0.0075714166835085805 160 4 1 0.46 2 0.6160458563573982 0.42
true 0.001834534455704917 524 4 1 0.46 3 0.6160458563573982 1.65
true 2.5866146702302473e-7 388 4 1 0.46 4 0.6160458563573982 1.92
true 0.19484184418285425 55 4 2 0.46 1 0.6160458563573982 0.08
true 0.0038325286233249767 287 4 2 0.46 2 0.6160458563573982 0.66
true 0.004253708170781134 559 4 2 0.46 3 0.6160458563573982 1.76
true 6.02597030940899e-6 1289 4 2 0.46 4 0.6160458563573982 4.9
true 0.23022097586361934 76 4 3 0.46 1 0.6160458563573982 0.11
true 0.005136574621697383 167 4 3 0.46 2 0.6160458563573982 0.46
true 0.00011938582349093248 1539 4 3 0.46 3 0.6160458563573982 4.47
true 0.0025553708271978115 1407 4 3 0.46 4 0.6160458563573982 5.3
true 0.20050922791630987 80 4 4 0.46 1 0.6160458563573982 0.12
true 0.06669940257429903 262 4 4 0.46 2 0.6160458563573982 0.65
true 4.562229621019043e-5 724 4 4 0.46 3 0.6160458563573982 2.22
true 3.0154808655272203e-5 2023 4 4 0.46 4 0.6160458563573982 7.65
true 0.08301091263725346 48 4 1 0.48 1 0.6083694839555642 0.07
true 0.0077751722263041945 190 4 1 0.48 2 0.6083694839555642 0.49
true 8.184184574822062e-5 1463 4 1 0.48 3 0.6083694839555642 4.15
true 2.561088678021406e-6 511 4 1 0.48 4 0.6083694839555642 2.26
true 0.19966346760666215 70 4 2 0.48 1 0.6083694839555642 0.1
true 0.14020918415967923 349 4 2 0.48 2 0.6083694839555642 0.77
true 0.02334202771905272 891 4 2 0.48 3 0.6083694839555642 2.59
true 3.957481194166723e-6 708 4 2 0.48 4 0.6083694839555642 3.24
true 0.2609179398326731 66 4 3 0.48 1 0.6083694839555642 0.1
true 0.005269896912680649 277 4 3 0.48 2 0.6083694839555642 0.66
true 0.00016521772432903647 1581 4 3 0.48 3 0.6083694839555642 4.59
true 8.8679491503559e-6 821 4 3 0.48 4 0.6083694839555642 3.36
true 0.19280647548738772 97 4 4 0.48 1 0.6083694839555642 0.15
true 0.003986935519467952 295 4 4 0.48 2 0.6083694839555642 0.72
true 0.00035125662893355225 643 4 4 0.48 3 0.6083694839555642 2.04
true 4.068121880362874e-5 3620 4 4 0.48 4 0.6083694839555642 13.28
true 0.09042085373805764 53 4 1 0.5 1 0.5983249863531529 0.1
true 0.007894322079102012 272 4 1 0.5 2 0.5983249863531529 0.62
true 2.5369248699558256e-6 1636 4 1 0.5 3 0.5983249863531529 4.62
true 7.641691532889183e-7 404 4 1 0.5 4 0.5983249863531529 2.0
true 0.20214912103961877 71 4 2 0.5 1 0.5983249863531529 0.11
true 0.004010940612091479 234 4 2 0.5 2 0.5983249863531529 0.58
true 0.024570777604088878 837 4 2 0.5 3 0.5983249863531529 2.49
true 8.352143124334965e-8 1091 4 2 0.5 4 0.5983249863531529 4.11
true 0.2481191151443972 62 4 3 0.5 1 0.5983249863531529 0.1
true 0.005354412782970904 222 4 3 0.5 2 0.5983249863531529 0.55
true 4.2106247452045054e-5 942 4 3 0.5 3 0.5983249863531529 2.91
true 7.636296600314433e-6 1097 4 3 0.5 4 0.5983249863531529 4.32
true 0.18466301158745635 157 4 4 0.5 1 0.5983249863531529 0.21
true 0.004050516368775153 627 4 4 0.5 2 0.5983249863531529 1.5
true 0.00013316060947228536 2418 4 4 0.5 3 0.5983249863531529 7.12
true 1.2614692140061612e-5 1934 4 4 0.5 4 0.5983249863531529 7.51
true 0.09782423274825558 56 4 1 0.52 1 0.5868107723568018 0.08
true 0.007942746418218738 355 4 1 0.52 2 0.5868107723568018 0.8
true 1.4194960774593923e-6 1568 4 1 0.52 3 0.5868107723568018 4.48
true 7.10687267924115e-8 473 4 1 0.52 4 0.5868107723568018 2.1
true 0.20280179446616792 80 4 2 0.52 1 0.5868107723568018 0.11
true 0.004046140988151065 228 4 2 0.52 2 0.5868107723568018 0.55
true 0.025024373213851703 984 4 2 0.52 3 0.5868107723568018 3.08
true 0.00019162198668387642 977 4 2 0.52 4 0.5868107723568018 3.82
true 0.23644292497314026 57 4 3 0.52 1 0.5868107723568018 0.09
true 0.0053975769522891515 528 4 3 0.52 2 0.5868107723568018 1.24
true 0.0001811410203020706 2929 4 3 0.52 3 0.5868107723568018 8.73
true 0.00012867625907275748 1580 4 3 0.52 4 0.5868107723568018 6.15
true 0.17643805132133122 98 4 4 0.52 1 0.5868107723568018 0.15
true 0.004086894184912079 236 4 4 0.52 2 0.5868107723568018 0.59
true 5.0738531852279056e-5 747 4 4 0.52 3 0.5868107723568018 2.3
true 5.302273598775664e-5 2154 4 4 0.52 4 0.5868107723568018 8.07
true 0.10525380375734239 67 4 1 0.54 1 0.5743296695059446 0.1
true 0.007929730125168843 302 4 1 0.54 2 0.5743296695059446 0.67
true 2.308448997034862e-5 482 4 1 0.54 3 0.5743296695059446 1.48
true 1.3895479749614914e-6 390 4 1 0.54 4 0.5743296695059446 1.85
true 0.20196512410434186 135 4 2 0.54 1 0.5743296695059446 0.18
true 0.004050733926688588 287 4 2 0.54 2 0.5743296695059446 0.66
true 0.026607120349604302 529 4 2 0.54 3 0.5743296695059446 1.61
true 4.865810517840075e-7 1302 4 2 0.54 4 0.5743296695059446 5.1
true 0.2194976298062621 80 4 3 0.54 1 0.5743296695059446 0.12
true 0.005401994621777521 190 4 3 0.54 2 0.5743296695059446 0.49
true 0.0005167543274989065 966 4 3 0.54 3 0.5743296695059446 2.89
true 0.002246825709488587 755 4 3 0.54 4 0.5743296695059446 3.09
true 0.31075283475604476 74 4 4 0.54 1 0.5743296695059446 0.13
true 0.004094821849076821 734 4 4 0.54 2 0.5743296695059446 1.75
true 0.0004692246310148557 836 4 4 0.54 3 0.5743296695059446 2.56
true 0.00017173955958574294 2308 4 4 0.54 4 0.5743296695059446 9.03
true 0.11271779244098262 76 4 1 0.56 1 0.5611752507606665 0.13
true 0.007862914825100598 268 4 1 0.56 2 0.5611752507606665 0.62
true 7.392745662304634e-7 397 4 1 0.56 3 0.5611752507606665 1.38
true 2.5954202814704175e-7 398 4 1 0.56 4 0.5611752507606665 1.84
true 0.20554745902760146 72 4 2 0.56 1 0.5611752507606665 0.11
true 0.004029569660797455 247 4 2 0.56 2 0.5611752507606665 0.55
true 1.2918462743677361e-5 840 4 2 0.56 3 0.5611752507606665 2.53
true 0.00016643871968607948 573 4 2 0.56 4 0.5611752507606665 2.54
true 0.2118767029474419 54 4 3 0.56 1 0.5611752507606665 0.08
true 0.005372747477343916 236 4 3 0.56 2 0.5611752507606665 0.63
true 0.0001669458557663206 460 4 3 0.56 3 0.5611752507606665 1.5
true 7.0960636583887e-5 1447 4 3 0.56 4 0.5611752507606665 5.49
true 0.16035600895855948 134 4 4 0.56 1 0.5611752507606665 0.2
true 0.004077181456552156 264 4 4 0.56 2 0.5611752507606665 0.62
true 0.00010999139009784664 746 4 4 0.56 3 0.5611752507606665 2.32
true 0.00023006899449939944 496 4 4 0.56 4 0.5611752507606665 2.29
true 0.12020467963201575 64 4 1 0.58 1 0.5475360323215799 0.09
true 0.007748587132360818 165 4 1 0.58 2 0.5475360323215799 0.44
true 5.34526920964451e-6 1305 4 1 0.58 3 0.5475360323215799 3.88
true 1.4786529467514242e-7 436 4 1 0.58 4 0.5475360323215799 2.13
true 0.19663604788547925 77 4 2 0.58 1 0.5475360323215799 0.11
true 0.003982802739876223 264 4 2 0.58 2 0.5475360323215799 0.59
true 2.0004593648786928e-5 507 4 2 0.58 3 0.5475360323215799 1.64
true 5.158642676222902e-6 1733 4 2 0.58 4 0.5475360323215799 6.39
true 0.2030555345828373 66 4 3 0.58 1 0.5475360323215799 0.1
true 0.005311147773627123 247 4 3 0.58 2 0.5475360323215799 0.58
true 0.0003259421640453379 1627 4 3 0.58 3 0.5475360323215799 4.87
true 0.00012752231903194003 2191 4 3 0.58 4 0.5475360323215799 8.0
true 0.15264958980537818 105 4 4 0.58 1 0.5475360323215799 0.15
true 0.004036193457651507 461 4 4 0.58 2 0.5475360323215799 1.06
true 0.0002072864265813823 1902 4 4 0.58 3 0.5475360323215799 5.55
true 2.8472317306085793e-5 1995 4 4 0.58 4 0.5475360323215799 7.49
true 0.12769460211667438 54 4 1 0.6 1 0.533549180191324 0.09
true 0.007592670613463803 165 4 1 0.6 2 0.533549180191324 0.41
true 0.0009292529366961566 450 4 1 0.6 3 0.533549180191324 1.49
true 1.3444007860297091e-6 380 4 1 0.6 4 0.533549180191324 1.87
true 0.19233785658699548 63 4 2 0.6 1 0.533549180191324 0.09
true 0.003914996543042948 343 4 2 0.6 2 0.533549180191324 0.74
true 0.0003140119484767723 795 4 2 0.6 3 0.533549180191324 2.52
true 6.714516659345193e-8 1195 4 2 0.6 4 0.533549180191324 4.98
true 0.1935436247172675 55 4 3 0.6 1 0.533549180191324 0.08
true 0.005220434523562412 359 4 3 0.6 2 0.533549180191324 0.85
true 0.00017866597714623808 705 4 3 0.6 3 0.533549180191324 2.1
true 2.143073116800398e-5 2937 4 3 0.6 4 0.533549180191324 10.99
true 0.1452148165231874 80 4 4 0.6 1 0.533549180191324 0.13
true 0.003976162068741823 479 4 4 0.6 2 0.533549180191324 1.09
true 0.0001703491246182881 771 4 4 0.6 3 0.533549180191324 2.44
true 0.00233801385737252 899 4 4 0.6 4 0.533549180191324 3.67
true 0.1351633377411059 63 4 1 0.62 1 0.5193262561278011 0.12
true 0.00740191667357093 253 4 1 0.62 2 0.5193262561278011 0.62
true 1.6673111097875726e-6 882 4 1 0.62 3 0.5193262561278011 3.04
true 7.232087467778925e-8 474 4 1 0.62 4 0.5193262561278011 2.56
true 0.1881722348882625 64 4 2 0.62 1 0.5193262561278011 0.09
true 0.10087087768558514 431 4 2 0.62 2 0.5193262561278011 1.13
true 0.028304364688512218 849 4 2 0.62 3 0.5193262561278011 2.89
true 4.9139979051981975e-6 1620 4 2 0.62 4 0.5193262561278011 5.92
true 0.18408139283124295 70 4 3 0.62 1 0.5193262561278011 0.1
true 0.005105548717549702 378 4 3 0.62 2 0.5193262561278011 0.87
true 0.00017921282932807184 2160 4 3 0.62 3 0.5193262561278011 6.25
true 0.000390303847428312 1750 4 3 0.62 4 0.5193262561278011 6.83
true 0.13807346411019458 120 4 4 0.62 1 0.5193262561278011 0.17
true 0.2500642110986908 271 4 4 0.62 2 0.5193262561278011 0.66
true 3.753737115468059e-5 325 4 4 0.62 3 0.5193262561278011 1.18
true 0.00014324331552462155 767 4 4 0.62 4 0.5193262561278011 3.27
true 0.1425855770692147 63 4 1 0.64 1 0.5049645940759805 0.09
true 0.007182268274395609 194 4 1 0.64 2 0.5049645940759805 0.47
true 0.0009440151950153575 513 4 1 0.64 3 0.5049645940759805 1.64
true 1.3393759301649766e-7 478 4 1 0.64 4 0.5049645940759805 2.23
true 0.1804606081286043 78 4 2 0.64 1 0.5049645940759805 0.11
true 0.003727500336498324 268 4 2 0.64 2 0.5049645940759805 0.65
true 0.029468181579869607 834 4 2 0.64 3 0.5049645940759805 2.49
true 7.510894593509843e-5 577 4 2 0.64 4 0.5049645940759805 2.72
true 0.17497645660376518 71 4 3 0.64 1 0.5049645940759805 0.1
true 0.004970239245944512 298 4 3 0.64 2 0.5049645940759805 0.7
true 0.0003417808332020396 854 4 3 0.64 3 0.5049645940759805 2.67
true 5.507305639436873e-6 1992 4 3 0.64 4 0.5049645940759805 7.59
true 0.13123583810555287 81 4 4 0.64 1 0.5049645940759805 0.12
true 0.003794950706905678 299 4 4 0.64 2 0.5049645940759805 0.73
true 0.00022299903786041075 454 4 4 0.64 3 0.5049645940759805 1.61
true 0.00013807040279667504 1702 4 4 0.64 4 0.5049645940759805 6.44
true 0.14993816973226975 56 4 1 0.66 1 0.49055177436486347 0.09
true 0.006939573399351084 240 4 1 0.66 2 0.49055177436486347 0.52
true 1.3693390044089426e-5 886 4 1 0.66 3 0.49055177436486347 2.69
true 3.5018522370755534e-7 387 4 1 0.66 4 0.49055177436486347 1.89
true 0.17272115963110546 80 4 2 0.66 1 0.49055177436486347 0.11
true 0.09106538055840843 354 4 2 0.66 2 0.49055177436486347 0.79
true 0.033705236346025846 802 4 2 0.66 3 0.49055177436486347 2.41
true 1.041600152795752e-6 683 4 2 0.66 4 0.49055177436486347 2.91
true 0.16627756892487752 57 4 3 0.66 1 0.49055177436486347 0.09
true 0.004817502953715154 212 4 3 0.66 2 0.49055177436486347 0.52
true 5.727491117735184e-5 1479 4 3 0.66 3 0.49055177436486347 4.4
true 1.2110796161960794e-5 2428 4 3 0.66 4 0.49055177436486347 8.87
true 0.12471003957342064 102 4 4 0.66 1 0.49055177436486347 0.15
true 0.003683486458090038 368 4 4 0.66 2 0.49055177436486347 0.84
true 0.00022547152659571634 2461 4 4 0.66 3 0.49055177436486347 7.42
true 0.0026002710922978928 1693 4 4 0.66 4 0.49055177436486347 6.47
true 0.15719911909780293 57 4 1 0.68 1 0.4761670391572981 0.09
true 0.006679859442791147 164 4 1 0.68 2 0.4761670391572981 0.41
true 2.5990152768273767e-6 951 4 1 0.68 3 0.4761670391572981 2.84
true 2.6048163159764215e-7 369 4 1 0.68 4 0.4761670391572981 1.73
true 0.16416113373319402 72 4 2 0.68 1 0.4761670391572981 0.11
true 0.0034881562540349242 255 4 2 0.68 2 0.4761670391572981 0.61
true 0.00036897587425399614 401 4 2 0.68 3 0.4761670391572981 1.33
true 9.275371929962084e-7 703 4 2 0.68 4 0.4761670391572981 2.99
true 0.15799337262852745 71 4 3 0.68 1 0.4761670391572981 0.11
true 0.004651706651338998 340 4 3 0.68 2 0.4761670391572981 0.83
true 5.202731148290507e-5 1008 4 3 0.68 3 0.4761670391572981 3.06
true 0.002258496745282094 614 4 3 0.68 4 0.4761670391572981 2.71
true 0.1184955272798264 73 4 4 0.68 1 0.4761670391572981 0.11
true 0.003562550618752061 623 4 4 0.68 2 0.4761670391572981 1.46
true 3.777463920603963e-5 935 4 4 0.68 3 0.4761670391572981 2.92
true 7.013324333425552e-5 2899 4 4 0.68 4 0.4761670391572981 11.11
true 0.1643497012514673 72 4 1 0.7 1 0.46188152135118604 0.1
true 0.0064076978741746116 181 4 1 0.7 2 0.46188152135118604 0.46
true 7.057207110916508e-7 609 4 1 0.7 3 0.46188152135118604 1.94
true 7.250978067974145e-8 454 4 1 0.7 4 0.46188152135118604 2.26
true 0.1559291542916396 67 4 2 0.7 1 0.46188152135118604 0.1
true 0.003356357848611602 237 4 2 0.7 2 0.46188152135118604 0.57
true 0.028893604894466518 1296 4 2 0.7 3 0.46188152135118604 3.75
true 0.000160387898736708 603 4 2 0.7 4 0.46188152135118604 2.55
true 0.1501239542986416 57 4 3 0.7 1 0.46188152135118604 0.09
true 0.06030449120087918 297 4 3 0.7 2 0.46188152135118604 0.73
true 0.00018406488880199726 550 4 3 0.7 3 0.46188152135118604 1.74
true 7.80897277763426e-6 2608 4 3 0.7 4 0.46188152135118604 9.68
true 0.11259322219919146 76 4 4 0.7 1 0.46188152135118604 0.12
true 0.0034314445261068027 292 4 4 0.7 2 0.46188152135118604 0.69
true 5.117938642518194e-5 1048 4 4 0.7 3 0.46188152135118604 3.13
true 0.00013361108976492342 1659 4 4 0.7 4 0.46188152135118604 6.18
true 0.16449115206103304 67 4 1 0.72 1 0.4477581467864862 0.1
true 0.006127971800552856 167 4 1 0.72 2 0.4477581467864862 0.41
true 3.793088908521369e-7 598 4 1 0.72 3 0.4477581467864862 1.88
true 9.78795771655605e-8 482 4 1 0.72 4 0.4477581467864862 2.16
true 0.14812098359271578 64 4 2 0.72 1 0.4477581467864862 0.09
true 0.003218768368638547 363 4 2 0.72 2 0.4477581467864862 0.83
true 0.028805762089111703 969 4 2 0.72 3 0.4477581467864862 2.91
true 1.6839052197070714e-6 1260 4 2 0.72 4 0.4477581467864862 4.93
true 0.14266393534146293 82 4 3 0.72 1 0.4477581467864862 0.12
true 0.004291831666899911 684 4 3 0.72 2 0.4477581467864862 1.56
true 6.330825150333934e-5 1127 4 3 0.72 3 0.4477581467864862 3.48
true 0.00013349357734297276 633 4 3 0.72 4 0.4477581467864862 2.64
true 0.10699785326207677 122 4 4 0.72 1 0.4477581467864862 0.18
true 0.0032955074150847474 283 4 4 0.72 2 0.4477581467864862 0.68
true 0.03434351217534665 616 4 4 0.72 3 0.4477581467864862 1.98
true 0.0013672968385836787 2207 4 4 0.72 4 0.4477581467864862 8.36
true 0.15610683995109326 72 4 1 0.74 1 0.433851572131634 0.12
true 0.005845072801675122 216 4 1 0.74 2 0.433851572131634 0.5
true 3.684512049351163e-6 1219 4 1 0.74 3 0.433851572131634 3.49
true 1.136957132163996e-6 682 4 1 0.74 4 0.433851572131634 2.91
true 0.14073028175936864 92 4 2 0.74 1 0.433851572131634 0.13
true 0.07424165229155569 181 4 2 0.74 2 0.433851572131634 0.45
true 4.776687178628669e-5 657 4 2 0.74 3 0.433851572131634 2.05
true 0.00012887111932066708 675 4 2 0.74 4 0.433851572131634 2.85
true 0.1356037436077447 63 4 3 0.74 1 0.433851572131634 0.1
true 0.004104730787454418 322 4 3 0.74 2 0.433851572131634 0.76
true 0.00021718394526002807 1412 4 3 0.74 3 0.433851572131634 4.25
true 6.991472147186799e-5 2648 4 3 0.74 4 0.433851572131634 9.86
true 0.10170275513553861 84 4 4 0.74 1 0.433851572131634 0.13
true 0.0031562394397476046 307 4 4 0.74 2 0.433851572131634 0.74
true 0.0003138440870028292 824 4 4 0.74 3 0.433851572131634 2.59
true 1.50995297393125e-5 2443 4 4 0.74 4 0.433851572131634 9.16
true 0.14817840847073044 68 4 1 0.76 1 0.4202082855607151 0.1
true 0.005562469178424456 377 4 1 0.76 2 0.4202082855607151 0.85
true 3.758868471481769e-7 572 4 1 0.76 3 0.4202082855607151 1.77
true 1.8798018575072462e-7 797 4 1 0.76 4 0.4202082855607151 3.45
true 0.13374316201173755 64 4 2 0.76 1 0.4202082855607151 0.11
true 0.002936597784006706 451 4 2 0.76 2 0.4202082855607151 0.97
true 0.0003563997619805137 1411 4 2 0.76 3 0.4202082855607151 4.19
true 6.0134759040930685e-6 1654 4 2 0.76 4 0.4202082855607151 6.44
true 0.12893169192417944 76 4 3 0.76 1 0.4202082855607151 0.11
true 0.003915709761279011 352 4 3 0.76 2 0.4202082855607151 0.81
true 0.0003069465282617423 807 4 3 0.76 3 0.4202082855607151 2.42
true 0.0015240661579468684 2170 4 3 0.76 4 0.4202082855607151 8.08
true 0.09669879215840743 153 4 4 0.76 1 0.4202082855607151 0.21
true 0.0030144294602241217 303 4 4 0.76 2 0.4202082855607151 0.73
true 4.047268058846032e-5 859 4 4 0.76 3 0.4202082855607151 2.57
true 0.0014628855271396624 1366 4 4 0.76 4 0.4202082855607151 5.37
true 0.1406924862944921 56 4 1 0.78 1 0.4068668907949228 0.09
true 0.005281888446860394 173 4 1 0.78 2 0.4068668907949228 0.43
true 4.269160127301497e-6 299 4 1 0.78 3 0.4068668907949228 1.03
true 6.624252997800006e-7 390 4 1 0.78 4 0.4068668907949228 1.91
true 0.12714824788571422 92 4 2 0.78 1 0.4068668907949228 0.13
true 0.06710268601983652 329 4 2 0.78 2 0.4068668907949228 0.75
true 0.0002538327652562289 622 4 2 0.78 3 0.4068668907949228 1.88
true 3.452439004208996e-6 650 4 2 0.78 4 0.4068668907949228 2.85
true 0.12263416272413936 107 4 3 0.78 1 0.4068668907949228 0.15
true 0.003727492437113881 411 4 3 0.78 2 0.4068668907949228 0.92
true 0.0017679416331529512 767 4 3 0.78 3 0.4068668907949228 2.54
true 0.00017706244630496157 2004 4 3 0.78 4 0.4068668907949228 7.43
true 0.09197574269787485 99 4 4 0.78 1 0.4068668907949228 0.15
true 0.002872945215459638 390 4 4 0.78 2 0.4068668907949228 0.9
true 0.000248225186098322 1716 4 4 0.78 3 0.4068668907949228 5.12
true 7.969632741333665e-5 1405 4 4 0.78 4 0.4068668907949228 5.51
true 0.13363280697098412 52 4 1 0.8 1 0.3938585502319869 0.1
true 0.005007095021035302 204 4 1 0.8 2 0.3938585502319869 0.48
true 3.9811177032778033e-7 568 4 1 0.8 3 0.3938585502319869 1.81
true 8.624019730563148e-7 483 4 1 0.8 4 0.3938585502319869 2.11
true 0.12092958431984677 74 4 2 0.8 1 0.3938585502319869 0.1
true 0.0026557475600315072 271 4 2 0.8 2 0.3938585502319869 0.63
true 0.00024157048839190676 496 4 2 0.8 3 0.3938585502319869 1.62
true 9.733922164412157e-7 1083 4 2 0.8 4 0.3938585502319869 4.26
true 0.11669503131174003 91 4 3 0.8 1 0.3938585502319869 0.14
true 0.003541322670166306 256 4 3 0.8 2 0.3938585502319869 0.62
true 0.0003370435023605974 706 4 3 0.8 3 0.3938585502319869 2.24
true 1.7511715592092674e-5 1050 4 3 0.8 4 0.3938585502319869 4.38
true 0.08752199510211901 84 4 4 0.8 1 0.3938585502319869 0.12
true 0.002731990613173224 399 4 4 0.8 2 0.3938585502319869 0.92
true 4.562587209083757e-5 1038 4 4 0.8 3 0.3938585502319869 3.14
true 0.0011629644442479464 1907 4 4 0.8 4 0.3938585502319869 7.04
true 0.1269819789736853 50 4 1 0.82 1 0.38120754717639876 0.08
true 0.004739724286692615 208 4 1 0.82 2 0.38120754717639876 0.49
true 4.4303712457449684e-5 318 4 1 0.82 3 0.38120754717639876 1.13
true 7.80518139564812e-8 386 4 1 0.82 4 0.38120754717639876 1.83
true 0.11507075974132344 65 4 2 0.82 1 0.38120754717639876 0.1
true 0.0025220951395856506 342 4 2 0.82 2 0.38120754717639876 0.76
true 0.027885775975276944 915 4 2 0.82 3 0.38120754717639876 2.8
true 9.667186700951236e-6 671 4 2 0.82 4 0.38120754717639876 2.81
true 0.1111001769659528 66 4 3 0.82 1 0.38120754717639876 0.11
true 0.0033589729562467086 382 4 3 0.82 2 0.38120754717639876 0.86
true 0.00028913524466421075 1414 4 3 0.82 3 0.38120754717639876 4.26
true 1.826296991695268e-5 1740 4 3 0.82 4 0.38120754717639876 6.33
true 0.08332450056034589 95 4 4 0.82 1 0.38120754717639876 0.15
true 0.0025935295408098386 811 4 4 0.82 2 0.38120754717639876 1.86
true 0.00030626682223509893 964 4 4 0.82 3 0.38120754717639876 2.88
true 4.3361056791174635e-5 1146 4 4 0.82 4 0.38120754717639876 4.55
true 0.12072108533289533 54 4 1 0.84 1 0.36893192506274924 0.09
true 0.004480810824514181 220 4 1 0.84 2 0.36893192506274924 0.51
true 1.4103656365005435e-6 1115 4 1 0.84 3 0.36893192506274924 3.25
true 2.8645760337120407e-6 446 4 1 0.84 4 0.36893192506274924 2.23
true 0.10955262874522895 95 4 2 0.84 1 0.36893192506274924 0.14
true 0.057569402875705056 169 4 2 0.84 2 0.36893192506274924 0.43
true 0.00015923579617371786 499 4 2 0.84 3 0.36893192506274924 1.61
true 3.512523712057014e-6 1032 4 2 0.84 4 0.36893192506274924 3.94
true 0.1058305356218019 62 4 3 0.84 1 0.36893192506274924 0.09
true 0.003187854823264391 300 4 3 0.84 2 0.36893192506274924 0.69
true 4.6302563310396394e-5 680 4 3 0.84 3 0.36893192506274924 2.07
true 2.4536082410116695e-5 2348 4 3 0.84 4 0.36893192506274924 8.95
true 0.07937251845896325 116 4 4 0.84 1 0.36893192506274924 0.18
true 0.002458884036477038 394 4 4 0.84 2 0.36893192506274924 0.87
true 0.00023424210346331686 1548 4 4 0.84 3 0.36893192506274924 4.64
true 3.811746399882965e-5 2078 4 4 0.84 4 0.36893192506274924 7.77
true 0.1148303493221352 50 4 1 0.86 1 0.35704416557853136 0.08
true 0.004231737406585945 203 4 1 0.86 2 0.35704416557853136 0.49
true 0.0026152004750280566 366 4 1 0.86 3 0.35704416557853136 1.25
true 5.201070182314638e-7 453 4 1 0.86 4 0.35704416557853136 2.1
true 0.10435970373038461 69 4 2 0.86 1 0.35704416557853136 0.1
true 0.0022570665326637485 284 4 2 0.86 2 0.35704416557853136 0.63
true 1.9707783325467743e-5 1615 4 2 0.86 3 0.35704416557853136 4.67
true 6.779562616215928e-6 869 4 2 0.86 4 0.35704416557853136 3.39
true 0.10086948943221213 57 4 3 0.86 1 0.35704416557853136 0.09
true 0.003009372068767613 331 4 3 0.86 2 0.35704416557853136 0.75
true 3.605315078999046e-5 755 4 3 0.86 3 0.35704416557853136 2.49
true 8.608208180667838e-5 573 4 3 0.86 4 0.35704416557853136 2.49
true 0.07565230912124375 127 4 4 0.86 1 0.35704416557853136 0.19
true 0.0025100541735818965 430 4 4 0.86 2 0.35704416557853136 0.98
true 0.00021262439175834258 1377 4 4 0.86 3 0.35704416557853136 4.14
true 0.0001632733717344126 1614 4 4 0.86 4 0.35704416557853136 6.51
true 0.10929130518114422 107 4 1 0.88 1 0.34555187407953597 0.16
true 0.003993113874523724 174 4 1 0.88 2 0.34555187407953597 0.43
true 1.4875814519865749e-5 1158 4 1 0.88 3 0.34555187407953597 3.39
true 3.7395937357853626e-7 589 4 1 0.88 4 0.34555187407953597 2.44
true 0.09947379119239938 67 4 2 0.88 1 0.34555187407953597 0.1
true 0.0021327745191436487 226 4 2 0.88 2 0.34555187407953597 0.56
true 0.0020341329791901397 741 4 2 0.88 3 0.34555187407953597 2.31
true 5.418394823791806e-6 1786 4 2 0.88 4 0.34555187407953597 7.13
true 0.09620199619944686 68 4 3 0.88 1 0.34555187407953597 0.11
true 0.0028438240251154414 338 4 3 0.88 2 0.34555187407953597 0.77
true 0.0002607964636343607 1467 4 3 0.88 3 0.34555187407953597 4.26
true 0.0001465579545423997 1003 4 3 0.88 4 0.34555187407953597 3.93
true 0.07215162765735225 102 4 4 0.88 1 0.34555187407953597 0.15
true 0.0022007563317038153 558 4 4 0.88 2 0.34555187407953597 1.29
true 0.00021791217722622047 1841 4 4 0.88 3 0.34555187407953597 5.39
true 0.000980252756126912 769 4 4 0.88 4 0.34555187407953597 3.17
true 0.10408238734191338 54 4 1 0.9 1 0.3344584477916396 0.08
true 0.0037654291346894686 316 4 1 0.9 2 0.3344584477916396 0.7
true 2.189811321662294e-6 357 4 1 0.9 3 0.3344584477916396 1.23
true 1.357759435438588e-7 437 4 1 0.9 4 0.3344584477916396 2.16
true 0.09487773629054844 62 4 2 0.9 1 0.3344584477916396 0.09
true 0.0020138522695911376 361 4 2 0.9 2 0.3344584477916396 0.77
true 2.8744156347432215e-5 1096 4 2 0.9 3 0.3344584477916396 3.18
true 1.4225362569564304e-6 1442 4 2 0.9 4 0.3344584477916396 5.44
true 0.0918088327250472 110 4 3 0.9 1 0.3344584477916396 0.16
true 0.0026852334011892207 265 4 3 0.9 2 0.3344584477916396 0.63
true 0.028074106184062548 645 4 3 0.9 3 0.3344584477916396 2.02
true 0.001325936667037601 2717 4 3 0.9 4 0.3344584477916396 10.16
true 0.0688570966926756 64 4 4 0.9 1 0.3344584477916396 0.1
true 0.002079050488299386 383 4 4 0.9 2 0.3344584477916396 0.88
true 0.00022086470154043802 1508 4 4 0.9 3 0.3344584477916396 4.6
true 4.422039061520444e-5 2581 4 4 0.9 4 0.3344584477916396 9.57
true 0.09918618109159094 57 4 1 0.92 1 0.32376370904828605 0.09
true 0.0035491473547971664 272 4 1 0.92 2 0.32376370904828605 0.61
true 1.4323910823010877e-5 534 4 1 0.92 3 0.32376370904828605 1.77
true 1.251848769479036e-6 477 4 1 0.92 4 0.32376370904828605 2.21
true 0.09055286766896506 60 4 2 0.92 1 0.32376370904828605 0.09
true 0.04755115667536702 202 4 2 0.92 2 0.32376370904828605 0.49
true 7.408874809849975e-5 1998 4 2 0.92 3 0.32376370904828605 5.74
true 5.3639656124537805e-5 1529 4 2 0.92 4 0.32376370904828605 5.62
true 0.08767482747843404 81 4 3 0.92 1 0.32376370904828605 0.12
true 0.002534139886633313 270 4 3 0.92 2 0.32376370904828605 0.61
true 0.0001438867613890634 541 4 3 0.92 3 0.32376370904828605 1.78
true 0.00037086836075260016 1631 4 3 0.92 4 0.32376370904828605 6.33
true 0.06575703975836698 72 4 4 0.92 1 0.32376370904828605 0.11
true 0.0019656808773287487 376 4 4 0.92 2 0.32376370904828605 0.87
true 0.00021220467102268936 1070 4 4 0.92 3 0.32376370904828605 3.28
true 0.0005336069216171913 1252 4 4 0.92 4 0.32376370904828605 4.87
true 0.09458359019143603 45 4 1 0.94 1 0.313464491748325 0.09
true 0.003343632056389989 306 4 1 0.94 2 0.313464491748325 0.68
true 5.076186829211515e-7 814 4 1 0.94 3 0.313464491748325 2.4
true 3.3647235997413816e-7 936 4 1 0.94 4 0.313464491748325 3.89
true 0.08648419645963898 53 4 2 0.94 1 0.313464491748325 0.08
true 0.04537252196045194 325 4 2 0.94 2 0.313464491748325 0.74
true 3.434680327643602e-5 1167 4 2 0.94 3 0.313464491748325 3.39
true 9.698164466082071e-6 863 4 2 0.94 4 0.313464491748325 3.59
true 0.08378451420116473 92 4 3 0.94 1 0.313464491748325 0.13
true 0.0023894017067093896 239 4 3 0.94 2 0.313464491748325 0.58
true 0.00016431124983223855 513 4 3 0.94 3 0.313464491748325 1.64
true 0.0006038204917600728 1923 4 3 0.94 4 0.313464491748325 7.35
true 0.27364609290490627 94 4 4 0.94 1 0.313464491748325 0.15
true 0.0018529004252636344 546 4 4 0.94 2 0.313464491748325 1.2
true 0.0011991821961440108 899 4 4 0.94 3 0.313464491748325 2.86
true 5.802364941173699e-6 2157 4 4 0.94 4 0.313464491748325 8.11
true 0.09025605992756058 62 4 1 0.96 1 0.30355517414078803 0.1
true 0.0031498240713340175 168 4 1 0.96 2 0.30355517414078803 0.4
true 5.771364384177247e-7 1471 4 1 0.96 3 0.30355517414078803 4.23
true 6.855176899245308e-6 822 4 1 0.96 4 0.30355517414078803 3.22
true 0.0826555829859355 94 4 2 0.96 1 0.30355517414078803 0.13
true 0.0016893649282083978 370 4 2 0.96 2 0.30355517414078803 0.83
true 0.0016910888260863732 734 4 2 0.96 3 0.30355517414078803 2.2
true 6.492937487279082e-6 1821 4 2 0.96 4 0.30355517414078803 6.86
true 0.3634192630581805 62 4 3 0.96 1 0.30355517414078803 0.1
true 0.002252478126873588 358 4 3 0.96 2 0.30355517414078803 0.87
true 0.024596334367500028 603 4 3 0.96 3 0.30355517414078803 1.9
true 9.51141359860445e-5 2592 4 3 0.96 4 0.30355517414078803 9.44
true 0.060092863094646384 94 4 4 0.96 1 0.30355517414078803 0.15
true 0.0017464315220859367 504 4 4 0.96 2 0.30355517414078803 1.13
true 2.456271662581999e-5 950 4 4 0.96 3 0.30355517414078803 2.83
true 0.00013414106675822823 2214 4 4 0.96 4 0.30355517414078803 8.06
true 0.08618678416347142 54 4 1 0.98 1 0.2940281549265302 0.08
true 0.0029665656722479006 210 4 1 0.98 2 0.2940281549265302 0.54
true 2.963380754783529e-5 406 4 1 0.98 3 0.2940281549265302 1.33
true 1.5634773498085508e-7 811 4 1 0.98 4 0.2940281549265302 3.34
true 0.07905201173892917 69 4 2 0.98 1 0.2940281549265302 0.09
true 0.0015921724360004053 389 4 2 0.98 2 0.2940281549265302 0.93
true 0.00013477230932498752 631 4 2 0.98 3 0.2940281549265302 1.94
true 2.3156595978290895e-5 836 4 2 0.98 4 0.2940281549265302 3.4
true 0.07667365478497946 69 4 3 0.98 1 0.2940281549265302 0.11
true 0.002122996923701307 417 4 3 0.98 2 0.2940281549265302 0.97
true 0.00015025738496127206 537 4 3 0.98 3 0.2940281549265302 1.74
true 0.0010831156638692607 641 4 3 0.98 4 0.2940281549265302 2.72
true 0.057505185731570235 182 4 4 0.98 1 0.2940281549265302 0.26
true 0.0016583006316407967 295 4 4 0.98 2 0.2940281549265302 0.71
true 0.018661715440682833 941 4 4 0.98 3 0.2940281549265302 2.93
true 0.00021744458522622578 1577 4 4 0.98 4 0.2940281549265302 6.03
true 0.08235890401502849 47 4 1 1.0 1 0.28487427258540376 0.08
true 0.002793395512869057 450 4 1 1.0 2 0.28487427258540376 0.97
true 0.00218743615329714 717 4 1 1.0 3 0.28487427258540376 2.3
true 2.4865506997873155e-7 577 4 1 1.0 4 0.28487427258540376 2.53
true 0.07565871853584757 97 4 2 1.0 1 0.28487427258540376 0.15
true 0.0015003938043102738 688 4 2 1.0 2 0.28487427258540376 1.48
true 0.00010655889538147001 1759 4 2 1.0 3 0.28487427258540376 5.17
true 0.0021231841060037893 1308 4 2 1.0 4 0.28487427258540376 5.1
true 0.07342455281850803 89 4 3 1.0 1 0.28487427258540376 0.13
true 0.0020012945108999944 568 4 3 1.0 2 0.28487427258540376 1.25
true 3.8361906274875235e-5 667 4 3 1.0 3 0.28487427258540376 2.08
true 0.0007089629380794641 1390 4 3 1.0 4 0.28487427258540376 5.52
true 0.05506930307505217 91 4 4 1.0 1 0.28487427258540376 0.14
true 0.0015524606574605915 372 4 4 1.0 2 0.28487427258540376 0.89
true 0.00014237173826285587 621 4 4 1.0 3 0.28487427258540376 1.89
true 0.0007287299526215485 1481 4 4 1.0 4 0.28487427258540376 5.74