changes = Time vs nsites = 4 vs nqubits0 vs h vs nlayers

g_converged min_loss iter nsites nqubits0 h nlayers SvN time
true 1.6771252642211465e-7 57 4 1 0.0 1 0.0 0.08
true 2.5999222108552544e-8 141 4 1 0.0 2 0.0 0.39
true 5.4681546401980086e-8 259 4 1 0.0 3 0.0 1.04
true 7.992100120590706e-8 389 4 1 0.0 4 0.0 1.93
true 6.746489605857775e-7 72 4 2 0.0 1 0.0 0.1
true 5.347291306967428e-8 191 4 2 0.0 2 0.0 0.48
true 2.616426546780959e-6 532 4 2 0.0 3 0.0 1.78
true 4.06250086834592e-6 657 4 2 0.0 4 0.0 2.88
true 2.1533522772306432e-7 89 4 3 0.0 1 0.0 0.13
true 3.46540391012636e-8 239 4 3 0.0 2 0.0 0.58
true 3.9401051878569975e-6 658 4 3 0.0 3 0.0 2.32
true 1.0321691608361494e-5 852 4 3 0.0 4 0.0 3.55
true 6.428739111885573e-8 99 4 4 0.0 1 0.0 0.14
true 5.068624198967253e-7 259 4 4 0.0 2 0.0 0.64
true 3.0285997601464665e-7 333 4 4 0.0 3 0.0 1.23
true 8.838856002529871e-7 766 4 4 0.0 4 0.0 3.46
true 4.901471888918429e-7 51 4 1 0.02 1 1.5519341457791147e-8 0.09
true 1.6152880427666716e-7 130 4 1 0.02 2 1.5519341457791147e-8 0.36
true 4.663979712160593e-6 336 4 1 0.02 3 1.5519341457791147e-8 1.21
true 5.202737224374587e-8 514 4 1 0.02 4 1.5519341457791147e-8 2.7
true 3.613906038868464e-7 82 4 2 0.02 1 1.5519341457791147e-8 0.11
true 5.253060672838483e-7 241 4 2 0.02 2 1.5519341457791147e-8 0.58
true 2.418226632933118e-5 374 4 2 0.02 3 1.5519341457791147e-8 1.32
true 6.738647316539836e-7 777 4 2 0.02 4 1.5519341457791147e-8 3.5
true 0.33333348719134565 46 4 3 0.02 1 1.5519341457791147e-8 0.08
true 1.5810166739867644e-6 259 4 3 0.02 2 1.5519341457791147e-8 0.62
true 1.6744307131573895e-6 331 4 3 0.02 3 1.5519341457791147e-8 1.2
true 3.805204819732714e-5 1056 4 3 0.02 4 1.5519341457791147e-8 4.54
true 3.452732000863712e-7 101 4 4 0.02 1 1.5519341457791147e-8 0.16
true 2.0403822201253696e-7 210 4 4 0.02 2 1.5519341457791147e-8 0.53
true 1.4728956249376868e-6 359 4 4 0.02 3 1.5519341457791147e-8 1.33
true 6.721303044993077e-5 757 4 4 0.02 4 1.5519341457791147e-8 3.27
true 3.4956921685092013e-7 57 4 1 0.04 1 5.221054521751489e-7 0.11
true 3.8205577262973023e-7 197 4 1 0.04 2 5.221054521751489e-7 0.51
true 3.307253150230949e-7 234 4 1 0.04 3 5.221054521751489e-7 0.94
true 5.824584370928143e-7 472 4 1 0.04 4 5.221054521751489e-7 2.44
true 2.0011802104313858e-7 68 4 2 0.04 1 5.221054521751489e-7 0.11
true 3.0173682077916375e-7 220 4 2 0.04 2 5.221054521751489e-7 0.6
true 2.793252929289558e-6 434 4 2 0.04 3 5.221054521751489e-7 1.54
true 4.588127976046241e-6 743 4 2 0.04 4 5.221054521751489e-7 3.22
true 3.9574421602702375e-7 76 4 3 0.04 1 5.221054521751489e-7 0.12
true 2.806355082892361e-6 195 4 3 0.04 2 5.221054521751489e-7 0.51
true 6.479285656964724e-6 352 4 3 0.04 3 5.221054521751489e-7 1.31
true 1.5622645642273298e-5 432 4 3 0.04 4 5.221054521751489e-7 2.32
true 0.25000046387902725 101 4 4 0.04 1 5.221054521751489e-7 0.16
true 3.4773441419388984e-7 454 4 4 0.04 2 5.221054521751489e-7 1.09
true 3.9557160114167544e-7 329 4 4 0.04 3 5.221054521751489e-7 1.28
true 4.8806378699362e-6 921 4 4 0.04 4 5.221054521751489e-7 3.9
true 8.715439508977241e-8 61 4 1 0.06 1 3.2712639605332464e-5 0.09
true 5.722457533940961e-7 140 4 1 0.06 2 3.2712639605332464e-5 0.41
true 5.063871744148685e-7 274 4 1 0.06 3 3.2712639605332464e-5 1.07
true 9.1657966794223e-7 334 4 1 0.06 4 3.2712639605332464e-5 1.77
true 1.686050625143709e-6 67 4 2 0.06 1 3.2712639605332464e-5 0.11
true 2.4649150788258467e-6 214 4 2 0.06 2 3.2712639605332464e-5 0.56
true 1.583024406479061e-5 341 4 2 0.06 3 3.2712639605332464e-5 1.32
true 4.882730503530386e-7 415 4 2 0.06 4 3.2712639605332464e-5 2.21
true 2.402249267581998e-6 74 4 3 0.06 1 3.2712639605332464e-5 0.13
true 2.825030813243442e-6 260 4 3 0.06 2 3.2712639605332464e-5 0.65
true 1.8667192064891758e-6 348 4 3 0.06 3 3.2712639605332464e-5 1.36
true 4.3621798196206525e-6 555 4 3 0.06 4 3.2712639605332464e-5 2.67
true 1.6859977642474933e-6 86 4 4 0.06 1 3.2712639605332464e-5 0.14
true 1.6346581184351061e-6 221 4 4 0.06 2 3.2712639605332464e-5 0.58
true 2.2670291502796536e-6 318 4 4 0.06 3 3.2712639605332464e-5 1.32
true 8.669128223198763e-7 571 4 4 0.06 4 3.2712639605332464e-5 2.77
true 8.720901567560446e-7 55 4 1 0.08 1 0.00031555771092967207 0.08
true 2.1131442990540705e-5 136 4 1 0.08 2 0.00031555771092967207 0.4
true 6.773958383110568e-6 234 4 1 0.08 3 0.00031555771092967207 0.97
true 1.0724613408785721e-5 402 4 1 0.08 4 0.00031555771092967207 2.05
true 1.529568614438981e-5 69 4 2 0.08 1 0.00031555771092967207 0.1
true 3.1387015713146837e-6 179 4 2 0.08 2 0.00031555771092967207 0.46
true 1.4797890659640212e-5 327 4 2 0.08 3 0.00031555771092967207 1.22
true 1.8983312435327804e-6 374 4 2 0.08 4 0.00031555771092967207 2.12
true 1.991300408815677e-5 67 4 3 0.08 1 0.00031555771092967207 0.12
true 1.9565840069494616e-5 177 4 3 0.08 2 0.00031555771092967207 0.49
true 1.7228798291912817e-5 316 4 3 0.08 3 0.00031555771092967207 1.31
true 4.3620310999729446e-6 467 4 3 0.08 4 0.00031555771092967207 2.37
true 1.540535455010761e-5 115 4 4 0.08 1 0.00031555771092967207 0.17
true 2.08843751242499e-5 256 4 4 0.08 2 0.00031555771092967207 0.68
true 1.680612474308507e-5 642 4 4 0.08 3 0.00031555771092967207 2.12
true 7.052604782037397e-6 985 4 4 0.08 4 0.00031555771092967207 4.2
true 2.501517138320253e-6 55 4 1 0.1 1 0.0012584685665444728 0.12
true 0.00012495145874102942 141 4 1 0.1 2 0.0012584685665444728 0.41
true 0.00011295225069762882 226 4 1 0.1 3 0.0012584685665444728 0.89
true 9.301946855244658e-5 448 4 1 0.1 4 0.0012584685665444728 2.41
true 6.683254184991494e-5 74 4 2 0.1 1 0.0012584685665444728 0.11
true 0.00010423109933532793 177 4 2 0.1 2 0.0012584685665444728 0.46
true 7.94779222514086e-5 740 4 2 0.1 3 0.0012584685665444728 2.46
true 6.049851640138604e-5 499 4 2 0.1 4 0.0012584685665444728 2.36
true 8.797415785410934e-5 65 4 3 0.1 1 0.0012584685665444728 0.11
true 1.3144152922898536e-5 212 4 3 0.1 2 0.0012584685665444728 0.58
true 7.417401506615295e-5 431 4 3 0.1 3 0.0012584685665444728 1.47
true 4.786205314172287e-5 931 4 3 0.1 4 0.0012584685665444728 4.1
true 6.714317161347905e-5 77 4 4 0.1 1 0.0012584685665444728 0.14
true 9.351354236838971e-5 282 4 4 0.1 2 0.0012584685665444728 0.7
true 9.748119911411057e-5 712 4 4 0.1 3 0.0012584685665444728 2.39
true 1.3571203821491351e-5 1006 4 4 0.1 4 0.0012584685665444728 4.21
true 8.480327585880243e-6 58 4 1 0.12 1 0.002857451366537061 0.09
true 0.00030117341409552356 144 4 1 0.12 2 0.002857451366537061 0.38
true 7.380645536436692e-5 228 4 1 0.12 3 0.002857451366537061 0.91
true 0.00016690221865955923 316 4 1 0.12 4 0.002857451366537061 1.7
true 0.00016425749069784445 89 4 2 0.12 1 0.002857451366537061 0.13
true 0.00020817339249207256 232 4 2 0.12 2 0.002857451366537061 0.58
true 0.0001453753425661175 415 4 2 0.12 3 0.002857451366537061 1.47
true 0.00016323551705549333 536 4 2 0.12 4 0.002857451366537061 2.69
true 0.33333603382752636 62 4 3 0.12 1 0.002857451366537061 0.11
true 0.00022557399679555093 333 4 3 0.12 2 0.002857451366537061 0.85
true 0.00017963706430483098 424 4 3 0.12 3 0.002857451366537061 1.56
true 0.00010995403862960422 627 4 3 0.12 4 0.002857451366537061 2.83
true 0.00016624070376819455 90 4 4 0.12 1 0.002857451366537061 0.15
true 0.00022613840354079873 278 4 4 0.12 2 0.002857451366537061 0.73
true 0.00011940831754644887 403 4 4 0.12 3 0.002857451366537061 1.54
true 0.00023090702773476135 1069 4 4 0.12 4 0.002857451366537061 4.52
true 2.225172366338013e-5 49 4 1 0.14 1 0.005207607228596099 0.08
true 3.314857638947455e-5 342 4 1 0.14 2 0.005207607228596099 0.79
true 0.0001262243311757616 239 4 1 0.14 3 0.005207607228596099 1.06
true 0.0005669091422411121 556 4 1 0.14 4 0.005207607228596099 2.57
true 0.0003235243105308705 56 4 2 0.14 1 0.005207607228596099 0.09
true 3.070264957458213e-5 452 4 2 0.14 2 0.005207607228596099 1.01
true 0.0001825493169734238 330 4 2 0.14 3 0.005207607228596099 1.31
true 1.915600317228816e-5 594 4 2 0.14 4 0.005207607228596099 2.85
true 0.0004240045377150355 76 4 3 0.14 1 0.005207607228596099 0.13
true 0.0005409463043057153 325 4 3 0.14 2 0.005207607228596099 0.78
true 0.0003370711952978926 280 4 3 0.14 3 0.005207607228596099 1.09
true 0.00014291410253615874 692 4 3 0.14 4 0.005207607228596099 3.18
true 0.0003276540213110607 75 4 4 0.14 1 0.005207607228596099 0.12
true 2.377849846513236e-5 218 4 4 0.14 2 0.005207607228596099 0.6
true 0.00047845209316235704 373 4 4 0.14 3 0.005207607228596099 1.4
true 0.00010177838783879956 607 4 4 0.14 4 0.005207607228596099 2.86
true 5.3546758543243644e-5 65 4 1 0.16 1 0.009312166724123666 0.1
true 0.0011517296121920095 163 4 1 0.16 2 0.009312166724123666 0.42
true 6.014752697530712e-5 269 4 1 0.16 3 0.009312166724123666 1.02
true 9.18261889791272e-5 876 4 1 0.16 4 0.009312166724123666 3.63
true 0.0006250544490846166 68 4 2 0.16 1 0.009312166724123666 0.1
true 0.001215731367748274 186 4 2 0.16 2 0.009312166724123666 0.51
true 0.0005959433238398315 916 4 2 0.16 3 0.009312166724123666 2.91
true 9.025556147568281e-5 1520 4 2 0.16 4 0.009312166724123666 6.18
true 0.000817680472408285 57 4 3 0.16 1 0.009312166724123666 0.09
true 0.3337113581827504 180 4 3 0.16 2 0.009312166724123666 0.49
true 2.1269523156249488e-5 889 4 3 0.16 3 0.009312166724123666 2.86
true 7.335514511421411e-5 940 4 3 0.16 4 0.009312166724123666 3.79
true 0.000636298819632522 171 4 4 0.16 1 0.009312166724123666 0.25
true 3.095052375202967e-5 546 4 4 0.16 2 0.009312166724123666 1.33
true 6.975272811118871e-5 1156 4 4 0.16 3 0.009312166724123666 3.64
true 0.0003555117458183682 542 4 4 0.16 4 0.009312166724123666 2.55
true 0.00012698263583438285 52 4 1 0.18 1 0.01647603291411175 0.1
true 8.785692434137848e-5 287 4 1 0.18 2 0.01647603291411175 0.67
true 2.024079768936371e-5 618 4 1 0.18 3 0.01647603291411175 1.97
true 7.829609928111658e-5 480 4 1 0.18 4 0.01647603291411175 2.19
true 0.0012004222946218612 120 4 2 0.18 1 0.01647603291411175 0.17
true 0.0023145347412892037 157 4 2 0.18 2 0.01647603291411175 0.43
true 7.137935473891521e-5 913 4 2 0.18 3 0.01647603291411175 2.82
true 0.0005129013231896518 375 4 2 0.18 4 0.01647603291411175 1.98
true 0.0015678008469453923 64 4 3 0.18 1 0.01647603291411175 0.11
true 0.0020374677283069484 238 4 3 0.18 2 0.01647603291411175 0.58
true 0.000899815051932947 721 4 3 0.18 3 0.01647603291411175 2.45
true 0.0006169921079697271 690 4 3 0.18 4 0.01647603291411175 3.22
true 0.2500793823501022 151 4 4 0.18 1 0.01647603291411175 0.23
true 0.0016044453774228112 276 4 4 0.18 2 0.01647603291411175 0.69
true 0.0016257454001763205 362 4 4 0.18 3 0.01647603291411175 1.33
true 2.0251596299286634e-5 2174 4 4 0.18 4 0.01647603291411175 8.45
true 0.00029174697666356497 58 4 1 0.2 1 0.028809882776728333 0.09
true 0.004259529820447527 151 4 1 0.2 2 0.028809882776728333 0.42
true 9.473313022612118e-5 395 4 1 0.2 3 0.028809882776728333 1.32
true 1.167644183897032e-5 513 4 1 0.2 4 0.028809882776728333 2.39
true 0.0023004282505784124 64 4 2 0.2 1 0.028809882776728333 0.09
true 0.0004446573901735751 437 4 2 0.2 2 0.028809882776728333 1.02
true 0.00037852407129926324 1140 4 2 0.2 3 0.028809882776728333 3.51
true 0.0001021742055651309 1963 4 2 0.2 4 0.028809882776728333 7.76
true 0.0029968526493296586 82 4 3 0.2 1 0.028809882776728333 0.12
true 0.00438948187141532 165 4 3 0.2 2 0.028809882776728333 0.46
true 0.001532002922240631 716 4 3 0.2 3 0.028809882776728333 2.33
true 0.001085033293449426 443 4 3 0.2 4 0.028809882776728333 2.29
true 0.25017560839497394 91 4 4 0.2 1 0.028809882776728333 0.14
true 0.0025728369363150067 356 4 4 0.2 2 0.028809882776728333 0.9
true 0.0022461131223299874 982 4 4 0.2 3 0.028809882776728333 3.2
true 0.0016211749694528127 713 4 4 0.2 4 0.028809882776728333 3.24
true 0.0006460637660820612 57 4 1 0.22 1 0.04938099268332533 0.09
true 0.00817769144051056 158 4 1 0.22 2 0.04938099268332533 0.42
true 0.000557227344858191 237 4 1 0.22 3 0.04938099268332533 0.91
true 2.5690056069671563e-6 837 4 1 0.22 4 0.04938099268332533 3.41
true 0.004366279821623215 71 4 2 0.22 1 0.04938099268332533 0.11
true 0.0044497764753699265 167 4 2 0.22 2 0.04938099268332533 0.47
true 5.5525212639795374e-5 1162 4 2 0.22 3 0.04938099268332533 3.64
true 8.412502702245805e-5 2218 4 2 0.22 4 0.04938099268332533 8.98
true 0.005670731251700312 59 4 3 0.22 1 0.04938099268332533 0.1
true 0.00018089050701793527 333 4 3 0.22 2 0.04938099268332533 0.83
true 4.373257676430301e-5 835 4 3 0.22 3 0.04938099268332533 2.68
true 6.992260637346999e-6 1967 4 3 0.22 4 0.04938099268332533 7.87
true 0.25038247992908796 76 4 4 0.22 1 0.04938099268332533 0.11
true 0.004273851725216604 511 4 4 0.22 2 0.04938099268332533 1.28
true 0.005654777673126929 347 4 4 0.22 3 0.04938099268332533 1.3
true 5.996811728151141e-5 1335 4 4 0.22 4 0.04938099268332533 5.6
true 0.0013661688174236297 49 4 1 0.24 1 0.08188079160576314 0.08
true 0.00021303037535652658 357 4 1 0.24 2 0.08188079160576314 0.8
true 7.874302469845773e-6 411 4 1 0.24 3 0.08188079160576314 1.37
true 1.879173485486163e-6 916 4 1 0.24 4 0.08188079160576314 3.7
true 0.008093409526840345 74 4 2 0.24 1 0.08188079160576314 0.11
true 0.008314730525464359 353 4 2 0.24 2 0.08188079160576314 0.81
true 8.963229950315066e-5 662 4 2 0.24 3 0.08188079160576314 2.07
true 7.832910485922051e-6 1585 4 2 0.24 4 0.08188079160576314 6.13
true 0.010477229157782228 66 4 3 0.24 1 0.08188079160576314 0.1
true 0.0003108360736586713 336 4 3 0.24 2 0.08188079160576314 0.84
true 6.255529458604192e-5 689 4 3 0.24 3 0.08188079160576314 2.23
true 0.0001312756724532275 1266 4 3 0.24 4 0.08188079160576314 5.13
true 0.250805352292067 68 4 4 0.24 1 0.08188079160576314 0.11
true 0.011311917626862955 306 4 4 0.24 2 0.08188079160576314 0.74
true 0.007655874656344874 566 4 4 0.24 3 0.08188079160576314 1.95
true 0.00017095934583323535 2338 4 4 0.24 4 0.08188079160576314 9.36
true 0.002743335445754891 66 4 1 0.26 1 0.1297967786166197 0.1
true 0.00042705810374893405 636 4 1 0.26 2 0.1297967786166197 1.39
true 0.0007564116191277614 383 4 1 0.26 3 0.1297967786166197 1.34
true 1.1770249242482045e-6 706 4 1 0.26 4 0.1297967786166197 2.98
true 0.014464367571513648 55 4 2 0.26 1 0.1297967786166197 0.09
true 0.01494439108133569 446 4 2 0.26 2 0.1297967786166197 0.99
true 0.001108619100210373 620 4 2 0.26 3 0.1297967786166197 2.04
true 4.6988497688083e-6 1581 4 2 0.26 4 0.1297967786166197 6.12
true 0.018656769089568315 83 4 3 0.26 1 0.1297967786166197 0.13
true 0.018706617352885313 773 4 3 0.26 2 0.1297967786166197 1.84
true 6.691334115194181e-5 873 4 3 0.26 3 0.1297967786166197 2.65
true 0.0003747951890081443 2794 4 3 0.26 4 0.1297967786166197 10.98
true 0.015172570630609478 77 4 4 0.26 1 0.1297967786166197 0.13
true 0.0005505250128286232 303 4 4 0.26 2 0.1297967786166197 0.76
true 0.00013279350763516218 489 4 4 0.26 3 0.1297967786166197 1.67
true 3.704652858746438e-6 998 4 4 0.26 4 0.1297967786166197 4.26
true 0.005214231080231169 53 4 1 0.28 1 0.1955000413843353 0.1
true 0.0008075443540613847 342 4 1 0.28 2 0.1955000413843353 0.78
true 0.00026782193386931663 528 4 1 0.28 3 0.1955000413843353 1.84
true 2.159318719607839e-6 640 4 1 0.28 4 0.1955000413843353 2.96
true 0.02476552662500292 66 4 2 0.28 1 0.1955000413843353 0.11
true 0.0004753182656155319 477 4 2 0.28 2 0.1955000413843353 1.08
true 0.003740151513877771 335 4 2 0.28 3 0.1955000413843353 1.24
true 4.0931516125108924e-6 2156 4 2 0.28 4 0.1955000413843353 8.26
true 0.03180609575235575 58 4 3 0.28 1 0.1955000413843353 0.09
true 0.000874988855250336 257 4 3 0.28 2 0.1955000413843353 0.64
true 7.968744966326453e-5 436 4 3 0.28 3 0.1955000413843353 1.47
true 0.00036738405674400604 1000 4 3 0.28 4 0.1955000413843353 4.06
true 0.026142252370572078 197 4 4 0.28 1 0.1955000413843353 0.31
true 0.024340235610889757 194 4 4 0.28 2 0.1955000413843353 0.53
true 0.00010638633500879846 1139 4 4 0.28 3 0.1955000413843353 3.48
true 0.00042544739930404363 1795 4 4 0.28 4 0.1955000413843353 7.31
true 0.009288592780294536 68 4 1 0.3 1 0.27725966462546564 0.1
true 0.0014178605839705871 194 4 1 0.3 2 0.27725966462546564 0.48
true 0.0002616405228476615 791 4 1 0.3 3 0.27725966462546564 2.48
true 1.502138343711934e-7 424 4 1 0.3 4 0.27725966462546564 2.17
true 0.04017625564298827 72 4 2 0.3 1 0.27725966462546564 0.11
true 0.04168460487555298 415 4 2 0.3 2 0.27725966462546564 0.95
true 0.00045078302136938864 386 4 2 0.3 3 0.27725966462546564 1.39
true 0.00011224730825803997 879 4 2 0.3 4 0.27725966462546564 3.8
true 0.05134822573568374 75 4 3 0.3 1 0.27725966462546564 0.12
true 0.0013721589323979488 223 4 3 0.3 2 0.27725966462546564 0.59
true 0.0005542730438114115 745 4 3 0.3 3 0.27725966462546564 2.41
true 0.000955428299922049 996 4 3 0.3 4 0.27725966462546564 4.04
true 0.461317302605451 79 4 4 0.3 1 0.27725966462546564 0.13
true 0.0013522485302834703 269 4 4 0.3 2 0.27725966462546564 0.67
true 9.335876330641979e-5 1742 4 4 0.3 3 0.27725966462546564 5.41
true 1.8986554911781806e-5 1988 4 4 0.3 4 0.27725966462546564 7.96
true 0.015317569552718457 64 4 1 0.32 1 0.3673031991535092 0.09
true 0.002276954003939957 386 4 1 0.32 2 0.3673031991535092 0.87
true 0.0008981339750311901 406 4 1 0.32 3 0.3673031991535092 1.4
true 4.0723232547223986e-7 1838 4 1 0.32 4 0.3673031991535092 7.19
true 0.06102570811105537 66 4 2 0.32 1 0.3673031991535092 0.1
true 0.0012210456076677256 282 4 2 0.32 2 0.3673031991535092 0.68
true 0.006665887865683978 658 4 2 0.32 3 0.3673031991535092 2.1
true 1.310328460374377e-6 1856 4 2 0.32 4 0.3673031991535092 7.1
true 0.0775602201498779 82 4 3 0.32 1 0.3673031991535092 0.12
true 0.07735988531784298 415 4 3 0.32 2 0.3673031991535092 0.98
true 0.03981381213277966 1270 4 3 0.32 3 0.3673031991535092 3.89
true 0.00022914386802005046 600 4 3 0.32 4 0.3673031991535092 2.68
true 0.2602114117853083 116 4 4 0.32 1 0.3673031991535092 0.18
true 0.0018613553281229545 409 4 4 0.32 2 0.3673031991535092 0.94
true 0.00010274216095143562 629 4 4 0.32 3 0.3673031991535092 2.09
true 0.0008616671516245011 593 4 4 0.32 4 0.3673031991535092 2.65
true 0.023208125941309776 52 4 1 0.34 1 0.4534331841925793 0.09
true 0.0033198865732150806 171 4 1 0.34 2 0.4534331841925793 0.43
true 0.002910906014691128 423 4 1 0.34 3 0.4534331841925793 1.41
true 5.891812943636943e-7 580 4 1 0.34 4 0.4534331841925793 2.58
true 0.08611046124379784 71 4 2 0.34 1 0.4534331841925793 0.12
true 0.08819207304726542 395 4 2 0.34 2 0.4534331841925793 0.9
true 0.008241021078597116 489 4 2 0.34 3 0.4534331841925793 1.56
true 2.000262536105968e-6 1445 4 2 0.34 4 0.4534331841925793 5.7
true 0.10873119755127074 71 4 3 0.34 1 0.4534331841925793 0.11
true 0.10666321899553782 378 4 3 0.34 2 0.4534331841925793 0.86
true 9.396668835008153e-5 2514 4 3 0.34 3 0.4534331841925793 7.58
true 0.0003427558455294151 1380 4 3 0.34 4 0.4534331841925793 5.59
true 0.09283911615684799 83 4 4 0.34 1 0.4534331841925793 0.13
true 0.0023515355901439217 271 4 4 0.34 2 0.4534331841925793 0.67
true 7.076943345056541e-5 622 4 4 0.34 3 0.4534331841925793 2.06
true 0.0012684537097780724 524 4 4 0.34 4 0.4534331841925793 2.43
true 0.0323401962508954 65 4 1 0.36 1 0.5242078864035358 0.09
true 0.0044074537424250715 284 4 1 0.36 2 0.5242078864035358 0.62
true 2.6957871826549518e-5 422 4 1 0.36 3 0.5242078864035358 1.45
true 2.1449194631539825e-7 510 4 1 0.36 4 0.5242078864035358 2.29
true 0.11275329619365607 76 4 2 0.36 1 0.5242078864035358 0.1
true 0.0022711726964264323 310 4 2 0.36 2 0.5242078864035358 0.7
true 0.013072357423952213 1004 4 2 0.36 3 0.5242078864035358 2.98
true 5.3857783741950715e-6 981 4 2 0.36 4 0.5242078864035358 4.23
true 0.141304044754375 74 4 3 0.36 1 0.5242078864035358 0.12
true 0.00334474806475199 245 4 3 0.36 2 0.5242078864035358 0.62
true 7.745496629716724e-5 420 4 3 0.36 3 0.5242078864035358 1.45
true 1.2940793734650402e-5 1765 4 3 0.36 4 0.5242078864035358 6.9
true 0.34516551589382716 113 4 4 0.36 1 0.5242078864035358 0.16
true 0.0027744047869252553 322 4 4 0.36 2 0.5242078864035358 0.8
true 7.067473235321253e-5 914 4 4 0.36 3 0.5242078864035358 2.88
true 4.033893246357945e-5 933 4 4 0.36 4 0.5242078864035358 3.86
true 0.041853751381527804 55 4 1 0.38 1 0.5738898971784198 0.09
true 0.005396519914780462 181 4 1 0.38 2 0.5738898971784198 0.48
true 4.4147273621231164e-5 584 4 1 0.38 3 0.5738898971784198 1.82
true 8.710477805706773e-8 560 4 1 0.38 4 0.5738898971784198 2.62
true 0.13781315857075147 60 4 2 0.38 1 0.5738898971784198 0.09
true 0.002754015085256162 250 4 2 0.38 2 0.5738898971784198 0.59
true 0.014047517211618843 394 4 2 0.38 3 0.5738898971784198 1.36
true 2.2757442354470747e-6 1284 4 2 0.38 4 0.5738898971784198 5.06
true 0.3389702572146526 50 4 3 0.38 1 0.5738898971784198 0.08
true 0.003906267657465656 225 4 3 0.38 2 0.5738898971784198 0.57
true 0.08416375979995507 1217 4 3 0.38 3 0.5738898971784198 3.67
true 1.552123012763899e-6 2478 4 3 0.38 4 0.5738898971784198 9.35
true 0.15125252071428455 84 4 4 0.38 1 0.5738898971784198 0.13
true 0.0031154929979835128 303 4 4 0.38 2 0.5738898971784198 0.73
true 0.06549512876216612 838 4 4 0.38 3 0.5738898971784198 2.62
true 7.625080783832394e-5 1691 4 4 0.38 4 0.5738898971784198 6.65
true 0.051074513108709585 57 4 1 0.4 1 0.6032626509160969 0.09
true 0.006205000854068443 329 4 1 0.4 2 0.6032626509160969 0.77
true 2.300227118556819e-6 1278 4 1 0.4 3 0.6032626509160969 3.68
true 1.0087510574630087e-6 401 4 1 0.4 4 0.6032626509160969 1.9
true 0.15897081466861918 92 4 2 0.4 1 0.6032626509160969 0.13
true 0.0031490963310673303 228 4 2 0.4 2 0.6032626509160969 0.56
true 0.016183180359730626 952 4 2 0.4 3 0.6032626509160969 2.91
true 1.7531606800180732e-6 2801 4 2 0.4 4 0.6032626509160969 10.54
true 0.19557758552577686 54 4 3 0.4 1 0.6032626509160969 0.09
true 0.004352702995164752 272 4 3 0.4 2 0.6032626509160969 0.66
true 6.609432068860333e-5 1257 4 3 0.4 3 0.6032626509160969 3.85
true 2.561904191814938e-5 446 4 3 0.4 4 0.6032626509160969 2.1
true 0.17605414069152925 127 4 4 0.4 1 0.6032626509160969 0.19
true 0.003384941176852674 378 4 4 0.4 2 0.6032626509160969 0.94
true 7.696320061220674e-5 603 4 4 0.4 3 0.6032626509160969 1.99
true 0.0001557881351322843 1351 4 4 0.4 4 0.6032626509160969 5.76
true 0.059718010429459234 94 4 1 0.42 1 0.6168497726156195 0.14
true 0.0068182250959085144 228 4 1 0.42 2 0.6168497726156195 0.53
true 3.0200876867281234e-5 438 4 1 0.42 3 0.6168497726156195 1.45
true 2.1107771397410602e-7 528 4 1 0.42 4 0.6168497726156195 2.32
true 0.17529345234307292 71 4 2 0.42 1 0.6168497726156195 0.1
true 0.0034513590026743757 259 4 2 0.42 2 0.6168497726156195 0.62
true 0.0182716982220901 1195 4 2 0.42 3 0.6168497726156195 3.55
true 2.296109256255674e-6 1222 4 2 0.42 4 0.6168497726156195 4.96
true 0.21321269000292262 82 4 3 0.42 1 0.6168497726156195 0.13
true 0.0046953981714682085 310 4 3 0.42 2 0.6168497726156195 0.71
true 0.00019685177272812013 1038 4 3 0.42 3 0.6168497726156195 3.22
true 3.7671784416844677e-5 951 4 3 0.42 4 0.6168497726156195 3.82
true 0.19543245916249502 100 4 4 0.42 1 0.6168497726156195 0.15
true 0.0035975140688818824 575 4 4 0.42 2 0.6168497726156195 1.33
true 0.07967598035730633 1930 4 4 0.42 3 0.6168497726156195 6.02
true 0.00013908189563817397 1693 4 4 0.42 4 0.6168497726156195 6.7
true 0.06781075706922701 77 4 1 0.44 1 0.6197629413526827 0.11
true 0.007261637455932557 163 4 1 0.44 2 0.6197629413526827 0.42
true 0.00053860171836001 1671 4 1 0.44 3 0.6197629413526827 4.83
true 6.324871415497313e-8 427 4 1 0.44 4 0.6197629413526827 2.12
true 0.18699810073756795 72 4 2 0.44 1 0.6197629413526827 0.1
true 0.0036737811177054713 286 4 2 0.44 2 0.6197629413526827 0.68
true 1.099392312411962e-5 1117 4 2 0.44 3 0.6197629413526827 3.43
true 1.1777202637563988e-6 812 4 2 0.44 4 0.6197629413526827 3.27
true 0.22443027013163727 103 4 3 0.44 1 0.6197629413526827 0.16
true 0.004949156676579043 783 4 3 0.44 2 0.6197629413526827 1.8
true 0.0026374820341609393 276 4 3 0.44 3 0.6197629413526827 1.05
true 0.00021577849804551205 966 4 3 0.44 4 0.6197629413526827 3.87
true 0.20839899059207947 85 4 4 0.44 1 0.6197629413526827 0.13
true 0.0037613296843281435 302 4 4 0.44 2 0.6197629413526827 0.74
true 6.411641646335287e-5 557 4 4 0.44 3 0.6197629413526827 1.92
true 3.2614474108169644e-5 1306 4 4 0.44 4 0.6197629413526827 5.4
true 0.0755171952212067 71 4 1 0.46 1 0.6160458563573982 0.1
true 0.007570976281787656 155 4 1 0.46 2 0.6160458563573982 0.39
true 3.4891076222121065e-6 660 4 1 0.46 3 0.6160458563573982 2.06
true 2.5219125954212274e-7 367 4 1 0.46 4 0.6160458563573982 1.9
true 0.19484140093717706 71 4 2 0.46 1 0.6160458563573982 0.11
true 0.0038327475546976186 250 4 2 0.46 2 0.6160458563573982 0.6
true 0.02171696374676102 476 4 2 0.46 3 0.6160458563573982 1.53
true 1.2344340317715918e-6 1055 4 2 0.46 4 0.6160458563573982 4.28
true 0.27537234004455347 65 4 3 0.46 1 0.6160458563573982 0.11
true 0.005136799458244541 184 4 3 0.46 2 0.6160458563573982 0.49
true 4.2043707230284465e-5 796 4 3 0.46 3 0.6160458563573982 2.63
true 0.00017316165615564408 433 4 3 0.46 4 0.6160458563573982 2.1
true 0.20050978181226115 100 4 4 0.46 1 0.6160458563573982 0.15
true 0.003890428213865371 190 4 4 0.46 2 0.6160458563573982 0.5
true 9.872430707558166e-5 370 4 4 0.46 3 0.6160458563573982 1.39
true 0.002456393563239276 2436 4 4 0.46 4 0.6160458563573982 9.62
true 0.08301097386174044 53 4 1 0.48 1 0.6083694839555642 0.09
true 0.007774854707444934 185 4 1 0.48 2 0.6083694839555642 0.46
true 1.1225507698331416e-5 577 4 1 0.48 3 0.6083694839555642 1.88
true 2.5225461264266613e-7 349 4 1 0.48 4 0.6083694839555642 1.88
true 0.19966296762336588 66 4 2 0.48 1 0.6083694839555642 0.1
true 0.1402093436713398 448 4 2 0.48 2 0.6083694839555642 1.02
true 0.023317457324759178 691 4 2 0.48 3 0.6083694839555642 2.14
true 2.3773101787138984e-7 1253 4 2 0.48 4 0.6083694839555642 4.97
true 0.23171832438335035 77 4 3 0.48 1 0.6083694839555642 0.12
true 0.005269200818509456 347 4 3 0.48 2 0.6083694839555642 0.8
true 7.285760013433136e-5 390 4 3 0.48 3 0.6083694839555642 1.42
true 5.304209941740338e-5 1246 4 3 0.48 4 0.6083694839555642 4.76
true 0.19280612344159181 124 4 4 0.48 1 0.6083694839555642 0.18
true 0.003985732992168867 456 4 4 0.48 2 0.6083694839555642 1.1
true 8.747110028912986e-5 497 4 4 0.48 3 0.6083694839555642 1.65
true 1.812889391807071e-5 1632 4 4 0.48 4 0.6083694839555642 6.57
true 0.09042066876920152 60 4 1 0.5 1 0.5983249863531529 0.1
true 0.007894201649344235 173 4 1 0.5 2 0.5983249863531529 0.45
true 4.163187887207265e-7 1175 4 1 0.5 3 0.5983249863531529 3.37
true 3.415051319510809e-7 646 4 1 0.5 4 0.5983249863531529 2.7
true 0.20214924495991582 43 4 2 0.5 1 0.5983249863531529 0.07
true 0.004011037452917837 376 4 2 0.5 2 0.5983249863531529 0.86
true 0.024499411477145544 886 4 2 0.5 3 0.5983249863531529 2.65
true 1.6763225721971864e-6 1007 4 2 0.5 4 0.5983249863531529 3.99
true 0.24811839616286976 74 4 3 0.5 1 0.5983249863531529 0.11
true 0.0053541767901922705 516 4 3 0.5 2 0.5983249863531529 1.19
true 0.0028804472362526368 953 4 3 0.5 3 0.5983249863531529 2.92
true 0.0006241139982775349 2417 4 3 0.5 4 0.5983249863531529 9.71
true 0.18466341248201495 155 4 4 0.5 1 0.5983249863531529 0.23
true 0.004050828035678786 282 4 4 0.5 2 0.5983249863531529 0.68
true 5.235368202617663e-5 2342 4 4 0.5 3 0.5983249863531529 7.23
true 0.0009789218266497701 2000 4 4 0.5 4 0.5983249863531529 7.69
true 0.09782364786063469 55 4 1 0.52 1 0.5868107723568018 0.11
true 0.007942598846937765 317 4 1 0.52 2 0.5868107723568018 0.74
true 1.7354651766166018e-5 1687 4 1 0.52 3 0.5868107723568018 4.83
true 2.756582923035822e-8 456 4 1 0.52 4 0.5868107723568018 2.06
true 0.21631709866066576 63 4 2 0.52 1 0.5868107723568018 0.09
true 0.004045967100638592 237 4 2 0.52 2 0.5868107723568018 0.58
true 3.3221510499503726e-6 403 4 2 0.52 3 0.5868107723568018 1.34
true 1.5275620037780158e-5 855 4 2 0.52 4 0.5868107723568018 3.4
true 0.22566182911645308 68 4 3 0.52 1 0.5868107723568018 0.1
true 0.005397740767087674 191 4 3 0.52 2 0.5868107723568018 0.49
true 0.00011746679462839212 534 4 3 0.52 3 0.5868107723568018 1.75
true 2.8098594893222195e-5 1078 4 3 0.52 4 0.5868107723568018 4.21
true 0.3183214860542018 102 4 4 0.52 1 0.5868107723568018 0.15
true 0.004086401995412575 301 4 4 0.52 2 0.5868107723568018 0.7
true 4.912478790358721e-5 632 4 4 0.52 3 0.5868107723568018 2.08
true 1.453296436479401e-5 2994 4 4 0.52 4 0.5868107723568018 11.45
true 0.10525548539440743 56 4 1 0.54 1 0.5743296695059446 0.09
true 0.007929925411093997 243 4 1 0.54 2 0.5743296695059446 0.58
true 1.224007098177271e-6 747 4 1 0.54 3 0.5743296695059446 2.38
true 6.072484075581031e-7 669 4 1 0.54 4 0.5743296695059446 2.92
true 0.20196540720449238 60 4 2 0.54 1 0.5743296695059446 0.09
true 0.004051222724261255 180 4 2 0.54 2 0.5743296695059446 0.47
true 1.5863458287357357e-5 1309 4 2 0.54 3 0.5743296695059446 3.84
true 5.3953957286440035e-5 842 4 2 0.54 4 0.5743296695059446 3.43
true 0.2194974284702441 61 4 3 0.54 1 0.5743296695059446 0.09
true 0.00540251957682882 200 4 3 0.54 2 0.5743296695059446 0.51
true 0.00013348535416714732 550 4 3 0.54 3 0.5743296695059446 1.84
true 4.145605129683242e-5 1340 4 3 0.54 4 0.5743296695059446 5.13
true 0.16830277467731652 117 4 4 0.54 1 0.5743296695059446 0.17
true 0.004094851749796069 330 4 4 0.54 2 0.5743296695059446 0.82
true 0.00016946732743543247 1831 4 4 0.54 3 0.5743296695059446 5.53
true 6.037794531260632e-6 1085 4 4 0.54 4 0.5743296695059446 4.35
true 0.11271799185285303 62 4 1 0.56 1 0.5611752507606665 0.1
true 0.007862796743384692 273 4 1 0.56 2 0.5611752507606665 0.61
true 5.413806964338352e-6 892 4 1 0.56 3 0.5611752507606665 2.6
true 2.126790234480147e-7 379 4 1 0.56 4 0.5611752507606665 1.93
true 0.19986566317843052 62 4 2 0.56 1 0.5611752507606665 0.1
true 0.11869476655999994 327 4 2 0.56 2 0.5611752507606665 0.75
true 0.03117577690764542 1178 4 2 0.56 3 0.5611752507606665 3.59
true 9.011821822113575e-8 546 4 2 0.56 4 0.5611752507606665 2.55
true 0.21185784982329703 70 4 3 0.56 1 0.5611752507606665 0.11
true 0.005372265717382992 514 4 3 0.56 2 0.5611752507606665 1.21
true 0.00014185861811390663 636 4 3 0.56 3 0.5611752507606665 2.02
true 0.0022544276995907033 2006 4 3 0.56 4 0.5611752507606665 7.56
true 0.31208602205975294 109 4 4 0.56 1 0.5611752507606665 0.17
true 0.004077136115865174 398 4 4 0.56 2 0.5611752507606665 0.95
true 0.000142840775521208 431 4 4 0.56 3 0.5611752507606665 1.5
true 4.232401654000184e-5 1410 4 4 0.56 4 0.5611752507606665 5.59
true 0.12020471585444609 63 4 1 0.58 1 0.5475360323215799 0.11
true 0.0077483309081567975 164 4 1 0.58 2 0.5475360323215799 0.42
true 1.5094933027981483e-6 1335 4 1 0.58 3 0.5475360323215799 3.87
true 1.854245649246522e-7 632 4 1 0.58 4 0.5475360323215799 2.74
true 0.20017786323914719 61 4 2 0.58 1 0.5475360323215799 0.1
true 0.11151608732519239 167 4 2 0.58 2 0.5475360323215799 0.44
true 0.027349114971299493 502 4 2 0.58 3 0.5475360323215799 1.65
true 2.354689020211964e-6 1179 4 2 0.58 4 0.5475360323215799 4.56
true 0.20305707467981918 56 4 3 0.58 1 0.5475360323215799 0.09
true 0.005310384215614676 237 4 3 0.58 2 0.5475360323215799 0.58
true 0.004696300494841525 1206 4 3 0.58 3 0.5475360323215799 3.78
true 2.9667096740515486e-5 996 4 3 0.58 4 0.5475360323215799 3.98
true 0.1526503112159845 99 4 4 0.58 1 0.5475360323215799 0.14
true 0.004037036453469575 491 4 4 0.58 2 0.5475360323215799 1.19
true 7.652709293834437e-5 985 4 4 0.58 3 0.5475360323215799 3.02
true 3.0247203469960238e-5 1248 4 4 0.58 4 0.5475360323215799 5.07
true 0.12769440825515654 61 4 1 0.6 1 0.533549180191324 0.09
true 0.0075926525457489236 156 4 1 0.6 2 0.533549180191324 0.42
true 1.636635814095122e-6 1051 4 1 0.6 3 0.533549180191324 3.07
true 6.547379039595347e-5 534 4 1 0.6 4 0.533549180191324 2.49
true 0.19233754906074094 75 4 2 0.6 1 0.533549180191324 0.11
true 0.003915237425080514 391 4 2 0.6 2 0.533549180191324 0.88
true 0.00026474519800651075 563 4 2 0.6 3 0.533549180191324 1.79
true 2.9756288094373584e-6 825 4 2 0.6 4 0.533549180191324 3.35
true 0.19354372605851175 86 4 3 0.6 1 0.533549180191324 0.13
true 0.005220035406576913 458 4 3 0.6 2 0.533549180191324 1.05
true 0.00016867975435569393 1565 4 3 0.6 3 0.533549180191324 4.67
true 1.4935116534534979e-5 1562 4 3 0.6 4 0.533549180191324 6.2
true 0.14521471106515893 79 4 4 0.6 1 0.533549180191324 0.12
true 0.003973638759235662 261 4 4 0.6 2 0.533549180191324 0.63
true 4.2882837417948516e-5 398 4 4 0.6 3 0.533549180191324 1.4
true 3.731136471320229e-5 3878 4 4 0.6 4 0.533549180191324 14.56
true 0.1351630178641 52 4 1 0.62 1 0.5193262561278011 0.08
true 0.0074019711669745525 193 4 1 0.62 2 0.5193262561278011 0.47
true 2.0317768076039133e-5 319 4 1 0.62 3 0.5193262561278011 1.11
true 1.295714484039756e-7 539 4 1 0.62 4 0.5193262561278011 2.47
true 0.1869659818609594 70 4 2 0.62 1 0.5193262561278011 0.11
true 0.0038288995322077746 360 4 2 0.62 2 0.5193262561278011 0.83
true 0.029117482707813586 831 4 2 0.62 3 0.5193262561278011 2.5
true 5.933458847307005e-7 937 4 2 0.62 4 0.5193262561278011 3.67
true 0.1840813137327646 59 4 3 0.62 1 0.5193262561278011 0.1
true 0.0051057369003704904 217 4 3 0.62 2 0.5193262561278011 0.54
true 0.00030424825077024487 447 4 3 0.62 3 0.5193262561278011 1.48
true 2.7596752424604205e-5 1573 4 3 0.62 4 0.5193262561278011 6.07
true 0.13807330940386425 120 4 4 0.62 1 0.5193262561278011 0.17
true 0.0038920052375167047 330 4 4 0.62 2 0.5193262561278011 0.8
true 0.00020415235329614145 1917 4 4 0.62 3 0.5193262561278011 5.8
true 0.0014826570552175788 2683 4 4 0.62 4 0.5193262561278011 10.69
true 0.14258561808167564 52 4 1 0.64 1 0.5049645940759805 0.1
true 0.00718220209465853 195 4 1 0.64 2 0.5049645940759805 0.5
true 3.373031753350908e-7 1080 4 1 0.64 3 0.5049645940759805 3.34
true 1.2361650048031692e-7 483 4 1 0.64 4 0.5049645940759805 2.15
true 0.1804609292096029 95 4 2 0.64 1 0.5049645940759805 0.13
true 0.0037274453171088073 357 4 2 0.64 2 0.5049645940759805 0.84
true 1.713079848725263e-5 408 4 2 0.64 3 0.5049645940759805 1.42
true 1.8262769213295282e-6 1712 4 2 0.64 4 0.5049645940759805 6.46
true 0.17497698451661559 71 4 3 0.64 1 0.5049645940759805 0.1
true 0.004970061223903126 409 4 3 0.64 2 0.5049645940759805 0.99
true 0.000214949070168724 1459 4 3 0.64 3 0.5049645940759805 4.27
true 0.0008044011646245464 1856 4 3 0.64 4 0.5049645940759805 6.92
true 0.13123512513629546 96 4 4 0.64 1 0.5049645940759805 0.15
true 0.0037953672728159027 333 4 4 0.64 2 0.5049645940759805 0.79
true 0.00019293211892548734 802 4 4 0.64 3 0.5049645940759805 2.51
true 0.0019469184696972314 1841 4 4 0.64 4 0.5049645940759805 6.91
true 0.1499388468610312 49 4 1 0.66 1 0.49055177436486347 0.08
true 0.006939628488817684 197 4 1 0.66 2 0.49055177436486347 0.52
true 0.006891942099483905 422 4 1 0.66 3 0.49055177436486347 1.48
true 1.0963946210362785e-6 564 4 1 0.66 4 0.49055177436486347 2.49
true 0.1727210516477842 107 4 2 0.66 1 0.49055177436486347 0.16
true 0.0036251362324124514 195 4 2 0.66 2 0.49055177436486347 0.49
true 2.6896370389578594e-5 2304 4 2 0.66 3 0.49055177436486347 7.03
true 5.4703528153954295e-6 1370 4 2 0.66 4 0.49055177436486347 5.1
true 0.16627778501022664 72 4 3 0.66 1 0.49055177436486347 0.1
true 0.004817454155601049 175 4 3 0.66 2 0.49055177436486347 0.5
true 0.00014449636077619918 847 4 3 0.66 3 0.49055177436486347 2.68
true 0.004863259811891174 1846 4 3 0.66 4 0.49055177436486347 7.21
true 0.12470902509479288 72 4 4 0.66 1 0.49055177436486347 0.11
true 0.003683196673978678 384 4 4 0.66 2 0.49055177436486347 0.9
true 0.039938880677990354 936 4 4 0.66 3 0.49055177436486347 2.86
true 0.0002775799217391156 1696 4 4 0.66 4 0.49055177436486347 6.63
true 0.1571992270087006 53 4 1 0.68 1 0.4761670391572981 0.08
true 0.0066796803764107016 330 4 1 0.68 2 0.4761670391572981 0.8
true 2.5466355307868227e-7 651 4 1 0.68 3 0.4761670391572981 2.02
true 4.331254921385863e-8 481 4 1 0.68 4 0.4761670391572981 2.27
true 0.16416119450029526 77 4 2 0.68 1 0.4761670391572981 0.11
true 0.003488200917887957 356 4 2 0.68 2 0.4761670391572981 0.85
true 2.748430590085449e-5 2065 4 2 0.68 3 0.4761670391572981 6.09
true 2.489911834463454e-6 549 4 2 0.68 4 0.4761670391572981 2.45
true 0.1579931163166332 65 4 3 0.68 1 0.4761670391572981 0.12
true 0.0046512254336718946 262 4 3 0.68 2 0.4761670391572981 0.62
true 0.00030228025738384307 1162 4 3 0.68 3 0.4761670391572981 3.6
true 6.5884628650351535e-6 1716 4 3 0.68 4 0.4761670391572981 6.58
true 0.11849514836634924 111 4 4 0.68 1 0.4761670391572981 0.16
true 0.0035617050470259926 280 4 4 0.68 2 0.4761670391572981 0.66
true 5.0605509072709776e-5 1418 4 4 0.68 3 0.4761670391572981 4.4
true 6.755064213882778e-5 2798 4 4 0.68 4 0.4761670391572981 10.31
true 0.1643487862848131 48 4 1 0.7 1 0.46188152135118604 0.09
true 0.0064076145700472376 212 4 1 0.7 2 0.46188152135118604 0.52
true 9.059039187686579e-7 359 4 1 0.7 3 0.46188152135118604 1.2
true 2.0996509064730162e-7 422 4 1 0.7 4 0.46188152135118604 1.94
true 0.15592967083736636 53 4 2 0.7 1 0.46188152135118604 0.08
true 0.0033564521602150177 489 4 2 0.7 2 0.46188152135118604 1.09
true 0.028893915908178525 1180 4 2 0.7 3 0.46188152135118604 3.5
true 8.106374435318253e-5 1554 4 2 0.7 4 0.46188152135118604 5.96
true 0.1501241818337421 76 4 3 0.7 1 0.46188152135118604 0.11
true 0.004474933153085188 326 4 3 0.7 2 0.46188152135118604 0.75
true 0.00030015420169136425 2210 4 3 0.7 3 0.46188152135118604 6.6
true 1.7283941628383943e-5 2905 4 3 0.7 4 0.46188152135118604 10.97
true 0.11259297211748305 99 4 4 0.7 1 0.46188152135118604 0.15
true 0.0034320468385493352 449 4 4 0.7 2 0.46188152135118604 1.07
true 0.0002789087088395231 1519 4 4 0.7 3 0.46188152135118604 4.59
true 0.0002539433209083619 750 4 4 0.7 4 0.46188152135118604 3.24
true 0.16449151352519148 51 4 1 0.72 1 0.4477581467864862 0.07
true 0.0061280623555772795 191 4 1 0.72 2 0.4477581467864862 0.47
true 8.912265199889635e-6 599 4 1 0.72 3 0.4477581467864862 1.89
true 7.708067228384685e-7 661 4 1 0.72 4 0.4477581467864862 2.8
true 0.14812138725264665 108 4 2 0.72 1 0.4477581467864862 0.15
true 0.003218863224576929 451 4 2 0.72 2 0.4477581467864862 1.01
true 0.0003203824611970607 892 4 2 0.72 3 0.4477581467864862 2.66
true 3.550589276313243e-6 1480 4 2 0.72 4 0.4477581467864862 5.55
true 0.14266416013934494 104 4 3 0.72 1 0.4477581467864862 0.16
true 0.004292028702184943 219 4 3 0.72 2 0.4477581467864862 0.53
true 5.998815275339483e-5 703 4 3 0.72 3 0.4477581467864862 2.22
true 1.698943551442511e-5 3331 4 3 0.72 4 0.4477581467864862 11.98
true 0.10699872128610656 90 4 4 0.72 1 0.4477581467864862 0.13
true 0.0032953842865077465 568 4 4 0.72 2 0.4477581467864862 1.35
true 4.84094915214478e-5 2234 4 4 0.72 3 0.4477581467864862 6.69
true 0.001699680492916758 1707 4 4 0.72 4 0.4477581467864862 6.53
true 0.15610692721320296 61 4 1 0.74 1 0.433851572131634 0.09
true 0.005845035274323729 288 4 1 0.74 2 0.433851572131634 0.65
true 2.9218901961391985e-5 367 4 1 0.74 3 0.433851572131634 1.2
true 1.1298095353717841e-7 767 4 1 0.74 4 0.433851572131634 3.2
true 0.1407320367504364 144 4 2 0.74 1 0.433851572131634 0.19
true 0.07410652077693905 225 4 2 0.74 2 0.433851572131634 0.55
true 9.71078798704117e-5 343 4 2 0.74 3 0.433851572131634 1.25
true 1.743124488190473e-5 1664 4 2 0.74 4 0.433851572131634 6.24
true 0.1356039209894246 95 4 3 0.74 1 0.433851572131634 0.15
true 0.004104591192149398 433 4 3 0.74 2 0.433851572131634 0.97
true 0.0002613251351173407 418 4 3 0.74 3 0.433851572131634 1.44
true 0.0016087454736756028 1605 4 3 0.74 4 0.433851572131634 6.12
true 0.28902679447582574 73 4 4 0.74 1 0.433851572131634 0.13
true 0.0031563639915676567 255 4 4 0.74 2 0.433851572131634 0.63
true 0.0021702495635003566 647 4 4 0.74 3 0.433851572131634 2.07
true 3.241803340049698e-5 1121 4 4 0.74 4 0.433851572131634 4.64
true 0.1481784086192668 51 4 1 0.76 1 0.4202082855607151 0.08
true 0.00556197884644849 338 4 1 0.76 2 0.4202082855607151 0.78
true 8.271780844726351e-7 502 4 1 0.76 3 0.4202082855607151 1.6
true 1.280142873372192e-7 367 4 1 0.76 4 0.4202082855607151 1.88
true 0.1337437000618804 73 4 2 0.76 1 0.4202082855607151 0.11
true 0.002937126407521473 211 4 2 0.76 2 0.4202082855607151 0.5
true 3.0163937874999602e-5 619 4 2 0.76 3 0.4202082855607151 1.92
true 1.3878567228786665e-6 1644 4 2 0.76 4 0.4202082855607151 6.25
true 0.12893173110988893 73 4 3 0.76 1 0.4202082855607151 0.11
true 0.003915902054189606 280 4 3 0.76 2 0.4202082855607151 0.63
true 0.0002669805331655395 571 4 3 0.76 3 0.4202082855607151 1.81
true 0.0003519039933015944 1408 4 3 0.76 4 0.4202082855607151 5.48
true 0.09669888465212126 95 4 4 0.76 1 0.4202082855607151 0.14
true 0.003014432123276692 490 4 4 0.76 2 0.4202082855607151 1.11
true 0.0002483293056162045 742 4 4 0.76 3 0.4202082855607151 2.38
true 3.0384170647212994e-5 2367 4 4 0.76 4 0.4202082855607151 9.11
true 0.14069273303027835 68 4 1 0.78 1 0.4068668907949228 0.12
true 0.005281840526934978 424 4 1 0.78 2 0.4068668907949228 1.01
true 4.371823567994593e-6 549 4 1 0.78 3 0.4068668907949228 1.73
true 5.1347158191994424e-8 675 4 1 0.78 4 0.4068668907949228 2.96
true 0.127148636954941 61 4 2 0.78 1 0.4068668907949228 0.09
true 0.002795667246379474 209 4 2 0.78 2 0.4068668907949228 0.51
true 2.0349404389025105e-5 1240 4 2 0.78 3 0.4068668907949228 3.68
true 1.1013616640714874e-5 1453 4 2 0.78 4 0.4068668907949228 5.35
true 0.12263393589414189 88 4 3 0.78 1 0.4068668907949228 0.12
true 0.003727728424381127 294 4 3 0.78 2 0.4068668907949228 0.69
true 0.00032424494468428583 1152 4 3 0.78 3 0.4068668907949228 3.53
true 0.001303208435584254 2618 4 3 0.78 4 0.4068668907949228 9.89
true 0.27162910471849433 59 4 4 0.78 1 0.4068668907949228 0.11
true 0.002872269567304797 327 4 4 0.78 2 0.4068668907949228 0.79
true 0.00021212922605218232 789 4 4 0.78 3 0.4068668907949228 2.53
true 0.00024448286138573083 2630 4 4 0.78 4 0.4068668907949228 9.8
true 0.1336327945752448 66 4 1 0.8 1 0.3938585502319869 0.1
true 0.005007211389770394 160 4 1 0.8 2 0.3938585502319869 0.42
true 3.617082445783737e-7 1037 4 1 0.8 3 0.3938585502319869 3.22
true 2.038744001620074e-6 442 4 1 0.8 4 0.3938585502319869 2.11
true 0.12092936926884423 63 4 2 0.8 1 0.3938585502319869 0.1
true 0.0026562415145286455 224 4 2 0.8 2 0.3938585502319869 0.55
true 0.00025365877603733544 1010 4 2 0.8 3 0.3938585502319869 3.05
true 1.0592043994117617e-6 1219 4 2 0.8 4 0.3938585502319869 4.54
true 0.1166951679482739 81 4 3 0.8 1 0.3938585502319869 0.12
true 0.003541522898976209 601 4 3 0.8 2 0.3938585502319869 1.42
true 3.232937563687107e-5 865 4 3 0.8 3 0.3938585502319869 2.59
true 2.068744809698616e-6 1349 4 3 0.8 4 0.3938585502319869 5.45
true 0.27070509419508315 69 4 4 0.8 1 0.3938585502319869 0.11
true 0.0027318511672169837 408 4 4 0.8 2 0.3938585502319869 0.94
true 0.00022540887309766 1104 4 4 0.8 3 0.3938585502319869 3.34
true 0.00020766104802270868 917 4 4 0.8 4 0.3938585502319869 3.88
true 0.1269821377020725 47 4 1 0.82 1 0.38120754717639876 0.09
true 0.004739816233844452 340 4 1 0.82 2 0.38120754717639876 0.77
true 3.611708683681769e-6 1234 4 1 0.82 3 0.38120754717639876 3.54
true 1.1676989147835215e-7 489 4 1 0.82 4 0.38120754717639876 2.19
true 0.115070173639722 60 4 2 0.82 1 0.38120754717639876 0.1
true 0.002519172280457699 369 4 2 0.82 2 0.38120754717639876 0.85
true 0.0001874951370972877 504 4 2 0.82 3 0.38120754717639876 1.65
true 4.4062009055267914e-6 1372 4 2 0.82 4 0.38120754717639876 5.24
true 0.11109975140751117 80 4 3 0.82 1 0.38120754717639876 0.12
true 0.003358966899707901 345 4 3 0.82 2 0.38120754717639876 0.77
true 2.5450398381291855e-5 1307 4 3 0.82 3 0.38120754717639876 4.09
true 1.4319585077397315e-5 1910 4 3 0.82 4 0.38120754717639876 7.18
true 0.08332494326492466 114 4 4 0.82 1 0.38120754717639876 0.17
true 0.0025999579108631904 225 4 4 0.82 2 0.38120754717639876 0.59
true 0.0002957919777257373 790 4 4 0.82 3 0.38120754717639876 2.53
true 5.748323854348758e-5 2924 4 4 0.82 4 0.38120754717639876 11.02
true 0.12072083500966763 65 4 1 0.84 1 0.36893192506274924 0.1
true 0.0044807454769561494 195 4 1 0.84 2 0.36893192506274924 0.46
true 3.583816329066902e-5 424 4 1 0.84 3 0.36893192506274924 1.4
true 1.4379100317651883e-6 551 4 1 0.84 4 0.36893192506274924 2.52
true 0.10955262769152932 77 4 2 0.84 1 0.36893192506274924 0.11
true 0.002386318013671729 390 4 2 0.84 2 0.36893192506274924 0.86
true 0.002368485191576647 978 4 2 0.84 3 0.36893192506274924 2.98
true 4.1922185961745795e-5 1682 4 2 0.84 4 0.36893192506274924 6.47
true 0.10582993279881193 71 4 3 0.84 1 0.36893192506274924 0.11
true 0.003181446308007837 306 4 3 0.84 2 0.36893192506274924 0.74
true 0.00021594298062072026 539 4 3 0.84 3 0.36893192506274924 1.68
true 0.0015881627683539585 1417 4 3 0.84 4 0.36893192506274924 5.31
true 0.2801802891090052 67 4 4 0.84 1 0.36893192506274924 0.12
true 0.002461442843676706 751 4 4 0.84 2 0.36893192506274924 1.74
true 2.3936968938445546e-5 1068 4 4 0.84 3 0.36893192506274924 3.26
true 2.9891199544399005e-5 1055 4 4 0.84 4 0.36893192506274924 4.22
true 0.11483044390466401 52 4 1 0.86 1 0.35704416557853136 0.08
true 0.004231776183486191 197 4 1 0.86 2 0.35704416557853136 0.47
true 3.653335777037414e-5 430 4 1 0.86 3 0.35704416557853136 1.39
true 1.912206431531338e-7 454 4 1 0.86 4 0.35704416557853136 2.1
true 0.10435974518389837 56 4 2 0.86 1 0.35704416557853136 0.08
true 0.054811728666371295 499 4 2 0.86 2 0.35704416557853136 1.18
true 1.6065610212168124e-6 2130 4 2 0.86 3 0.35704416557853136 6.18
true 0.00018542550024824855 901 4 2 0.86 4 0.35704416557853136 3.68
true 0.1008695148018563 60 4 3 0.86 1 0.35704416557853136 0.09
true 0.0030095709178057004 414 4 3 0.86 2 0.35704416557853136 0.95
true 5.100829132724064e-5 556 4 3 0.86 3 0.35704416557853136 1.79
true 0.003214787574566761 666 4 3 0.86 4 0.35704416557853136 2.83
true 0.07565277296108504 92 4 4 0.86 1 0.35704416557853136 0.15
true 0.00232720507798595 389 4 4 0.86 2 0.35704416557853136 0.9
true 3.987522091372653e-5 398 4 4 0.86 3 0.35704416557853136 1.38
true 2.2802395387586105e-5 2126 4 4 0.86 4 0.35704416557853136 8.35
true 0.109290866755136 58 4 1 0.88 1 0.34555187407953597 0.1
true 0.003993413815261471 188 4 1 0.88 2 0.34555187407953597 0.44
true 3.1660149794277004e-5 438 4 1 0.88 3 0.34555187407953597 1.41
true 4.955273326112675e-7 513 4 1 0.88 4 0.34555187407953597 2.34
true 0.0994746242300962 75 4 2 0.88 1 0.34555187407953597 0.11
true 0.0021377492789296515 277 4 2 0.88 2 0.34555187407953597 0.66
true 0.0002950041544001192 639 4 2 0.88 3 0.34555187407953597 1.95
true 1.5894812233629985e-6 814 4 2 0.88 4 0.34555187407953597 3.3
true 0.09620189632754232 65 4 3 0.88 1 0.34555187407953597 0.11
true 0.0028442350188324084 416 4 3 0.88 2 0.34555187407953597 0.94
true 4.37248859908775e-5 1402 4 3 0.88 3 0.34555187407953597 4.15
true 0.0013173424254062278 857 4 3 0.88 4 0.34555187407953597 3.43
true 0.2776196780444326 50 4 4 0.88 1 0.34555187407953597 0.09
true 0.002201009279040128 418 4 4 0.88 2 0.34555187407953597 0.95
true 5.6332595909133754e-5 1725 4 4 0.88 3 0.34555187407953597 5.22
true 0.0009935445458055248 928 4 4 0.88 4 0.34555187407953597 4.03
true 0.10408317991961141 47 4 1 0.9 1 0.3344584477916396 0.07
true 0.003765472917862389 209 4 1 0.9 2 0.3344584477916396 0.49
true 3.6067019547059154e-5 488 4 1 0.9 3 0.3344584477916396 1.58
true 1.2886388200961107e-7 479 4 1 0.9 4 0.3344584477916396 2.16
true 0.09487701890962932 79 4 2 0.9 1 0.3344584477916396 0.11
true 0.002014125332842426 226 4 2 0.9 2 0.3344584477916396 0.54
true 3.2359095794409765e-5 401 4 2 0.9 3 0.3344584477916396 1.34
true 1.5285443080909067e-5 784 4 2 0.9 4 0.3344584477916396 3.18
true 0.0918085469889021 109 4 3 0.9 1 0.3344584477916396 0.17
true 0.0026851815550260247 352 4 3 0.9 2 0.3344584477916396 0.8
true 0.0018326182701134768 1354 4 3 0.9 3 0.3344584477916396 4.11
true 9.456009228947515e-5 3842 4 3 0.9 4 0.3344584477916396 14.14
true 0.06885688307350792 73 4 4 0.9 1 0.3344584477916396 0.12
true 0.0020791483060997873 424 4 4 0.9 2 0.3344584477916396 0.95
true 3.1050898433984675e-5 2700 4 4 0.9 3 0.3344584477916396 7.93
true 0.0007914922282698661 2021 4 4 0.9 4 0.3344584477916396 7.59
true 0.09918630558779912 46 4 1 0.92 1 0.32376370904828605 0.07
true 0.08190863108257929 211 4 1 0.92 2 0.32376370904828605 0.5
true 1.368482786584524e-5 635 4 1 0.92 3 0.32376370904828605 2.1
true 1.9159495212583977e-8 495 4 1 0.92 4 0.32376370904828605 2.14
true 0.09055271021937342 69 4 2 0.92 1 0.32376370904828605 0.1
true 0.0019002855954018683 278 4 2 0.92 2 0.32376370904828605 0.65
true 0.024923153262519343 1305 4 2 0.92 3 0.32376370904828605 3.82
true 3.8032978165458697e-6 1675 4 2 0.92 4 0.32376370904828605 6.32
true 0.08767483782705345 74 4 3 0.92 1 0.32376370904828605 0.12
true 0.0025340739359769326 273 4 3 0.92 2 0.32376370904828605 0.66
true 0.0005922076307663763 1245 4 3 0.92 3 0.32376370904828605 3.71
true 8.31647634164286e-5 1291 4 3 0.92 4 0.32376370904828605 5.03
true 0.2661639089594373 74 4 4 0.92 1 0.32376370904828605 0.12
true 0.0019631574983158817 412 4 4 0.92 2 0.32376370904828605 0.95
true 0.0001619149719155194 728 4 4 0.92 3 0.32376370904828605 2.26
true 0.0023651173719786978 1631 4 4 0.92 4 0.32376370904828605 6.17
true 0.09458350243028435 64 4 1 0.94 1 0.313464491748325 0.12
true 0.003343751974997644 183 4 1 0.94 2 0.313464491748325 0.45
true 4.909187711343854e-7 1037 4 1 0.94 3 0.313464491748325 3.15
true 9.933699302022703e-8 481 4 1 0.94 4 0.313464491748325 2.09
true 0.08648440830869766 98 4 2 0.94 1 0.313464491748325 0.13
true 0.0017937398848799913 331 4 2 0.94 2 0.313464491748325 0.8
true 8.269153124851325e-6 1389 4 2 0.94 3 0.313464491748325 4.1
true 0.0007300987177912555 1674 4 2 0.94 4 0.313464491748325 6.35
true 0.08378463711276474 48 4 3 0.94 1 0.313464491748325 0.08
true 0.0023895081880136817 481 4 3 0.94 2 0.313464491748325 1.09
true 0.00025538259001780156 389 4 3 0.94 3 0.313464491748325 1.35
true 6.624657634679565e-6 1310 4 3 0.94 4 0.313464491748325 5.1
true 0.0628387122528994 91 4 4 0.94 1 0.313464491748325 0.13
true 0.0018523531180088676 333 4 4 0.94 2 0.313464491748325 0.8
true 0.0002491948033901542 1129 4 4 0.94 3 0.313464491748325 3.55
true 1.2075733727676119e-5 2236 4 4 0.94 4 0.313464491748325 8.49
true 0.0902563391249071 49 4 1 0.96 1 0.30355517414078803 0.08
true 0.0031495310623028683 163 4 1 0.96 2 0.30355517414078803 0.4
true 1.7914995337209305e-6 584 4 1 0.96 3 0.30355517414078803 1.83
true 8.779843574391322e-8 435 4 1 0.96 4 0.30355517414078803 2.17
true 0.08265546791398132 98 4 2 0.96 1 0.30355517414078803 0.13
true 0.00168947586654844 269 4 2 0.96 2 0.30355517414078803 0.64
true 0.0238706913262825 1114 4 2 0.96 3 0.30355517414078803 3.35
true 4.762383254253155e-5 1976 4 2 0.96 4 0.30355517414078803 7.35
true 0.080122413180664 75 4 3 0.96 1 0.30355517414078803 0.11
true 0.002252664777462443 338 4 3 0.96 2 0.30355517414078803 0.77
true 0.0001672598561225739 798 4 3 0.96 3 0.30355517414078803 2.44
true 0.0009656101612512032 1556 4 3 0.96 4 0.30355517414078803 6.1
true 0.06009202433569298 106 4 4 0.96 1 0.30355517414078803 0.16
true 0.001772372420496618 299 4 4 0.96 2 0.30355517414078803 0.79
true 0.00021567277611746205 1122 4 4 0.96 3 0.30355517414078803 3.35
true 1.626574593767416e-5 880 4 4 0.96 4 0.30355517414078803 3.71
true 0.08618691078625679 45 4 1 0.98 1 0.2940281549265302 0.07
true 0.0029660444653552 278 4 1 0.98 2 0.2940281549265302 0.62
true 1.3814655267951892e-5 785 4 1 0.98 3 0.2940281549265302 2.36
true 1.6293900650943272e-7 843 4 1 0.98 4 0.2940281549265302 3.46
true 0.07905198477691136 71 4 2 0.98 1 0.2940281549265302 0.1
true 0.0015925514821979458 438 4 2 0.98 2 0.2940281549265302 0.97
true 0.00011551029545772695 1614 4 2 0.98 3 0.2940281549265302 4.69
true 2.0062932839237657e-5 1702 4 2 0.98 4 0.2940281549265302 6.56
true 0.36206263953872897 60 4 3 0.98 1 0.2940281549265302 0.1
true 0.002122845994670867 357 4 3 0.98 2 0.2940281549265302 0.8
true 2.621263980900901e-5 1203 4 3 0.98 3 0.2940281549265302 3.76
true 0.0012632025562071363 1315 4 3 0.98 4 0.2940281549265302 5.12
true 0.05750523122250849 96 4 4 0.98 1 0.2940281549265302 0.14
true 0.0016470421017935055 414 4 4 0.98 2 0.2940281549265302 0.94
true 0.0001519899709429423 1190 4 4 0.98 3 0.2940281549265302 3.49
true 0.0009598790758148373 1591 4 4 0.98 4 0.2940281549265302 6.26
true 0.08235922319441652 61 4 1 1.0 1 0.28487427258540376 0.1
true 0.0027932163054693593 220 4 1 1.0 2 0.28487427258540376 0.51
true 6.96403939903778e-7 503 4 1 1.0 3 0.28487427258540376 1.58
true 5.415296865374231e-7 818 4 1 1.0 4 0.28487427258540376 3.26
true 0.07565850714333061 104 4 2 1.0 1 0.28487427258540376 0.15
true 0.0015002256656851398 303 4 2 1.0 2 0.28487427258540376 0.67
true 2.350557709507317e-5 691 4 2 1.0 3 0.28487427258540376 2.11
true 4.55809894239767e-6 1337 4 2 1.0 4 0.28487427258540376 5.05
true 0.07342481814846046 65 4 3 1.0 1 0.28487427258540376 0.1
true 0.0020007407278569236 322 4 3 1.0 2 0.28487427258540376 0.76
true 0.00019886865609466028 1116 4 3 1.0 3 0.28487427258540376 3.33
true 0.0009120981600857688 2221 4 3 1.0 4 0.28487427258540376 8.33
true 0.27059011936613525 99 4 4 1.0 1 0.28487427258540376 0.16
true 0.0015516679388254406 373 4 4 1.0 2 0.28487427258540376 0.91
true 0.00026305124182304795 820 4 4 1.0 3 0.28487427258540376 2.54
true 0.00012925806930744188 1506 4 4 1.0 4 0.28487427258540376 5.89