changes = Time vs nsites = 4 vs nqubits0 vs h vs nlayers

g_converged min_loss iter nsites nqubits0 h nlayers SvN time
true 4.4635857898711606e-8 59 4 1 0.0 1 0.0 0.1
true 1.1248455150658643e-7 149 4 1 0.0 2 0.0 0.52
true 3.671164539031935e-8 262 4 1 0.0 3 0.0 1.28
true 2.2381565754681088e-5 354 4 1 0.0 4 0.0 2.33
true 2.6451610105060475e-7 74 4 2 0.0 1 0.0 0.13
true 3.0319267257938876e-7 167 4 2 0.0 2 0.0 0.59
true 1.2150358780216308e-7 482 4 2 0.0 3 0.0 2.19
true 6.334445518452192e-6 551 4 2 0.0 4 0.0 3.4
true 7.409716012984902e-8 74 4 3 0.0 1 0.0 0.14
true 6.32752942608672e-6 228 4 3 0.0 2 0.0 0.76
true 2.3231379006246242e-6 516 4 3 0.0 3 0.0 2.13
true 4.900780624224795e-6 501 4 3 0.0 4 0.0 3.3
true 1.0310979330074854e-7 71 4 4 0.0 1 0.0 0.15
true 1.8095318064792476e-6 277 4 4 0.0 2 0.0 0.88
true 5.507112482705523e-8 469 4 4 0.0 3 0.0 2.12
true 6.602232358321469e-7 697 4 4 0.0 4 0.0 3.98
true 1.4696156147575579e-7 60 4 1 0.02 1 1.5519341457791147e-8 0.12
true 3.2081209833112467e-7 135 4 1 0.02 2 1.5519341457791147e-8 0.48
true 1.447012119015767e-7 248 4 1 0.02 3 1.5519341457791147e-8 1.25
true 6.998066842678341e-8 366 4 1 0.02 4 1.5519341457791147e-8 2.54
true 2.3896617193375214e-7 94 4 2 0.02 1 1.5519341457791147e-8 0.16
true 2.691781474384314e-7 323 4 2 0.02 2 1.5519341457791147e-8 0.95
true 7.154977253454042e-7 518 4 2 0.02 3 1.5519341457791147e-8 2.2
true 2.2915661110345376e-7 598 4 2 0.02 4 1.5519341457791147e-8 3.61
true 3.2725398087703656e-7 62 4 3 0.02 1 1.5519341457791147e-8 0.13
true 3.8444820911938865e-7 163 4 3 0.02 2 1.5519341457791147e-8 0.57
true 2.15805565843367e-7 441 4 3 0.02 3 1.5519341457791147e-8 1.97
true 1.1822674306975292e-5 986 4 3 0.02 4 1.5519341457791147e-8 5.16
true 0.25000030394071854 77 4 4 0.02 1 1.5519341457791147e-8 0.15
true 3.8483089988272656e-7 325 4 4 0.02 2 1.5519341457791147e-8 0.99
true 6.07852398020331e-5 273 4 4 0.02 3 1.5519341457791147e-8 1.4
true 7.870410492910596e-7 1253 4 4 0.02 4 1.5519341457791147e-8 6.72
true 3.430761801870297e-7 51 4 1 0.04 1 5.221054521751489e-7 0.12
true 2.198399010056029e-7 134 4 1 0.04 2 5.221054521751489e-7 0.44
true 2.022383138178263e-7 235 4 1 0.04 3 5.221054521751489e-7 1.31
true 1.8089196224257975e-7 492 4 1 0.04 4 5.221054521751489e-7 3.37
true 4.4514471983503334e-7 70 4 2 0.04 1 5.221054521751489e-7 0.14
true 6.860791704701996e-5 191 4 2 0.04 2 5.221054521751489e-7 0.7
true 3.654929979779453e-7 256 4 2 0.04 3 5.221054521751489e-7 1.31
true 2.3458948009147385e-7 344 4 2 0.04 4 5.221054521751489e-7 2.49
true 2.9248011362836834e-7 62 4 3 0.04 1 5.221054521751489e-7 0.13
true 3.9161424040627207e-7 268 4 3 0.04 2 5.221054521751489e-7 0.88
true 2.1124333284457583e-7 324 4 3 0.04 3 5.221054521751489e-7 1.66
true 2.375326809134215e-7 557 4 3 0.04 4 5.221054521751489e-7 3.34
true 1.318299823610536e-7 85 4 4 0.04 1 5.221054521751489e-7 0.19
true 3.7635310279338086e-7 230 4 4 0.04 2 5.221054521751489e-7 0.83
true 1.8302543251802472e-7 288 4 4 0.04 3 5.221054521751489e-7 1.48
true 4.866599648463421e-5 446 4 4 0.04 4 5.221054521751489e-7 2.85
true 2.7328399115900126e-7 53 4 1 0.06 1 3.2712639605332464e-5 0.11
true 6.800567011189251e-7 157 4 1 0.06 2 3.2712639605332464e-5 0.58
true 3.571179884365172e-6 237 4 1 0.06 3 3.2712639605332464e-5 1.23
true 1.6137235725466326e-7 381 4 1 0.06 4 3.2712639605332464e-5 2.83
true 1.970812858381743e-6 74 4 2 0.06 1 3.2712639605332464e-5 0.18
true 1.64810372166313e-6 217 4 2 0.06 2 3.2712639605332464e-5 0.74
true 9.471613670819501e-6 532 4 2 0.06 3 3.2712639605332464e-5 2.4
true 4.125960652523464e-6 519 4 2 0.06 4 3.2712639605332464e-5 3.11
true 2.9399871675124998e-6 59 4 3 0.06 1 3.2712639605332464e-5 0.12
true 2.916171967089672e-6 339 4 3 0.06 2 3.2712639605332464e-5 1.05
true 5.213010336124757e-6 283 4 3 0.06 3 3.2712639605332464e-5 1.46
true 3.478950323265728e-6 1651 4 3 0.06 4 3.2712639605332464e-5 9.12
true 2.2612571969893303e-6 99 4 4 0.06 1 3.2712639605332464e-5 0.21
true 2.2757771294054652e-5 255 4 4 0.06 2 3.2712639605332464e-5 0.91
true 2.488829420303762e-5 636 4 4 0.06 3 3.2712639605332464e-5 2.76
true 2.7611419198547704e-6 510 4 4 0.06 4 3.2712639605332464e-5 3.17
true 5.886407545285799e-7 57 4 1 0.08 1 0.00031555771092967207 0.12
true 1.2282850773093212e-5 151 4 1 0.08 2 0.00031555771092967207 0.52
true 4.359149388899475e-6 257 4 1 0.08 3 0.00031555771092967207 1.38
true 4.745269339412328e-6 590 4 1 0.08 4 0.00031555771092967207 3.67
true 1.5042370855866682e-5 60 4 2 0.08 1 0.00031555771092967207 0.13
true 2.769624321893871e-5 180 4 2 0.08 2 0.00031555771092967207 0.64
true 1.4639795680171375e-5 256 4 2 0.08 3 0.00031555771092967207 1.35
true 4.7982997614104406e-6 432 4 2 0.08 4 0.00031555771092967207 2.8
true 2.093624880337523e-5 58 4 3 0.08 1 0.00031555771092967207 0.13
true 1.8415393180241473e-5 217 4 3 0.08 2 0.00031555771092967207 0.73
true 1.4258867894375212e-5 350 4 3 0.08 3 0.00031555771092967207 1.84
true 2.8575645553567213e-5 854 4 3 0.08 4 0.00031555771092967207 4.84
true 1.536002817771609e-5 124 4 4 0.08 1 0.00031555771092967207 0.24
true 2.1856712652520982e-5 295 4 4 0.08 2 0.00031555771092967207 1.0
true 2.1528044113774958e-5 680 4 4 0.08 3 0.00031555771092967207 3.11
true 2.3800052541128602e-6 621 4 4 0.08 4 0.00031555771092967207 3.73
true 2.5170107740279946e-6 81 4 1 0.1 1 0.0012584685665444728 0.16
true 0.0001254077556707145 141 4 1 0.1 2 0.0012584685665444728 0.52
true 1.3704593473384818e-5 238 4 1 0.1 3 0.0012584685665444728 1.31
true 8.582208141205694e-6 363 4 1 0.1 4 0.0012584685665444728 2.78
true 6.654802146702221e-5 88 4 2 0.1 1 0.0012584685665444728 0.17
true 8.361662899167288e-5 193 4 2 0.1 2 0.0012584685665444728 0.65
true 5.3380984217366034e-6 379 4 2 0.1 3 0.0012584685665444728 1.73
true 4.6825373815007065e-5 1119 4 2 0.1 4 0.0012584685665444728 5.93
true 8.771213893390047e-5 67 4 3 0.1 1 0.0012584685665444728 0.14
true 0.00012699287277954477 293 4 3 0.1 2 0.0012584685665444728 1.0
true 4.384479102200375e-5 360 4 3 0.1 3 0.0012584685665444728 1.72
true 9.499130560225444e-5 554 4 3 0.1 4 0.0012584685665444728 3.4
true 6.689210489978226e-5 96 4 4 0.1 1 0.0012584685665444728 0.21
true 9.322150418000774e-5 446 4 4 0.1 2 0.0012584685665444728 1.39
true 7.391708876031133e-5 353 4 4 0.1 3 0.0012584685665444728 1.75
true 5.953043517506473e-5 812 4 4 0.1 4 0.0012584685665444728 4.68
true 8.974780372816848e-6 64 4 1 0.12 1 0.002857451366537061 0.13
true 0.00031752258734579764 165 4 1 0.12 2 0.002857451366537061 0.61
true 1.4513431308815772e-5 243 4 1 0.12 3 0.002857451366537061 1.27
true 0.00014651228974477126 338 4 1 0.12 4 0.002857451366537061 2.32
true 0.0002007669700001824 62 4 2 0.12 1 0.002857451366537061 0.13
true 0.0003219475901201918 189 4 2 0.12 2 0.002857451366537061 0.67
true 0.00015626096896767527 399 4 2 0.12 3 0.002857451366537061 1.91
true 0.00011948406620912455 709 4 2 0.12 4 0.002857451366537061 4.15
true 0.00021698054504408018 109 4 3 0.12 1 0.002857451366537061 0.22
true 0.00021402664918222328 302 4 3 0.12 2 0.002857451366537061 0.95
true 0.00018718585816409247 569 4 3 0.12 3 0.002857451366537061 2.53
true 0.00014144355615536286 567 4 3 0.12 4 0.002857451366537061 3.48
true 0.0001673995245220633 87 4 4 0.12 1 0.002857451366537061 0.18
true 0.00016501626058701424 418 4 4 0.12 2 0.002857451366537061 1.35
true 0.00015911007029295599 361 4 4 0.12 3 0.002857451366537061 1.82
true 0.00013109814677651765 1402 4 4 0.12 4 0.002857451366537061 7.66
true 2.2192310724811204e-5 52 4 1 0.14 1 0.005207607228596099 0.12
true 1.6956899287601246e-5 384 4 1 0.14 2 0.005207607228596099 1.17
true 0.00040351874512661867 297 4 1 0.14 3 0.005207607228596099 1.44
true 4.866663101621427e-6 799 4 1 0.14 4 0.005207607228596099 4.34
true 0.00032400857780010006 68 4 2 0.14 1 0.005207607228596099 0.15
true 2.1078495916676543e-5 154 4 2 0.14 2 0.005207607228596099 0.56
true 4.772738277258881e-5 378 4 2 0.14 3 0.005207607228596099 1.78
true 9.058459916294614e-5 498 4 2 0.14 4 0.005207607228596099 3.11
true 0.0004241727477596509 68 4 3 0.14 1 0.005207607228596099 0.14
true 0.00043371002758313404 184 4 3 0.14 2 0.005207607228596099 0.68
true 0.0003933588939472969 290 4 3 0.14 3 0.005207607228596099 1.59
true 0.00040384568072406496 478 4 3 0.14 4 0.005207607228596099 3.16
true 0.25031715289778733 104 4 4 0.14 1 0.005207607228596099 0.2
true 0.00014265567651196298 227 4 4 0.14 2 0.005207607228596099 0.82
true 9.536247093254457e-5 367 4 4 0.14 3 0.005207607228596099 1.9
true 0.0001618599233984691 565 4 4 0.14 4 0.005207607228596099 3.47
true 5.36165279594325e-5 61 4 1 0.16 1 0.009312166724123666 0.13
true 9.774205866647234e-5 140 4 1 0.16 2 0.009312166724123666 0.55
true 2.474655656004021e-6 530 4 1 0.16 3 0.009312166724123666 2.3
true 0.0007106167603559976 343 4 1 0.16 4 0.009312166724123666 2.49
true 0.0006240386687331179 67 4 2 0.16 1 0.009312166724123666 0.13
true 0.0006223686279309415 261 4 2 0.16 2 0.009312166724123666 0.82
true 2.9564842274149017e-5 800 4 2 0.16 3 0.009312166724123666 3.38
true 6.264946567302587e-6 1422 4 2 0.16 4 0.009312166724123666 7.44
true 0.0008174224706036052 63 4 3 0.16 1 0.009312166724123666 0.14
true 3.626043032913436e-5 370 4 3 0.16 2 0.009312166724123666 1.23
true 0.0006486004307776905 864 4 3 0.16 3 0.009312166724123666 3.71
true 0.00032900894752022997 881 4 3 0.16 4 0.009312166724123666 4.91
true 0.0006367541003314686 89 4 4 0.16 1 0.009312166724123666 0.18
true 0.0008779371759769783 229 4 4 0.16 2 0.009312166724123666 0.78
true 0.0007823548445911044 557 4 4 0.16 3 0.009312166724123666 2.56
true 0.0004630224469941713 847 4 4 0.16 4 0.009312166724123666 4.85
true 0.00012686323255356458 76 4 1 0.18 1 0.01647603291411175 0.17
true 2.2507664404591843e-5 178 4 1 0.18 2 0.01647603291411175 0.65
true 3.944460941746053e-5 448 4 1 0.18 3 0.01647603291411175 2.04
true 7.493508894329537e-5 604 4 1 0.18 4 0.01647603291411175 3.49
true 0.0012004084559930628 53 4 2 0.18 1 0.01647603291411175 0.11
true 9.378562472400764e-5 764 4 2 0.18 2 0.01647603291411175 2.28
true 6.675131480951557e-5 560 4 2 0.18 3 0.01647603291411175 2.51
true 2.7306989862863063e-5 1283 4 2 0.18 4 0.01647603291411175 6.86
true 0.001568075490371042 53 4 3 0.18 1 0.01647603291411175 0.11
true 0.0021250398827488506 256 4 3 0.18 2 0.01647603291411175 0.86
true 4.453963318507004e-5 1123 4 3 0.18 3 0.01647603291411175 4.61
true 0.00013778192643010279 1430 4 3 0.18 4 0.01647603291411175 7.47
true 0.25030690728499855 71 4 4 0.18 1 0.01647603291411175 0.15
true 5.5920576427920254e-5 550 4 4 0.18 2 0.01647603291411175 1.73
true 0.0005949205639707716 365 4 4 0.18 3 0.01647603291411175 1.89
true 0.0013224645444883526 1238 4 4 0.18 4 0.01647603291411175 6.87
true 0.000291702999726029 59 4 1 0.2 1 0.028809882776728333 0.11
true 4.8059987338311405e-5 388 4 1 0.2 2 0.028809882776728333 1.15
true 9.29849573383379e-6 1166 4 1 0.2 3 0.028809882776728333 4.69
true 7.122594345432276e-6 750 4 1 0.2 4 0.028809882776728333 4.29
true 0.0023005916251199188 73 4 2 0.2 1 0.028809882776728333 0.15
true 6.646160485485053e-5 323 4 2 0.2 2 0.028809882776728333 1.0
true 0.00019407899233075954 614 4 2 0.2 3 0.028809882776728333 2.7
true 6.378456367267527e-5 1263 4 2 0.2 4 0.028809882776728333 6.86
true 0.002997261825465558 122 4 3 0.2 1 0.028809882776728333 0.25
true 0.0030223643032203373 275 4 3 0.2 2 0.028809882776728333 0.94
true 4.099531335068537e-5 1233 4 3 0.2 3 0.028809882776728333 5.2
true 0.003708040357822129 461 4 3 0.2 4 0.028809882776728333 2.97
true 0.0023714960564944904 68 4 4 0.2 1 0.028809882776728333 0.15
true 0.0032983080339417103 319 4 4 0.2 2 0.028809882776728333 1.04
true 0.0031566354482295 470 4 4 0.2 3 0.028809882776728333 2.24
true 0.00014024244969208788 1529 4 4 0.2 4 0.028809882776728333 8.24
true 0.0006466306562051827 51 4 1 0.22 1 0.04938099268332533 0.11
true 0.008445410137286835 189 4 1 0.22 2 0.04938099268332533 0.62
true 0.00010442753955780537 527 4 1 0.22 3 0.04938099268332533 2.42
true 0.00011687718490299703 641 4 1 0.22 4 0.04938099268332533 3.77
true 0.0043661041653273724 58 4 2 0.22 1 0.04938099268332533 0.13
true 0.0007231047670316626 549 4 2 0.22 2 0.04938099268332533 1.66
true 0.00014396352181594851 1450 4 2 0.22 3 0.04938099268332533 6.06
true 0.0001722076115580895 1013 4 2 0.22 4 0.04938099268332533 5.26
true 0.005671857252770455 67 4 3 0.22 1 0.04938099268332533 0.16
true 0.005749096632892674 380 4 3 0.22 2 0.04938099268332533 1.24
true 5.8998366390154246e-5 1264 4 3 0.22 3 0.04938099268332533 5.37
true 9.47060305653465e-5 757 4 3 0.22 4 0.04938099268332533 4.32
true 0.004525651627885319 96 4 4 0.22 1 0.04938099268332533 0.19
true 0.00017768285940006345 255 4 4 0.22 2 0.04938099268332533 0.87
true 6.593154058447126e-5 1651 4 4 0.22 3 0.04938099268332533 6.86
true 9.912059674005436e-5 1627 4 4 0.22 4 0.04938099268332533 8.57
true 0.001366071216166831 59 4 1 0.24 1 0.08188079160576314 0.13
true 0.0004056048842594473 211 4 1 0.24 2 0.08188079160576314 0.68
true 0.0004017044119830615 265 4 1 0.24 3 0.08188079160576314 1.33
true 1.3966553418787164e-6 679 4 1 0.24 4 0.08188079160576314 3.79
true 0.008093571894679408 103 4 2 0.24 1 0.08188079160576314 0.2
true 0.008436002737320591 186 4 2 0.24 2 0.08188079160576314 0.67
true 0.0006620755963831215 1739 4 2 0.24 3 0.08188079160576314 6.89
true 0.0008450271225373396 681 4 2 0.24 4 0.08188079160576314 3.93
true 0.010477157615279028 72 4 3 0.24 1 0.08188079160576314 0.14
true 0.010470125646109349 677 4 3 0.24 2 0.08188079160576314 2.09
true 5.241050688616541e-5 930 4 3 0.24 3 0.08188079160576314 3.76
true 0.0001122890897845193 874 4 3 0.24 4 0.08188079160576314 4.86
true 0.008438025477771921 80 4 4 0.24 1 0.08188079160576314 0.19
true 0.0003206666084705351 450 4 4 0.24 2 0.08188079160576314 1.43
true 0.00010056336257643905 596 4 4 0.24 3 0.08188079160576314 2.64
true 5.345972929550469e-5 1923 4 4 0.24 4 0.08188079160576314 10.14
true 0.00274308363131176 58 4 1 0.26 1 0.1297967786166197 0.12
true 0.0004269012560935703 439 4 1 0.26 2 0.1297967786166197 1.38
true 0.00023499550439953776 983 4 1 0.26 3 0.1297967786166197 3.89
true 8.81042750422445e-8 640 4 1 0.26 4 0.1297967786166197 3.65
true 0.014465025235607637 64 4 2 0.26 1 0.1297967786166197 0.13
true 0.00027004223762647217 328 4 2 0.26 2 0.1297967786166197 1.02
true 0.00021323302962908408 694 4 2 0.26 3 0.1297967786166197 2.95
true 7.248433629702955e-7 1229 4 2 0.26 4 0.1297967786166197 6.32
true 0.3339327810977247 67 4 3 0.26 1 0.1297967786166197 0.14
true 0.0005297187344761034 415 4 3 0.26 2 0.1297967786166197 1.32
true 0.00965921452095636 384 4 3 0.26 3 0.1297967786166197 1.83
true 8.970325936075163e-5 3303 4 3 0.26 4 0.1297967786166197 16.99
true 0.015172559362614343 104 4 4 0.26 1 0.1297967786166197 0.19
true 0.020578146512337983 205 4 4 0.26 2 0.1297967786166197 0.72
true 0.007244615334670759 2021 4 4 0.26 3 0.1297967786166197 8.34
true 0.00027325695147734086 822 4 4 0.26 4 0.1297967786166197 5.12
true 0.005214634179733946 50 4 1 0.28 1 0.1955000413843353 0.1
true 0.0008075410934296756 502 4 1 0.28 2 0.1955000413843353 1.57
true 5.5089034216970756e-5 345 4 1 0.28 3 0.1955000413843353 1.6
true 2.1066295142757596e-6 1297 4 1 0.28 4 0.1955000413843353 6.98
true 0.024765691488051994 88 4 2 0.28 1 0.1955000413843353 0.17
true 0.025677748040251108 408 4 2 0.28 2 0.1955000413843353 1.22
true 0.002542871474145808 1288 4 2 0.28 3 0.1955000413843353 5.24
true 5.312073398877626e-6 1469 4 2 0.28 4 0.1955000413843353 7.67
true 0.031805913495460435 74 4 3 0.28 1 0.1955000413843353 0.16
true 0.03199449226160974 464 4 3 0.28 2 0.1955000413843353 1.43
true 0.000859855542939251 1378 4 3 0.28 3 0.1955000413843353 5.67
true 4.270001015641937e-6 1011 4 3 0.28 4 0.1955000413843353 5.66
true 0.026141804565699228 95 4 4 0.28 1 0.1955000413843353 0.19
true 0.0008984767347333111 398 4 4 0.28 2 0.1955000413843353 1.28
true 0.00037146385324275666 769 4 4 0.28 3 0.1955000413843353 3.42
true 0.0001772251511060613 783 4 4 0.28 4 0.1955000413843353 4.63
true 0.009288325710309686 60 4 1 0.3 1 0.27725966462546564 0.13
true 0.0014181007129952516 357 4 1 0.3 2 0.27725966462546564 1.09
true 1.3853412944353494e-5 718 4 1 0.3 3 0.27725966462546564 2.99
true 1.9722117033937892e-7 587 4 1 0.3 4 0.27725966462546564 3.61
true 0.04017622287796099 74 4 2 0.3 1 0.27725966462546564 0.14
true 0.0416847004161468 411 4 2 0.3 2 0.27725966462546564 1.27
true 0.00011533013976222639 705 4 2 0.3 3 0.27725966462546564 2.98
true 0.0003554000036805338 1083 4 2 0.3 4 0.27725966462546564 5.72
true 0.051368292179296914 66 4 3 0.3 1 0.27725966462546564 0.14
true 0.051510829191130314 359 4 3 0.3 2 0.27725966462546564 1.16
true 8.652415985540192e-5 770 4 3 0.3 3 0.27725966462546564 3.33
true 0.0007314803940262071 567 4 3 0.3 4 0.27725966462546564 3.41
true 0.04268707493132792 90 4 4 0.3 1 0.27725966462546564 0.18
true 0.001352314028185822 281 4 4 0.3 2 0.27725966462546564 0.94
true 0.00011469362889474088 1173 4 4 0.3 3 0.27725966462546564 5.09
true 0.0002187331025987893 871 4 4 0.3 4 0.27725966462546564 4.94
true 0.015317370426372767 54 4 1 0.32 1 0.3673031991535092 0.12
true 0.002277102757485272 521 4 1 0.32 2 0.3673031991535092 1.57
true 0.0022443313350276606 364 4 1 0.32 3 0.3673031991535092 1.69
true 8.715809068915448e-8 550 4 1 0.32 4 0.3673031991535092 3.23
true 0.06102528144973082 82 4 2 0.32 1 0.3673031991535092 0.15
true 0.06310285502357521 455 4 2 0.32 2 0.3673031991535092 1.36
true 0.005692453110837492 853 4 2 0.32 3 0.3673031991535092 3.47
true 5.36389274052862e-6 789 4 2 0.32 4 0.3673031991535092 4.44
true 0.07755929579273209 69 4 3 0.32 1 0.3673031991535092 0.15
true 0.0773904935527031 347 4 3 0.32 2 0.3673031991535092 1.1
true 0.039914506395824854 948 4 3 0.32 3 0.3673031991535092 3.81
true 4.0054058592845866e-5 1312 4 3 0.32 4 0.3673031991535092 6.99
true 0.06529539173234963 72 4 4 0.32 1 0.3673031991535092 0.16
true 0.0018603880278091067 422 4 4 0.32 2 0.3673031991535092 1.44
true 7.134223400602491e-5 845 4 4 0.32 3 0.3673031991535092 3.76
true 0.0007574567933542053 565 4 4 0.32 4 0.3673031991535092 3.65
true 0.02320784853313307 49 4 1 0.34 1 0.4534331841925793 0.1
true 0.0033200009089724425 182 4 1 0.34 2 0.4534331841925793 0.6
true 0.003665610843968159 965 4 1 0.34 3 0.4534331841925793 3.89
true 9.930344230246746e-8 563 4 1 0.34 4 0.4534331841925793 3.7
true 0.08611174491669879 67 4 2 0.34 1 0.4534331841925793 0.14
true 0.08819198151504223 500 4 2 0.34 2 0.4534331841925793 1.57
true 0.009630952258929043 720 4 2 0.34 3 0.4534331841925793 3.08
true 3.32594744464898e-6 598 4 2 0.34 4 0.4534331841925793 3.57
true 0.10873094509985104 79 4 3 0.34 1 0.4534331841925793 0.15
true 0.002688713530728082 397 4 3 0.34 2 0.4534331841925793 1.26
true 0.0012385960159970362 485 4 3 0.34 3 0.4534331841925793 2.28
true 0.0008753842925264635 918 4 3 0.34 4 0.4534331841925793 5.19
true 0.09283942187867782 82 4 4 0.34 1 0.4534331841925793 0.17
true 0.08298641518480417 373 4 4 0.34 2 0.4534331841925793 1.24
true 0.08804977713767279 314 4 4 0.34 3 0.4534331841925793 1.56
true 0.0010882681921928206 2202 4 4 0.34 4 0.4534331841925793 11.55
true 0.03233986816338369 55 4 1 0.36 1 0.5242078864035358 0.12
true 0.0044073706914005695 193 4 1 0.36 2 0.5242078864035358 0.65
true 4.543991135363967e-6 1953 4 1 0.36 3 0.5242078864035358 7.66
true 5.683028861946937e-7 440 4 1 0.36 4 0.5242078864035358 2.94
true 0.11275123861028172 101 4 2 0.36 1 0.5242078864035358 0.19
true 0.11325725891635699 275 4 2 0.36 2 0.5242078864035358 0.85
true 7.190829107717178e-5 281 4 2 0.36 3 0.5242078864035358 1.39
true 0.0001201123224789935 1628 4 2 0.36 4 0.5242078864035358 8.44
true 0.14130413990261456 80 4 3 0.36 1 0.5242078864035358 0.17
true 0.0033456209063379614 199 4 3 0.36 2 0.5242078864035358 0.68
true 0.07128827307506476 606 4 3 0.36 3 0.5242078864035358 2.59
true 0.00013827224616299225 1013 4 3 0.36 4 0.5242078864035358 5.6
true 0.26913111895308633 81 4 4 0.36 1 0.5242078864035358 0.17
true 0.0027739235975010323 306 4 4 0.36 2 0.5242078864035358 0.99
true 0.00010755026039391269 744 4 4 0.36 3 0.5242078864035358 3.18
true 0.00011420519794613782 1695 4 4 0.36 4 0.5242078864035358 8.97
true 0.041853503278945214 85 4 1 0.38 1 0.5738898971784198 0.16
true 0.005396579577933436 160 4 1 0.38 2 0.5738898971784198 0.55
true 2.3571494355278944e-6 744 4 1 0.38 3 0.5738898971784198 2.97
true 2.0375878861944585e-7 423 4 1 0.38 4 0.5738898971784198 2.7
true 0.1378133439765559 99 4 2 0.38 1 0.5738898971784198 0.18
true 0.0027552018873743533 223 4 2 0.38 2 0.5738898971784198 0.7
true 0.003016476033258303 349 4 2 0.38 3 0.5738898971784198 1.67
true 5.204616554899122e-5 917 4 2 0.38 4 0.5738898971784198 4.87
true 0.17122927986878675 63 4 3 0.38 1 0.5738898971784198 0.14
true 0.0039061267513162043 186 4 3 0.38 2 0.5738898971784198 0.65
true 7.632772027177381e-5 907 4 3 0.38 3 0.5738898971784198 3.9
true 0.0003599733199329454 556 4 3 0.38 4 0.5738898971784198 3.38
true 0.15125281812620536 135 4 4 0.38 1 0.5738898971784198 0.3
true 0.0031178596503407957 580 4 4 0.38 2 0.5738898971784198 1.81
true 0.06575200304504235 1051 4 4 0.38 3 0.5738898971784198 4.65
true 0.0002070632225633917 449 4 4 0.38 4 0.5738898971784198 2.92
true 0.051074953823176505 51 4 1 0.4 1 0.6032626509160969 0.11
true 0.006204672734959948 182 4 1 0.4 2 0.6032626509160969 0.6
true 0.0007428310892176326 409 4 1 0.4 3 0.6032626509160969 1.87
true 1.827996765069173e-7 453 4 1 0.4 4 0.6032626509160969 3.16
true 0.1589705228860022 86 4 2 0.4 1 0.6032626509160969 0.17
true 0.0031523757472173286 270 4 2 0.4 2 0.6032626509160969 0.84
true 0.016455282850678515 778 4 2 0.4 3 0.6032626509160969 3.24
true 6.294763241543322e-6 2625 4 2 0.4 4 0.6032626509160969 13.17
true 0.19557656885061517 95 4 3 0.4 1 0.6032626509160969 0.19
true 0.004352656216773591 243 4 3 0.4 2 0.6032626509160969 0.85
true 0.08027683241930811 499 4 3 0.4 3 0.6032626509160969 2.19
true 1.6331920473566797e-5 4308 4 3 0.4 4 0.6032626509160969 21.88
true 0.17605369889588413 91 4 4 0.4 1 0.6032626509160969 0.19
true 0.0033838222749963953 323 4 4 0.4 2 0.6032626509160969 1.08
true 0.07398337614378125 1631 4 4 0.4 3 0.6032626509160969 6.93
true 2.5071793102710016e-5 2569 4 4 0.4 4 0.6032626509160969 13.05
true 0.05971820070444828 90 4 1 0.42 1 0.6168497726156195 0.17
true 0.006818059115579145 166 4 1 0.42 2 0.6168497726156195 0.57
true 1.9395387576004453e-6 530 4 1 0.42 3 0.6168497726156195 2.35
true 6.870725595131688e-7 793 4 1 0.42 4 0.6168497726156195 4.45
true 0.17529350777292668 80 4 2 0.42 1 0.6168497726156195 0.15
true 0.003451343525517292 356 4 2 0.42 2 0.6168497726156195 1.08
true 0.01878614483514221 1194 4 2 0.42 3 0.6168497726156195 4.87
true 6.235630620160526e-6 596 4 2 0.42 4 0.6168497726156195 3.62
true 0.21321211714971908 79 4 3 0.42 1 0.6168497726156195 0.16
true 0.004693834939781538 263 4 3 0.42 2 0.6168497726156195 0.89
true 7.461033191160278e-5 979 4 3 0.42 3 0.6168497726156195 4.16
true 1.78030265646593e-5 1170 4 3 0.42 4 0.6168497726156195 6.18
true 0.1954322829954323 105 4 4 0.42 1 0.6168497726156195 0.21
true 0.0035954606607055545 241 4 4 0.42 2 0.6168497726156195 0.88
true 0.00013341805757029201 1942 4 4 0.42 3 0.6168497726156195 8.03
true 2.047283556719237e-5 1134 4 4 0.42 4 0.6168497726156195 6.16
true 0.067810797554404 57 4 1 0.44 1 0.6197629413526827 0.14
true 0.0072627230519412 174 4 1 0.44 2 0.6197629413526827 0.64
true 1.7346583093824641e-6 865 4 1 0.44 3 0.6197629413526827 3.55
true 2.3172017127315314e-7 475 4 1 0.44 4 0.6197629413526827 3.13
true 0.18699652207194323 98 4 2 0.44 1 0.6197629413526827 0.2
true 0.0036738198483054207 467 4 2 0.44 2 0.6197629413526827 1.61
true 0.020424769520474312 505 4 2 0.44 3 0.6197629413526827 2.14
true 9.524014911194145e-6 1282 4 2 0.44 4 0.6197629413526827 6.62
true 0.2244300790617579 52 4 3 0.44 1 0.6197629413526827 0.12
true 0.004949459697992505 295 4 3 0.44 2 0.6197629413526827 0.92
true 4.6588984236687704e-5 978 4 3 0.44 3 0.6197629413526827 4.47
true 1.0312474089724244e-5 1765 4 3 0.44 4 0.6197629413526827 8.92
true 0.20686283709461076 149 4 4 0.44 1 0.6197629413526827 0.28
true 0.003761347601982032 486 4 4 0.44 2 0.6197629413526827 1.49
true 5.273550811883687e-5 1265 4 4 0.44 3 0.6197629413526827 5.22
true 0.00017765441635654577 881 4 4 0.44 4 0.6197629413526827 5.27
true 0.07551751152989156 55 4 1 0.46 1 0.6160458563573982 0.11
true 0.007571392683817957 191 4 1 0.46 2 0.6160458563573982 0.62
true 4.006938209566435e-7 362 4 1 0.46 3 0.6160458563573982 1.73
true 1.4863071830517605e-6 511 4 1 0.46 4 0.6160458563573982 3.17
true 0.19484162347363287 86 4 2 0.46 1 0.6160458563573982 0.16
true 0.003834061570408165 268 4 2 0.46 2 0.6160458563573982 0.85
true 0.022018115093054402 767 4 2 0.46 3 0.6160458563573982 3.25
true 0.00011031102445652197 975 4 2 0.46 4 0.6160458563573982 5.46
true 0.23022135561163956 63 4 3 0.46 1 0.6160458563573982 0.15
true 0.005137592671520641 245 4 3 0.46 2 0.6160458563573982 0.78
true 4.017108819261613e-5 778 4 3 0.46 3 0.6160458563573982 3.23
true 6.090910203108516e-5 725 4 3 0.46 4 0.6160458563573982 4.32
true 0.20050868279445921 131 4 4 0.46 1 0.6160458563573982 0.28
true 0.003889883877884706 547 4 4 0.46 2 0.6160458563573982 1.76
true 7.219184793104405e-5 363 4 4 0.46 3 0.6160458563573982 1.74
true 3.4362734468246225e-5 2092 4 4 0.46 4 0.6160458563573982 11.16
true 0.08301075143798109 55 4 1 0.48 1 0.6083694839555642 0.13
true 0.007775047515669542 153 4 1 0.48 2 0.6083694839555642 0.58
true 9.11965649769142e-6 261 4 1 0.48 3 0.6083694839555642 1.32
true 7.878579101339156e-7 436 4 1 0.48 4 0.6083694839555642 3.08
true 0.19966315019614586 64 4 2 0.48 1 0.6083694839555642 0.14
true 0.003941853370268367 270 4 2 0.48 2 0.6083694839555642 0.87
true 0.023393250323362258 790 4 2 0.48 3 0.6083694839555642 3.27
true 2.565997486297933e-6 3654 4 2 0.48 4 0.6083694839555642 18.87
true 0.23171887104363398 70 4 3 0.48 1 0.6083694839555642 0.14
true 0.005269501003449177 440 4 3 0.48 2 0.6083694839555642 1.41
true 0.00010154748950325088 560 4 3 0.48 3 0.6083694839555642 2.43
true 0.0003535841361675396 890 4 3 0.48 4 0.6083694839555642 5.04
true 0.19280646490978542 105 4 4 0.48 1 0.6083694839555642 0.2
true 0.003985275177523714 338 4 4 0.48 2 0.6083694839555642 1.05
true 4.873457521215041e-5 431 4 4 0.48 3 0.6083694839555642 2.03
true 5.684946511427813e-5 764 4 4 0.48 4 0.6083694839555642 4.67
true 0.09042069442431627 60 4 1 0.5 1 0.5983249863531529 0.12
true 0.00789434165216818 165 4 1 0.5 2 0.5983249863531529 0.59
true 0.0026409582538262644 603 4 1 0.5 3 0.5983249863531529 2.58
true 1.0259698962622466e-7 579 4 1 0.5 4 0.5983249863531529 3.43
true 0.20214937159885882 74 4 2 0.5 1 0.5983249863531529 0.16
true 0.004011344288133295 367 4 2 0.5 2 0.5983249863531529 1.15
true 0.02398818380079268 1068 4 2 0.5 3 0.5983249863531529 4.19
true 4.245759077092792e-7 506 4 2 0.5 4 0.5983249863531529 3.39
true 0.24811791673027184 56 4 3 0.5 1 0.5983249863531529 0.13
true 0.005354044809816476 382 4 3 0.5 2 0.5983249863531529 1.16
true 9.7617105047391e-5 1060 4 3 0.5 3 0.5983249863531529 4.46
true 3.832019486356882e-6 1840 4 3 0.5 4 0.5983249863531529 9.45
true 0.18466303800907524 73 4 4 0.5 1 0.5983249863531529 0.16
true 0.004050391297255304 274 4 4 0.5 2 0.5983249863531529 0.89
true 8.485017066624245e-5 1596 4 4 0.5 3 0.5983249863531529 6.85
true 0.0004555710978301625 2499 4 4 0.5 4 0.5983249863531529 12.58
true 0.09782349879087976 56 4 1 0.52 1 0.5868107723568018 0.14
true 0.007942994645522394 180 4 1 0.52 2 0.5868107723568018 0.6
true 1.8337168421478367e-6 558 4 1 0.52 3 0.5868107723568018 2.33
true 2.7742258879026593e-7 428 4 1 0.52 4 0.5868107723568018 2.64
true 0.2028023666676389 67 4 2 0.52 1 0.5868107723568018 0.13
true 0.004046081232068621 295 4 2 0.52 2 0.5868107723568018 0.94
true 6.17056423721507e-5 728 4 2 0.52 3 0.5868107723568018 3.01
true 4.066239760494583e-5 1076 4 2 0.52 4 0.5868107723568018 5.92
true 0.23644296007529167 73 4 3 0.52 1 0.5868107723568018 0.16
true 0.0053973615314834205 482 4 3 0.52 2 0.5868107723568018 1.57
true 0.00018828311449381463 320 4 3 0.52 3 0.5868107723568018 1.56
true 0.002548486080995264 605 4 3 0.52 4 0.5868107723568018 3.62
true 0.17643655206168435 144 4 4 0.52 1 0.5868107723568018 0.3
true 0.004086412720232649 344 4 4 0.52 2 0.5868107723568018 1.16
true 8.561851258752362e-5 388 4 4 0.52 3 0.5868107723568018 1.87
true 0.00116264849685227 2850 4 4 0.52 4 0.5868107723568018 14.95
true 0.10525391734049727 54 4 1 0.54 1 0.5743296695059446 0.12
true 0.007930023784979034 181 4 1 0.54 2 0.5743296695059446 0.61
true 2.867407784767906e-6 848 4 1 0.54 3 0.5743296695059446 3.48
true 1.867453433557209e-7 443 4 1 0.54 4 0.5743296695059446 2.79
true 0.21083295393663573 52 4 2 0.54 1 0.5743296695059446 0.11
true 0.0040509426899106304 334 4 2 0.54 2 0.5743296695059446 1.06
true 0.1021515902496449 515 4 2 0.54 3 0.5743296695059446 2.4
true 2.459182957270656e-7 638 4 2 0.54 4 0.5743296695059446 3.99
true 0.2194978822485453 83 4 3 0.54 1 0.5743296695059446 0.16
true 0.005402357145776193 206 4 3 0.54 2 0.5743296695059446 0.74
true 0.0006842938241089872 1209 4 3 0.54 3 0.5743296695059446 5.01
true 4.064639497982266e-5 871 4 3 0.54 4 0.5743296695059446 4.77
true 0.1683027884804662 109 4 4 0.54 1 0.5743296695059446 0.23
true 0.004094556291590237 453 4 4 0.54 2 0.5743296695059446 1.45
true 0.053840226808065134 1201 4 4 0.54 3 0.5743296695059446 5.2
true 0.002064909190886907 1670 4 4 0.54 4 0.5743296695059446 8.59
true 0.11271798053164839 49 4 1 0.56 1 0.5611752507606665 0.11
true 0.007863142313713045 172 4 1 0.56 2 0.5611752507606665 0.6
true 9.637511377280639e-7 785 4 1 0.56 3 0.5611752507606665 3.49
true 2.89786223017785e-7 454 4 1 0.56 4 0.5611752507606665 2.83
true 0.1998651069953325 88 4 2 0.56 1 0.5611752507606665 0.16
true 0.004029006919922307 562 4 2 0.56 2 0.5611752507606665 1.75
true 0.026884345680436877 756 4 2 0.56 3 0.5611752507606665 3.35
true 0.00012673818370900758 961 4 2 0.56 4 0.5611752507606665 5.02
true 0.21185799396249325 66 4 3 0.56 1 0.5611752507606665 0.14
true 0.005372334561179359 342 4 3 0.56 2 0.5611752507606665 1.12
true 5.5112894288740964e-5 538 4 3 0.56 3 0.5611752507606665 2.45
true 6.4289720359804e-5 2398 4 3 0.56 4 0.5611752507606665 12.09
true 0.16035590720353216 114 4 4 0.56 1 0.5611752507606665 0.23
true 0.004077410827826478 739 4 4 0.56 2 0.5611752507606665 2.4
true 0.0001768579976602208 1450 4 4 0.56 3 0.5611752507606665 5.93
true 0.0004592854299642346 2722 4 4 0.56 4 0.5611752507606665 13.98
true 0.12020473399703963 50 4 1 0.58 1 0.5475360323215799 0.12
true 0.007748619829051728 175 4 1 0.58 2 0.5475360323215799 0.57
true 1.0274103312113425e-5 1158 4 1 0.58 3 0.5475360323215799 4.59
true 5.580853045805689e-7 466 4 1 0.58 4 0.5475360323215799 3.35
true 0.19663645636382482 57 4 2 0.58 1 0.5475360323215799 0.11
true 0.0039825127505443425 331 4 2 0.58 2 0.5475360323215799 1.09
true 9.863220336636669e-5 533 4 2 0.58 3 0.5475360323215799 2.39
true 1.1274129667920851e-5 1743 4 2 0.58 4 0.5475360323215799 8.87
true 0.20305595086966077 67 4 3 0.58 1 0.5475360323215799 0.13
true 0.00531065878766344 172 4 3 0.58 2 0.5475360323215799 0.6
true 5.240624594937682e-5 870 4 3 0.58 3 0.5475360323215799 3.75
true 0.0004448461734179269 1844 4 3 0.58 4 0.5475360323215799 9.38
true 0.1526495669260145 108 4 4 0.58 1 0.5475360323215799 0.23
true 0.004035934161993146 359 4 4 0.58 2 0.5475360323215799 1.15
true 0.0001298811064267824 1277 4 4 0.58 3 0.5475360323215799 5.54
true 1.1439648146677195e-5 2064 4 4 0.58 4 0.5475360323215799 11.09
true 0.12769470657104698 57 4 1 0.6 1 0.533549180191324 0.13
true 0.007592866323150649 227 4 1 0.6 2 0.533549180191324 0.7
true 0.007772138487093794 275 4 1 0.6 3 0.533549180191324 1.35
true 7.881259632136484e-7 505 4 1 0.6 4 0.533549180191324 3.25
true 0.19446566070686444 70 4 2 0.6 1 0.533549180191324 0.14
true 0.003915016236749308 212 4 2 0.6 2 0.533549180191324 0.69
true 0.0035208258302398265 1224 4 2 0.6 3 0.533549180191324 5.01
true 0.00020100116307236737 855 4 2 0.6 4 0.533549180191324 4.71
true 0.19354409533718706 66 4 3 0.6 1 0.533549180191324 0.13
true 0.005221027958821363 253 4 3 0.6 2 0.533549180191324 0.84
true 0.00031556561204881817 801 4 3 0.6 3 0.533549180191324 3.47
true 0.0004937592506305729 3285 4 3 0.6 4 0.533549180191324 16.58
true 0.14521458271502016 137 4 4 0.6 1 0.533549180191324 0.27
true 0.003974147633455036 259 4 4 0.6 2 0.533549180191324 0.91
true 0.00023693082891858286 1744 4 4 0.6 3 0.533549180191324 7.09
true 0.0009265472643563977 1255 4 4 0.6 4 0.533549180191324 6.83
true 0.13516320740735355 68 4 1 0.62 1 0.5193262561278011 0.13
true 0.007402123034019714 249 4 1 0.62 2 0.5193262561278011 0.78
true 8.915942231457752e-6 373 4 1 0.62 3 0.5193262561278011 1.64
true 3.057165494646519e-7 575 4 1 0.62 4 0.5193262561278011 3.44
true 0.18817227858474947 65 4 2 0.62 1 0.5193262561278011 0.12
true 0.0038288305952661195 228 4 2 0.62 2 0.5193262561278011 0.76
true 4.483560042164991e-5 929 4 2 0.62 3 0.5193262561278011 4.01
true 8.851186609731831e-6 1297 4 2 0.62 4 0.5193262561278011 6.71
true 0.18408151804806225 71 4 3 0.62 1 0.5193262561278011 0.14
true 0.005105233228091699 686 4 3 0.62 2 0.5193262561278011 2.18
true 0.0001633697175435674 596 4 3 0.62 3 0.5193262561278011 2.62
true 0.0025015670621020094 1332 4 3 0.62 4 0.5193262561278011 6.9
true 0.1380726397040981 96 4 4 0.62 1 0.5193262561278011 0.18
true 0.2336452381773219 181 4 4 0.62 2 0.5193262561278011 0.68
true 0.00019500116380255506 1868 4 4 0.62 3 0.5193262561278011 7.76
true 3.930691303027922e-6 2447 4 4 0.62 4 0.5193262561278011 12.89
true 0.142585786166117 53 4 1 0.64 1 0.5049645940759805 0.14
true 0.007182619477727248 447 4 1 0.64 2 0.5049645940759805 1.37
true 2.944957167017037e-7 871 4 1 0.64 3 0.5049645940759805 3.55
true 8.900751413687402e-8 458 4 1 0.64 4 0.5049645940759805 3.01
true 0.1804611419968437 52 4 2 0.64 1 0.5049645940759805 0.11
true 0.003727193310125887 353 4 2 0.64 2 0.5049645940759805 1.13
true 2.22605099653439e-6 1667 4 2 0.64 3 0.5049645940759805 6.75
true 1.7724400830365639e-6 839 4 2 0.64 4 0.5049645940759805 4.84
true 0.1749761146999055 89 4 3 0.64 1 0.5049645940759805 0.19
true 0.004970145717797099 154 4 3 0.64 2 0.5049645940759805 0.55
true 0.0002137938564954108 1584 4 3 0.64 3 0.5049645940759805 6.58
true 0.0005966858306292547 2588 4 3 0.64 4 0.5049645940759805 13.06
true 0.13123525342045744 87 4 4 0.64 1 0.5049645940759805 0.18
true 0.0037959108448956114 308 4 4 0.64 2 0.5049645940759805 1.02
true 0.0005252647179721515 1004 4 4 0.64 3 0.5049645940759805 4.16
true 2.6547729500059347e-5 684 4 4 0.64 4 0.5049645940759805 4.21
true 0.14993817081123106 57 4 1 0.66 1 0.49055177436486347 0.12
true 0.006939594665175464 170 4 1 0.66 2 0.49055177436486347 0.58
true 2.50462305129151e-6 715 4 1 0.66 3 0.49055177436486347 2.91
true 4.0533984119184296e-7 387 4 1 0.66 4 0.49055177436486347 2.46
true 0.17272296202240317 54 4 2 0.66 1 0.49055177436486347 0.11
true 0.0036129894396159656 516 4 2 0.66 2 0.49055177436486347 1.52
true 0.00015711094611614573 399 4 2 0.66 3 0.49055177436486347 1.84
true 9.87176595135253e-7 1117 4 2 0.66 4 0.49055177436486347 5.94
true 0.1662775993333445 64 4 3 0.66 1 0.49055177436486347 0.13
true 0.004817206694221495 451 4 3 0.66 2 0.49055177436486347 1.45
true 3.984160968560172e-5 871 4 3 0.66 3 0.49055177436486347 3.56
true 3.170927608394288e-6 2107 4 3 0.66 4 0.49055177436486347 11.31
true 0.1247090652343889 77 4 4 0.66 1 0.49055177436486347 0.17
true 0.003683705717308264 225 4 4 0.66 2 0.49055177436486347 0.78
true 0.0002427976212737437 1896 4 4 0.66 3 0.49055177436486347 7.6
true 2.9464627934933096e-5 1519 4 4 0.66 4 0.49055177436486347 7.9
true 0.15719954450749735 69 4 1 0.68 1 0.4761670391572981 0.13
true 0.00667976738619086 161 4 1 0.68 2 0.4761670391572981 0.57
true 2.1248919552241397e-6 628 4 1 0.68 3 0.4761670391572981 2.67
true 1.5924851559656616e-7 404 4 1 0.68 4 0.4761670391572981 2.65
true 0.1641611511420778 60 4 2 0.68 1 0.4761670391572981 0.12
true 0.0034881176289427718 269 4 2 0.68 2 0.4761670391572981 0.87
true 0.00026955038705650525 1266 4 2 0.68 3 0.4761670391572981 5.2
true 8.081360005790517e-5 1192 4 2 0.68 4 0.4761670391572981 6.54
true 0.15799318795269393 82 4 3 0.68 1 0.4761670391572981 0.16
true 0.004651023871576972 287 4 3 0.68 2 0.4761670391572981 0.91
true 0.0003035529955970895 2187 4 3 0.68 3 0.4761670391572981 9.15
true 9.415694131912714e-6 1873 4 3 0.68 4 0.4761670391572981 9.76
true 0.11849539183524367 78 4 4 0.68 1 0.4761670391572981 0.17
true 0.003561729835838204 479 4 4 0.68 2 0.4761670391572981 1.51
true 0.0001937939510657516 799 4 4 0.68 3 0.4761670391572981 3.41
true 0.00032214847529021817 905 4 4 0.68 4 0.4761670391572981 5.03
true 0.16434899742948073 55 4 1 0.7 1 0.46188152135118604 0.12
true 0.0064076169218292844 199 4 1 0.7 2 0.46188152135118604 0.68
true 5.137573666880169e-6 1002 4 1 0.7 3 0.46188152135118604 4.02
true 1.1250841811916157e-5 492 4 1 0.7 4 0.46188152135118604 3.45
true 0.15592985391443934 72 4 2 0.7 1 0.46188152135118604 0.14
true 0.0033560461382129425 359 4 2 0.7 2 0.46188152135118604 1.12
true 0.03175071817679748 840 4 2 0.7 3 0.46188152135118604 3.38
true 2.9055330011407143e-7 1070 4 2 0.7 4 0.46188152135118604 5.7
true 0.15012418009107387 75 4 3 0.7 1 0.46188152135118604 0.15
true 0.0044757618543280015 223 4 3 0.7 2 0.46188152135118604 0.74
true 6.037443319030963e-5 719 4 3 0.7 3 0.46188152135118604 3.03
true 4.570141252916808e-6 1901 4 3 0.7 4 0.46188152135118604 9.98
true 0.11259329554904898 115 4 4 0.7 1 0.46188152135118604 0.24
true 0.0034314501251154206 322 4 4 0.7 2 0.46188152135118604 1.05
true 0.00025676570441457436 1229 4 4 0.7 3 0.46188152135118604 5.18
true 0.0010598530800719347 1917 4 4 0.7 4 0.46188152135118604 10.05
true 0.16449152738983042 68 4 1 0.72 1 0.4477581467864862 0.13
true 0.006128228271165104 291 4 1 0.72 2 0.4477581467864862 0.9
true 2.217681076649436e-5 314 4 1 0.72 3 0.4477581467864862 1.45
true 4.6005371923119043e-7 350 4 1 0.72 4 0.4477581467864862 2.34
true 0.14812088568880713 86 4 2 0.72 1 0.4477581467864862 0.17
true 0.003219542571328532 259 4 2 0.72 2 0.4477581467864862 0.8
true 4.5697019247031845e-5 671 4 2 0.72 3 0.4477581467864862 2.97
true 5.350390196445787e-7 1931 4 2 0.72 4 0.4477581467864862 9.83
true 0.14266398006793993 60 4 3 0.72 1 0.4477581467864862 0.14
true 0.00429196338196645 259 4 3 0.72 2 0.4477581467864862 0.82
true 0.00024987743097818854 2385 4 3 0.72 3 0.4477581467864862 9.79
true 0.0014720584748963612 1100 4 3 0.72 4 0.4477581467864862 5.81
true 0.10699837494780708 90 4 4 0.72 1 0.4477581467864862 0.18
true 0.003295431335853291 479 4 4 0.72 2 0.4477581467864862 1.5
true 0.0002317673840597917 592 4 4 0.72 3 0.4477581467864862 2.58
true 8.565992746890905e-5 837 4 4 0.72 4 0.4477581467864862 4.93
true 0.15610692307364749 61 4 1 0.74 1 0.433851572131634 0.12
true 0.005845072179019417 251 4 1 0.74 2 0.433851572131634 0.85
true 9.401410172582558e-8 578 4 1 0.74 3 0.433851572131634 2.43
true 2.4179436705074053e-6 631 4 1 0.74 4 0.433851572131634 3.7
true 0.1407298411748121 60 4 2 0.74 1 0.433851572131634 0.13
true 0.0030785054989520277 373 4 2 0.74 2 0.433851572131634 1.14
true 3.1258801466427233e-6 615 4 2 0.74 3 0.433851572131634 2.66
true 1.1240765850711876e-5 1258 4 2 0.74 4 0.433851572131634 6.54
true 0.13560338242639888 73 4 3 0.74 1 0.433851572131634 0.15
true 0.0041046720729691994 178 4 3 0.74 2 0.433851572131634 0.6
true 5.140574519248616e-5 1031 4 3 0.74 3 0.433851572131634 4.31
true 0.001730041169036245 1004 4 3 0.74 4 0.433851572131634 5.56
true 0.10170360423371815 138 4 4 0.74 1 0.433851572131634 0.28
true 0.0031558075462826546 329 4 4 0.74 2 0.433851572131634 1.07
true 6.675553824295188e-5 549 4 4 0.74 3 0.433851572131634 2.37
true 9.373480451096983e-5 750 4 4 0.74 4 0.433851572131634 4.37
true 0.1481788190277044 69 4 1 0.76 1 0.4202082855607151 0.15
true 0.005561955554256204 215 4 1 0.76 2 0.4202082855607151 0.66
true 3.757274356058771e-5 459 4 1 0.76 3 0.4202082855607151 2.12
true 5.200534302640669e-7 376 4 1 0.76 4 0.4202082855607151 2.38
true 0.13374343842315575 75 4 2 0.76 1 0.4202082855607151 0.14
true 0.0704015064627187 450 4 2 0.76 2 0.4202082855607151 1.33
true 0.028626171170890086 904 4 2 0.76 3 0.4202082855607151 3.62
true 2.610512081391292e-6 1417 4 2 0.76 4 0.4202082855607151 7.35
true 0.12893141228978788 70 4 3 0.76 1 0.4202082855607151 0.13
true 0.003916064671393438 387 4 3 0.76 2 0.4202082855607151 1.2
true 0.0005096079442876341 441 4 3 0.76 3 0.4202082855607151 1.99
true 6.684147771185422e-5 2238 4 3 0.76 4 0.4202082855607151 11.48
true 0.09669877288620374 83 4 4 0.76 1 0.4202082855607151 0.16
true 0.0030141979105844097 572 4 4 0.76 2 0.4202082855607151 1.93
true 3.140542332996654e-5 1279 4 4 0.76 3 0.4202082855607151 5.4
true 0.00012440412466832584 911 4 4 0.76 4 0.4202082855607151 5.04
true 0.14069243506724838 50 4 1 0.78 1 0.4068668907949228 0.11
true 0.0052818143192844835 219 4 1 0.78 2 0.4068668907949228 0.67
true 4.517113180030341e-5 519 4 1 0.78 3 0.4068668907949228 2.23
true 6.138211144923744e-8 701 4 1 0.78 4 0.4068668907949228 3.99
true 0.12714916171440874 77 4 2 0.78 1 0.4068668907949228 0.16
true 0.0027959490212138005 190 4 2 0.78 2 0.4068668907949228 0.68
true 5.1502132330238926e-6 799 4 2 0.78 3 0.4068668907949228 3.25
true 1.0129251056256727e-6 892 4 2 0.78 4 0.4068668907949228 4.87
true 0.12263398719937997 66 4 3 0.78 1 0.4068668907949228 0.15
true 0.0037277555868159284 385 4 3 0.78 2 0.4068668907949228 1.19
true 0.0003251769312603847 610 4 3 0.78 3 0.4068668907949228 2.65
true 0.00018601415016344935 2312 4 3 0.78 4 0.4068668907949228 11.68
true 0.2716291617588714 82 4 4 0.78 1 0.4068668907949228 0.16
true 0.0028721984665027456 391 4 4 0.78 2 0.4068668907949228 1.21
true 0.00016944629234313946 838 4 4 0.78 3 0.4068668907949228 3.65
true 4.816683672045907e-5 1117 4 4 0.78 4 0.4068668907949228 5.84
true 0.1336330109990681 62 4 1 0.8 1 0.3938585502319869 0.13
true 0.005007664916100885 153 4 1 0.8 2 0.3938585502319869 0.53
true 8.584571906666838e-7 512 4 1 0.8 3 0.3938585502319869 2.18
true 6.592755880108214e-8 428 4 1 0.8 4 0.3938585502319869 2.71
true 0.1209294150756283 56 4 2 0.8 1 0.3938585502319869 0.11
true 0.0026559439276854224 256 4 2 0.8 2 0.3938585502319869 0.81
true 6.163897372857274e-5 1219 4 2 0.8 3 0.3938585502319869 5.03
true 9.676942336028782e-6 2370 4 2 0.8 4 0.3938585502319869 12.04
true 0.11669487544290558 78 4 3 0.8 1 0.3938585502319869 0.15
true 0.003541632401140138 189 4 3 0.8 2 0.3938585502319869 0.66
true 0.00020756900929767377 347 4 3 0.8 3 0.3938585502319869 1.72
true 0.0014708235009674813 667 4 3 0.8 4 0.3938585502319869 4.03
true 0.08752184704531667 90 4 4 0.8 1 0.3938585502319869 0.17
true 0.002731272981308902 388 4 4 0.8 2 0.3938585502319869 1.27
true 0.00027546882271900497 840 4 4 0.8 3 0.3938585502319869 3.77
true 3.18808312825547e-6 2937 4 4 0.8 4 0.3938585502319869 14.73
true 0.1269820911295383 61 4 1 0.82 1 0.38120754717639876 0.12
true 0.004739771040906948 339 4 1 0.82 2 0.38120754717639876 1.03
true 9.030876231275187e-7 709 4 1 0.82 3 0.38120754717639876 2.96
true 2.3105181570226563e-6 518 4 1 0.82 4 0.38120754717639876 3.32
true 0.11506989955712901 66 4 2 0.82 1 0.38120754717639876 0.14
true 0.002519246459388197 982 4 2 0.82 2 0.38120754717639876 2.97
true 0.02737701106317514 809 4 2 0.82 3 0.38120754717639876 3.31
true 4.260115142318277e-7 1089 4 2 0.82 4 0.38120754717639876 5.86
true 0.11109923241613485 69 4 3 0.82 1 0.38120754717639876 0.14
true 0.0033591766083820493 377 4 3 0.82 2 0.38120754717639876 1.16
true 0.00037499569658738796 1221 4 3 0.82 3 0.38120754717639876 4.97
true 9.165653851644917e-5 2420 4 3 0.82 4 0.38120754717639876 12.27
true 0.08332465971999553 90 4 4 0.82 1 0.38120754717639876 0.19
true 0.002593108222721019 472 4 4 0.82 2 0.38120754717639876 1.56
true 0.00014124419711615543 638 4 4 0.82 3 0.38120754717639876 2.73
true 0.0026826537354774777 1341 4 4 0.82 4 0.38120754717639876 7.32
true 0.1207209603619619 57 4 1 0.84 1 0.36893192506274924 0.11
true 0.004481035557458435 172 4 1 0.84 2 0.36893192506274924 0.56
true 0.004743309249666761 360 4 1 0.84 3 0.36893192506274924 1.65
true 8.050620093347227e-7 416 4 1 0.84 4 0.36893192506274924 2.67
true 0.10955283788140624 66 4 2 0.84 1 0.36893192506274924 0.13
true 0.057643755781469824 174 4 2 0.84 2 0.36893192506274924 0.6
true 2.9840548851911564e-6 1652 4 2 0.84 3 0.36893192506274924 6.45
true 1.9346491877680894e-6 1978 4 2 0.84 4 0.36893192506274924 9.96
true 0.10583083303964513 72 4 3 0.84 1 0.36893192506274924 0.14
true 0.0031813019840866152 408 4 3 0.84 2 0.36893192506274924 1.31
true 0.00022043620155048904 1764 4 3 0.84 3 0.36893192506274924 6.96
true 1.4398094634678523e-5 1099 4 3 0.84 4 0.36893192506274924 5.88
true 0.07937253705408916 120 4 4 0.84 1 0.36893192506274924 0.24
true 0.002458044600938916 359 4 4 0.84 2 0.36893192506274924 1.11
true 0.002645357011803795 919 4 4 0.84 3 0.36893192506274924 3.86
true 0.0010412445176919277 1856 4 4 0.84 4 0.36893192506274924 9.97
true 0.11483058456564177 62 4 1 0.86 1 0.35704416557853136 0.11
true 0.004231869941841049 163 4 1 0.86 2 0.35704416557853136 0.56
true 1.989370430721671e-6 1015 4 1 0.86 3 0.35704416557853136 4.21
true 4.883311999215323e-8 438 4 1 0.86 4 0.35704416557853136 2.84
true 0.10435985745217624 64 4 2 0.86 1 0.35704416557853136 0.13
true 0.0022567992058709074 298 4 2 0.86 2 0.35704416557853136 0.96
true 0.00020101511117578963 1448 4 2 0.86 3 0.35704416557853136 5.79
true 7.453327546638744e-5 1281 4 2 0.86 4 0.35704416557853136 6.57
true 0.10087013092573056 67 4 3 0.86 1 0.35704416557853136 0.15
true 0.0030093249650601415 263 4 3 0.86 2 0.35704416557853136 0.83
true 0.00020259192956449215 668 4 3 0.86 3 0.35704416557853136 2.95
true 2.7135882251246486e-5 1698 4 3 0.86 4 0.35704416557853136 8.8
true 0.2682370552861073 70 4 4 0.86 1 0.35704416557853136 0.17
true 0.0023270550013750335 929 4 4 0.86 2 0.35704416557853136 2.88
true 0.0003427088492444913 1079 4 4 0.86 3 0.35704416557853136 4.52
true 0.00010291570636475345 1728 4 4 0.86 4 0.35704416557853136 9.08
true 0.10929089490156596 41 4 1 0.88 1 0.34555187407953597 0.08
true 0.003993278640534781 246 4 1 0.88 2 0.34555187407953597 0.79
true 5.704460587785398e-7 583 4 1 0.88 3 0.34555187407953597 2.51
true 1.2670554133675793e-7 431 4 1 0.88 4 0.34555187407953597 2.85
true 0.09947413947524786 63 4 2 0.88 1 0.34555187407953597 0.12
true 0.0021328955732744515 264 4 2 0.88 2 0.34555187407953597 0.86
true 0.0001300937128928814 1286 4 2 0.88 3 0.34555187407953597 5.17
true 5.6704922763828325e-5 1070 4 2 0.88 4 0.34555187407953597 5.91
true 0.09620183993068433 60 4 3 0.88 1 0.34555187407953597 0.14
true 0.0028439385556155994 447 4 3 0.88 2 0.34555187407953597 1.42
true 0.00028188615695560565 1090 4 3 0.88 3 0.34555187407953597 4.65
true 0.001220285215687326 2076 4 3 0.88 4 0.34555187407953597 10.57
true 0.07215251679466994 114 4 4 0.88 1 0.34555187407953597 0.25
true 0.002201066593975884 337 4 4 0.88 2 0.34555187407953597 1.1
true 0.0020893617911169476 416 4 4 0.88 3 0.34555187407953597 1.97
true 0.0005395490406163161 1756 4 4 0.88 4 0.34555187407953597 9.5
true 0.10408281854536161 53 4 1 0.9 1 0.3344584477916396 0.1
true 0.003765434942636481 180 4 1 0.9 2 0.3344584477916396 0.64
true 2.4688952569351663e-5 296 4 1 0.9 3 0.3344584477916396 1.48
true 9.378972345985837e-7 477 4 1 0.9 4 0.3344584477916396 3.01
true 0.09487746902958052 61 4 2 0.9 1 0.3344584477916396 0.12
true 0.002014133968698456 474 4 2 0.9 2 0.3344584477916396 1.44
true 0.00016416031869687098 787 4 2 0.9 3 0.3344584477916396 3.26
true 3.91195474222783e-5 1145 4 2 0.9 4 0.3344584477916396 6.04
true 0.09180927386488434 64 4 3 0.9 1 0.3344584477916396 0.13
true 0.0026863196887122096 227 4 3 0.9 2 0.3344584477916396 0.77
true 0.0002506787193844451 1737 4 3 0.9 3 0.3344584477916396 6.98
true 5.744985077551131e-5 1855 4 3 0.9 4 0.3344584477916396 9.64
true 0.06885666400368075 72 4 4 0.9 1 0.3344584477916396 0.16
true 0.0020900969365089256 364 4 4 0.9 2 0.3344584477916396 1.18
true 0.00015549840835847595 890 4 4 0.9 3 0.3344584477916396 3.83
true 0.00019994277116795744 2379 4 4 0.9 4 0.3344584477916396 12.04
true 0.09918647709036732 54 4 1 0.92 1 0.32376370904828605 0.12
true 0.0035490822046542747 235 4 1 0.92 2 0.32376370904828605 0.74
true 3.189567310296626e-5 371 4 1 0.92 3 0.32376370904828605 1.65
true 8.866707228993853e-7 372 4 1 0.92 4 0.32376370904828605 2.42
true 0.09055258510726039 64 4 2 0.92 1 0.32376370904828605 0.13
true 0.0019004856430266392 457 4 2 0.92 2 0.32376370904828605 1.48
true 0.0019017934225431798 501 4 2 0.92 3 0.32376370904828605 2.22
true 2.428917438263012e-6 1409 4 2 0.92 4 0.32376370904828605 7.13
true 0.08767498581935486 66 4 3 0.92 1 0.32376370904828605 0.15
true 0.0025350799634673016 507 4 3 0.92 2 0.32376370904828605 1.55
true 0.00017070257654068963 781 4 3 0.92 3 0.32376370904828605 3.22
true 2.6186603746129283e-5 3082 4 3 0.92 4 0.32376370904828605 15.84
true 0.06575655243000349 106 4 4 0.92 1 0.32376370904828605 0.23
true 0.0019633075704874603 424 4 4 0.92 2 0.32376370904828605 1.37
true 0.0018984637697330442 840 4 4 0.92 3 0.32376370904828605 3.73
true 0.00014720253281561013 1781 4 4 0.92 4 0.32376370904828605 9.25
true 0.09458363780076812 63 4 1 0.94 1 0.313464491748325 0.12
true 0.0033436489630701005 215 4 1 0.94 2 0.313464491748325 0.7
true 0.003528821923557579 437 4 1 0.94 3 0.313464491748325 1.95
true 1.2286850605836008e-6 448 4 1 0.94 4 0.313464491748325 3.08
true 0.08648409990974143 54 4 2 0.94 1 0.313464491748325 0.13
true 0.001792673477787804 259 4 2 0.94 2 0.313464491748325 0.8
true 0.038746227274544215 449 4 2 0.94 3 0.313464491748325 2.11
true 2.85833517863765e-5 685 4 2 0.94 4 0.313464491748325 4.19
true 0.08378437458584485 72 4 3 0.94 1 0.313464491748325 0.15
true 0.002389530243285994 289 4 3 0.94 2 0.313464491748325 0.93
true 2.166756786238973e-5 1361 4 3 0.94 3 0.313464491748325 5.52
true 9.035587788680521e-5 2775 4 3 0.94 4 0.313464491748325 14.13
true 0.06283902642793189 83 4 4 0.94 1 0.313464491748325 0.18
true 0.0018520995961220504 362 4 4 0.94 2 0.313464491748325 1.13
true 0.00017373757691241387 1043 4 4 0.94 3 0.313464491748325 4.09
true 0.00011211165323192496 1191 4 4 0.94 4 0.313464491748325 6.31
true 0.09025629993214407 46 4 1 0.96 1 0.30355517414078803 0.1
true 0.003149717016574405 324 4 1 0.96 2 0.30355517414078803 1.01
true 7.748568756033025e-5 705 4 1 0.96 3 0.30355517414078803 2.97
true 4.3039804437094986e-7 596 4 1 0.96 4 0.30355517414078803 3.43
true 0.0826555748265527 99 4 2 0.96 1 0.30355517414078803 0.18
true 0.001689293361974542 360 4 2 0.96 2 0.30355517414078803 1.1
true 0.023763983414486267 341 4 2 0.96 3 0.30355517414078803 1.57
true 6.346597841488943e-5 612 4 2 0.96 4 0.30355517414078803 3.69
true 0.08012229734569581 177 4 3 0.96 1 0.30355517414078803 0.36
true 0.0022534815248039983 323 4 3 0.96 2 0.30355517414078803 1.0
true 0.00017111105372737598 457 4 3 0.96 3 0.30355517414078803 2.07
true 0.0009945320954501773 1221 4 3 0.96 4 0.30355517414078803 6.45
true 0.06009204104051222 95 4 4 0.96 1 0.30355517414078803 0.2
true 0.0017467612106695646 347 4 4 0.96 2 0.30355517414078803 1.11
true 0.001175558117454359 605 4 4 0.96 3 0.30355517414078803 2.61
true 0.00013107452020158505 1593 4 4 0.96 4 0.30355517414078803 8.45
true 0.08618671213489248 68 4 1 0.98 1 0.2940281549265302 0.13
true 0.0029661586507308546 330 4 1 0.98 2 0.2940281549265302 1.02
true 2.159478738605891e-7 450 4 1 0.98 3 0.2940281549265302 1.95
true 1.510488636891072e-6 1249 4 1 0.98 4 0.2940281549265302 6.85
true 0.0790522797907256 86 4 2 0.98 1 0.2940281549265302 0.17
true 0.041378322948406404 237 4 2 0.98 2 0.2940281549265302 0.74
true 0.0004504146801474207 478 4 2 0.98 3 0.2940281549265302 2.13
true 4.529753714604956e-5 672 4 2 0.98 4 0.2940281549265302 4.01
true 0.07667354158429561 85 4 3 0.98 1 0.2940281549265302 0.18
true 0.0021230755767188136 378 4 3 0.98 2 0.2940281549265302 1.18
true 0.00028804178973301786 1077 4 3 0.98 3 0.2940281549265302 4.42
true 2.451256506428671e-5 1327 4 3 0.98 4 0.2940281549265302 6.85
true 0.2644117486719038 85 4 4 0.98 1 0.2940281549265302 0.18
true 0.0016464716782800815 367 4 4 0.98 2 0.2940281549265302 1.13
true 0.00026833869861613013 827 4 4 0.98 3 0.2940281549265302 3.55
true 1.7734239092445647e-5 2936 4 4 0.98 4 0.2940281549265302 15.15
true 0.08235898297343514 57 4 1 1.0 1 0.28487427258540376 0.13
true 0.0027933204182741256 389 4 1 1.0 2 0.28487427258540376 1.18
true 2.8287068713994667e-5 339 4 1 1.0 3 0.28487427258540376 1.58
true 6.495340441614594e-7 515 4 1 1.0 4 0.28487427258540376 3.21
true 0.0756582796029513 57 4 2 1.0 1 0.28487427258540376 0.11
true 0.001500142215728445 282 4 2 1.0 2 0.28487427258540376 0.87
true 0.00015421291781708701 1293 4 2 1.0 3 0.28487427258540376 5.29
true 8.540308562957066e-5 1084 4 2 1.0 4 0.28487427258540376 5.75
true 0.3607869193743029 62 4 3 1.0 1 0.28487427258540376 0.13
true 0.0020008732613217193 375 4 3 1.0 2 0.28487427258540376 1.23
true 2.1947986005077524e-5 761 4 3 1.0 3 0.28487427258540376 3.17
true 0.0010170923199579092 1390 4 3 1.0 4 0.28487427258540376 7.21
true 0.2705898570318663 74 4 4 1.0 1 0.28487427258540376 0.16
true 0.0015529200754201972 640 4 4 1.0 2 0.28487427258540376 2.06
true 0.00015665725863607538 1210 4 4 1.0 3 0.28487427258540376 4.82
true 0.0006615399427503249 1736 4 4 1.0 4 0.28487427258540376 9.1