changes = Time vs nsites = 4 vs nqubits0 vs h vs nlayers

g_converged min_loss iter nsites nqubits0 h nlayers SvN time
true 4.983147419146405e-7 55 4 1 0.0 1 0.0 0.1
true 1.1412610434469173e-7 235 4 1 0.0 2 0.0 0.76
true 6.748026865066592e-7 284 4 1 0.0 3 0.0 1.39
true 5.66378888289254e-6 437 4 1 0.0 4 0.0 2.81
true 1.2791994336014412e-6 60 4 2 0.0 1 0.0 0.11
true 4.858936495655275e-7 146 4 2 0.0 2 0.0 0.49
true 2.7717244754643655e-6 348 4 2 0.0 3 0.0 1.7
true 4.073811220556278e-6 805 4 2 0.0 4 0.0 4.52
true 8.856727260845669e-8 68 4 3 0.0 1 0.0 0.13
true 9.466560956054396e-7 245 4 3 0.0 2 0.0 0.77
true 7.49586912170604e-8 308 4 3 0.0 3 0.0 1.55
true 3.1405615770567033e-6 892 4 3 0.0 4 0.0 5.07
true 3.163244242099239e-7 84 4 4 0.0 1 0.0 0.16
true 3.712193006738529e-7 211 4 4 0.0 2 0.0 0.7
true 2.5162317672522416e-7 434 4 4 0.0 3 0.0 2.11
true 1.5534749379042534e-5 936 4 4 0.0 4 0.0 5.03
true 6.917680539508808e-9 53 4 1 0.02 1 1.5519341457791147e-8 0.1
true 7.671637797246333e-8 150 4 1 0.02 2 1.5519341457791147e-8 0.51
true 1.1280201206442797e-7 227 4 1 0.02 3 1.5519341457791147e-8 1.18
true 8.376705898927028e-7 569 4 1 0.02 4 1.5519341457791147e-8 3.4
true 4.87157252426762e-7 71 4 2 0.02 1 1.5519341457791147e-8 0.13
true 9.478920684480308e-8 221 4 2 0.02 2 1.5519341457791147e-8 0.72
true 2.271278832399748e-6 326 4 2 0.02 3 1.5519341457791147e-8 1.53
true 1.7303421004366548e-7 871 4 2 0.02 4 1.5519341457791147e-8 4.87
true 0.33333443333856466 55 4 3 0.02 1 1.5519341457791147e-8 0.13
true 3.33285745594362e-7 223 4 3 0.02 2 1.5519341457791147e-8 0.71
true 8.152428780198544e-8 299 4 3 0.02 3 1.5519341457791147e-8 1.6
true 4.163078525798447e-7 406 4 3 0.02 4 1.5519341457791147e-8 2.83
true 5.060769884407401e-7 116 4 4 0.02 1 1.5519341457791147e-8 0.22
true 1.8029835822525042e-6 293 4 4 0.02 2 1.5519341457791147e-8 0.93
true 1.3154499140383136e-6 482 4 4 0.02 3 1.5519341457791147e-8 2.19
true 1.969676033303225e-6 747 4 4 0.02 4 1.5519341457791147e-8 4.44
true 2.9676382296006665e-8 54 4 1 0.04 1 5.221054521751489e-7 0.13
true 1.5636639294491772e-7 129 4 1 0.04 2 5.221054521751489e-7 0.48
true 3.849750704887356e-7 259 4 1 0.04 3 5.221054521751489e-7 1.27
true 2.555358521671991e-6 477 4 1 0.04 4 5.221054521751489e-7 3.02
true 3.902632046137722e-7 87 4 2 0.04 1 5.221054521751489e-7 0.16
true 9.151624490444377e-7 325 4 2 0.04 2 5.221054521751489e-7 0.94
true 1.6461227664577027e-6 321 4 2 0.04 3 5.221054521751489e-7 1.51
true 1.4558650791585137e-6 484 4 2 0.04 4 5.221054521751489e-7 2.97
true 3.9290702695075436e-7 67 4 3 0.04 1 5.221054521751489e-7 0.14
true 3.7195745448507605e-7 209 4 3 0.04 2 5.221054521751489e-7 0.67
true 3.4350765436193718e-6 599 4 3 0.04 3 5.221054521751489e-7 2.62
true 1.6301134037980762e-6 608 4 3 0.04 4 5.221054521751489e-7 3.71
true 1.2369650537469301e-6 73 4 4 0.04 1 5.221054521751489e-7 0.15
true 6.209796520328936e-7 424 4 4 0.04 2 5.221054521751489e-7 1.33
true 5.739898106676966e-7 481 4 4 0.04 3 5.221054521751489e-7 2.2
true 2.9398709242012266e-7 545 4 4 0.04 4 5.221054521751489e-7 3.31
true 7.820900682631304e-8 63 4 1 0.06 1 3.2712639605332464e-5 0.13
true 2.3596735015396497e-6 221 4 1 0.06 2 3.2712639605332464e-5 0.78
true 2.7783640826339884e-6 243 4 1 0.06 3 3.2712639605332464e-5 1.29
true 1.6503808530909936e-7 316 4 1 0.06 4 3.2712639605332464e-5 2.22
true 2.038561307232678e-6 65 4 2 0.06 1 3.2712639605332464e-5 0.13
true 2.2570395562526713e-6 245 4 2 0.06 2 3.2712639605332464e-5 0.79
true 2.1426994706585933e-6 334 4 2 0.06 3 3.2712639605332464e-5 1.61
true 3.2129117903401117e-6 494 4 2 0.06 4 3.2712639605332464e-5 3.2
true 2.6060283566479527e-6 95 4 3 0.06 1 3.2712639605332464e-5 0.19
true 2.7353108336865737e-6 194 4 3 0.06 2 3.2712639605332464e-5 0.68
true 1.6371693416690942e-6 305 4 3 0.06 3 3.2712639605332464e-5 1.51
true 7.997855893634073e-6 740 4 3 0.06 4 3.2712639605332464e-5 4.11
true 1.8612454611988127e-6 72 4 4 0.06 1 3.2712639605332464e-5 0.15
true 1.3167089715576674e-5 189 4 4 0.06 2 3.2712639605332464e-5 0.67
true 8.639734970974922e-5 313 4 4 0.06 3 3.2712639605332464e-5 1.58
true 4.006972551914845e-6 563 4 4 0.06 4 3.2712639605332464e-5 3.52
true 4.758690547168598e-7 62 4 1 0.08 1 0.00031555771092967207 0.12
true 2.757730513808232e-5 124 4 1 0.08 2 0.00031555771092967207 0.44
true 1.2867438829611277e-5 272 4 1 0.08 3 0.00031555771092967207 1.49
true 1.4802556037973869e-5 347 4 1 0.08 4 0.00031555771092967207 2.43
true 1.5442542601162845e-5 76 4 2 0.08 1 0.00031555771092967207 0.14
true 1.3893963994093816e-5 373 4 2 0.08 2 0.00031555771092967207 1.19
true 5.252450262371866e-5 431 4 2 0.08 3 0.00031555771092967207 1.87
true 7.781268852313783e-6 450 4 2 0.08 4 0.00031555771092967207 2.97
true 2.0084675195671437e-5 65 4 3 0.08 1 0.00031555771092967207 0.13
true 2.7950741383545957e-5 225 4 3 0.08 2 0.00031555771092967207 0.75
true 6.677573528179881e-6 280 4 3 0.08 3 0.00031555771092967207 1.4
true 2.7980402261466402e-5 681 4 3 0.08 4 0.00031555771092967207 4.14
true 1.5443025585287762e-5 85 4 4 0.08 1 0.00031555771092967207 0.18
true 2.2702366840987587e-5 427 4 4 0.08 2 0.00031555771092967207 1.38
true 2.0165769935243105e-5 630 4 4 0.08 3 0.00031555771092967207 2.8
true 1.5612501584910676e-5 1048 4 4 0.08 4 0.00031555771092967207 5.67
true 3.4242208927781626e-6 44 4 1 0.1 1 0.0012584685665444728 0.11
true 0.00012557089485676354 116 4 1 0.1 2 0.0012584685665444728 0.39
true 2.5493152624456172e-6 238 4 1 0.1 3 0.0012584685665444728 1.23
true 1.0582677028414533e-5 346 4 1 0.1 4 0.0012584685665444728 2.59
true 6.655457019594246e-5 65 4 2 0.1 1 0.0012584685665444728 0.13
true 6.372693466624724e-5 260 4 2 0.1 2 0.0012584685665444728 0.87
true 6.986832680863642e-5 339 4 2 0.1 3 0.0012584685665444728 1.65
true 7.023809796377622e-5 960 4 2 0.1 4 0.0012584685665444728 5.38
true 8.766888404151037e-5 70 4 3 0.1 1 0.0012584685665444728 0.15
true 5.54887220246177e-6 194 4 3 0.1 2 0.0012584685665444728 0.65
true 8.708530306004529e-5 403 4 3 0.1 3 0.0012584685665444728 1.86
true 5.451977848625056e-6 828 4 3 0.1 4 0.0012584685665444728 4.86
true 6.76623146142058e-5 74 4 4 0.1 1 0.0012584685665444728 0.15
true 2.707506622005862e-5 203 4 4 0.1 2 0.0012584685665444728 0.73
true 6.917534515361867e-5 428 4 4 0.1 3 0.0012584685665444728 2.05
true 6.106835563306212e-5 771 4 4 0.1 4 0.0012584685665444728 4.53
true 8.55625052231801e-6 62 4 1 0.12 1 0.002857451366537061 0.12
true 0.0003203326058333067 158 4 1 0.12 2 0.002857451366537061 0.53
true 0.00027511950189279544 322 4 1 0.12 3 0.002857451366537061 1.48
true 4.0238859729813115e-6 433 4 1 0.12 4 0.002857451366537061 2.86
true 0.00016478922565732468 70 4 2 0.12 1 0.002857451366537061 0.14
true 0.0001595975450577325 225 4 2 0.12 2 0.002857451366537061 0.72
true 0.00017011038635231235 484 4 2 0.12 3 0.002857451366537061 2.19
true 0.00021714978930995055 533 4 2 0.12 4 0.002857451366537061 3.18
true 0.00021654479358919806 66 4 3 0.12 1 0.002857451366537061 0.16
true 0.00011341871679310112 350 4 3 0.12 2 0.002857451366537061 1.17
true 0.0002099432273713712 426 4 3 0.12 3 0.002857451366537061 2.01
true 5.30061485559119e-5 875 4 3 0.12 4 0.002857451366537061 5.03
true 0.2501620988615064 78 4 4 0.12 1 0.002857451366537061 0.17
true 0.00023980132059214787 466 4 4 0.12 2 0.002857451366537061 1.48
true 0.0001789222925273476 667 4 4 0.12 3 0.002857451366537061 2.87
true 0.00016631078410801747 949 4 4 0.12 4 0.002857451366537061 5.27
true 2.234364283126844e-5 51 4 1 0.14 1 0.005207607228596099 0.12
true 4.251239620089997e-5 141 4 1 0.14 2 0.005207607228596099 0.56
true 0.00023146397414730568 247 4 1 0.14 3 0.005207607228596099 1.23
true 5.054831018258543e-6 590 4 1 0.14 4 0.005207607228596099 3.62
true 0.00032269712937790795 81 4 2 0.14 1 0.005207607228596099 0.15
true 0.0006057360984131899 229 4 2 0.14 2 0.005207607228596099 0.78
true 0.000309568881898481 356 4 2 0.14 3 0.005207607228596099 1.71
true 6.536666318188167e-5 410 4 2 0.14 4 0.005207607228596099 2.64
true 0.33333975221928475 76 4 3 0.14 1 0.005207607228596099 0.16
true 0.0006037878400173188 211 4 3 0.14 2 0.005207607228596099 0.69
true 0.00028413163230006644 278 4 3 0.14 3 0.005207607228596099 1.5
true 9.995509281453725e-5 766 4 3 0.14 4 0.005207607228596099 4.49
true 0.2503178930521553 64 4 4 0.14 1 0.005207607228596099 0.13
true 0.0004539025447147793 290 4 4 0.14 2 0.005207607228596099 0.96
true 9.291298197382225e-5 359 4 4 0.14 3 0.005207607228596099 1.75
true 0.00044037883406845835 2200 4 4 0.14 4 0.005207607228596099 12.06
true 5.373331911295853e-5 58 4 1 0.16 1 0.009312166724123666 0.14
true 0.0011576177576096969 160 4 1 0.16 2 0.009312166724123666 0.57
true 0.00011342109971068659 300 4 1 0.16 3 0.009312166724123666 1.51
true 0.00010485467387288949 372 4 1 0.16 4 0.009312166724123666 2.43
true 0.0006249286981286628 56 4 2 0.16 1 0.009312166724123666 0.11
true 1.6624490954547655e-5 448 4 2 0.16 2 0.009312166724123666 1.39
true 0.0005416436234329247 314 4 2 0.16 3 0.009312166724123666 1.49
true 0.0002162981740652381 453 4 2 0.16 4 0.009312166724123666 2.89
true 0.3333482389821722 57 4 3 0.16 1 0.009312166724123666 0.12
true 3.7205329907104755e-5 333 4 3 0.16 2 0.009312166724123666 1.04
true 0.0006085431155399464 312 4 3 0.16 3 0.009312166724123666 1.58
true 0.0003525722237816738 401 4 3 0.16 4 0.009312166724123666 2.63
true 0.0006367037274438159 89 4 4 0.16 1 0.009312166724123666 0.19
true 0.0008519369656355968 188 4 4 0.16 2 0.009312166724123666 0.67
true 0.0007562431509043899 286 4 4 0.16 3 0.009312166724123666 1.52
true 0.0003565606348458067 1183 4 4 0.16 4 0.009312166724123666 6.72
true 0.000126756056925581 70 4 1 0.18 1 0.01647603291411175 0.14
true 0.00011707668809257665 878 4 1 0.18 2 0.01647603291411175 2.53
true 0.00010226827283399409 442 4 1 0.18 3 0.01647603291411175 1.91
true 4.630033209307438e-5 482 4 1 0.18 4 0.01647603291411175 2.92
true 0.0012000802569440971 77 4 2 0.18 1 0.01647603291411175 0.14
true 0.00010993752189250583 326 4 2 0.18 2 0.01647603291411175 1.05
true 0.0011240998173909778 443 4 2 0.18 3 0.01647603291411175 2.0
true 2.095391570705596e-5 1480 4 2 0.18 4 0.01647603291411175 7.64
true 0.3333661900943658 58 4 3 0.18 1 0.01647603291411175 0.12
true 0.0015444055500329716 310 4 3 0.18 2 0.01647603291411175 1.01
true 0.0008104708168996296 368 4 3 0.18 3 0.01647603291411175 1.74
true 0.0015602045379703444 549 4 3 0.18 4 0.01647603291411175 3.63
true 0.0012301963748441308 101 4 4 0.18 1 0.01647603291411175 0.22
true 5.636471592562753e-5 477 4 4 0.18 2 0.01647603291411175 1.53
true 0.0012269198774508966 718 4 4 0.18 3 0.01647603291411175 3.09
true 0.0013597429501003289 815 4 4 0.18 4 0.01647603291411175 4.64
true 0.00029218962022353745 53 4 1 0.2 1 0.028809882776728333 0.11
true 0.000396602699409776 317 4 1 0.2 2 0.028809882776728333 0.98
true 0.00011099590568036666 288 4 1 0.2 3 0.028809882776728333 1.31
true 1.3318543495621782e-5 340 4 1 0.2 4 0.028809882776728333 2.25
true 0.0023006622733790227 79 4 2 0.2 1 0.028809882776728333 0.15
true 0.0023598515165015876 451 4 2 0.2 2 0.028809882776728333 1.36
true 4.05441617607194e-5 1155 4 2 0.2 3 0.028809882776728333 4.61
true 0.00017622739616968142 1233 4 2 0.2 4 0.028809882776728333 7.06
true 0.0029970362352979194 75 4 3 0.2 1 0.028809882776728333 0.16
true 0.004067995380279558 251 4 3 0.2 2 0.028809882776728333 0.81
true 3.5797335729984926e-5 1075 4 3 0.2 3 0.028809882776728333 4.6
true 0.0028224072615873528 600 4 3 0.2 4 0.028809882776728333 3.82
true 0.2504433327153538 80 4 4 0.2 1 0.028809882776728333 0.16
true 0.002296685592981143 280 4 4 0.2 2 0.028809882776728333 0.91
true 0.0012246784453237014 1475 4 4 0.2 3 0.028809882776728333 6.01
true 1.3021495821469165e-5 2118 4 4 0.2 4 0.028809882776728333 10.98
true 0.0006461424482037126 57 4 1 0.22 1 0.04938099268332533 0.12
true 0.00010733422691622252 330 4 1 0.22 2 0.04938099268332533 0.98
true 0.00037698305689704004 594 4 1 0.22 3 0.04938099268332533 2.52
true 2.2421217062973398e-6 916 4 1 0.22 4 0.04938099268332533 4.85
true 0.00436717939331191 63 4 2 0.22 1 0.04938099268332533 0.12
true 0.007865095969034813 221 4 2 0.22 2 0.04938099268332533 0.76
true 0.0004072427267512446 367 4 2 0.22 3 0.04938099268332533 1.71
true 9.255033394300893e-6 2122 4 2 0.22 4 0.04938099268332533 11.0
true 0.0056707652602162595 63 4 3 0.22 1 0.04938099268332533 0.14
true 0.0059275701911670016 208 4 3 0.22 2 0.04938099268332533 0.71
true 4.020812446044649e-5 1082 4 3 0.22 3 0.04938099268332533 4.61
true 1.1502819229033031e-5 1826 4 3 0.22 4 0.04938099268332533 9.61
true 0.0045251223469736646 92 4 4 0.22 1 0.04938099268332533 0.19
true 0.004273413675953422 402 4 4 0.22 2 0.04938099268332533 1.3
true 6.367218439672084e-5 1416 4 4 0.22 3 0.04938099268332533 5.89
true 0.00010833154955044999 1106 4 4 0.22 4 0.04938099268332533 5.95
true 0.0013660612002178718 49 4 1 0.24 1 0.08188079160576314 0.1
true 0.00021795871218455165 416 4 1 0.24 2 0.08188079160576314 1.23
true 4.1847447565634965e-5 720 4 1 0.24 3 0.08188079160576314 2.96
true 4.772016600151918e-6 1109 4 1 0.24 4 0.08188079160576314 6.21
true 0.008094302438011819 66 4 2 0.24 1 0.08188079160576314 0.12
true 0.008316880866979875 341 4 2 0.24 2 0.08188079160576314 1.04
true 0.00024774133535718224 670 4 2 0.24 3 0.08188079160576314 2.76
true 1.001920369009257e-5 978 4 2 0.24 4 0.08188079160576314 5.17
true 0.010477616873181403 75 4 3 0.24 1 0.08188079160576314 0.15
true 0.010630884448263767 258 4 3 0.24 2 0.08188079160576314 0.83
true 5.246933104578281e-5 1171 4 3 0.24 3 0.08188079160576314 4.91
true 0.0001239659771768246 2724 4 3 0.24 4 0.08188079160576314 13.88
true 0.008437695563980274 91 4 4 0.24 1 0.08188079160576314 0.19
true 0.007958287272351872 256 4 4 0.24 2 0.08188079160576314 0.83
true 0.00018820866618460275 720 4 4 0.24 3 0.08188079160576314 3.01
true 2.6027799284455977e-5 1020 4 4 0.24 4 0.08188079160576314 5.6
true 0.002743067149125422 66 4 1 0.26 1 0.1297967786166197 0.14
true 0.00042778620072536633 248 4 1 0.26 2 0.1297967786166197 0.77
true 0.000675229508336761 432 4 1 0.26 3 0.1297967786166197 1.97
true 7.488969421265423e-7 707 4 1 0.26 4 0.1297967786166197 4.01
true 0.014464383309768847 108 4 2 0.26 1 0.1297967786166197 0.21
true 0.01494422241640983 412 4 2 0.26 2 0.1297967786166197 1.24
true 8.852675254700237e-5 862 4 2 0.26 3 0.1297967786166197 3.61
true 2.303117967492052e-5 2132 4 2 0.26 4 0.1297967786166197 11.04
true 0.3339328170890871 62 4 3 0.26 1 0.1297967786166197 0.13
true 0.0187095772839793 264 4 3 0.26 2 0.1297967786166197 0.87
true 0.009066778735048889 960 4 3 0.26 3 0.1297967786166197 4.02
true 0.0005661843127494811 577 4 3 0.26 4 0.1297967786166197 3.42
true 0.25161841922954825 87 4 4 0.26 1 0.1297967786166197 0.19
true 0.0005497624571052934 362 4 4 0.26 2 0.1297967786166197 1.18
true 0.007244635738514069 1092 4 4 0.26 3 0.1297967786166197 4.48
true 0.00036228199306403974 988 4 4 0.26 4 0.1297967786166197 5.35
true 0.005214351729572464 62 4 1 0.28 1 0.1955000413843353 0.13
true 0.0008075787451727323 389 4 1 0.28 2 0.1955000413843353 1.19
true 2.097119248828383e-5 841 4 1 0.28 3 0.1955000413843353 3.54
true 1.3374605822846775e-7 783 4 1 0.28 4 0.1955000413843353 4.54
true 0.024765942033284916 58 4 2 0.28 1 0.1955000413843353 0.12
true 0.0256782781345144 370 4 2 0.28 2 0.1955000413843353 1.12
true 0.00010520120202894834 627 4 2 0.28 3 0.1955000413843353 2.62
true 6.420726796046994e-6 1313 4 2 0.28 4 0.1955000413843353 7.08
true 0.03180597771189438 72 4 3 0.28 1 0.1955000413843353 0.15
true 0.0008752879272315347 210 4 3 0.28 2 0.1955000413843353 0.73
true 0.01637849080321313 1414 4 3 0.28 3 0.1955000413843353 5.73
true 0.00041513947613963653 1431 4 3 0.28 4 0.1955000413843353 7.37
true 0.4762377760218388 51 4 4 0.28 1 0.1955000413843353 0.12
true 0.0008990263289309075 270 4 4 0.28 2 0.1955000413843353 0.87
true 0.00021362102992773802 820 4 4 0.28 3 0.1955000413843353 3.36
true 0.00010517284911359948 1920 4 4 0.28 4 0.1955000413843353 10.31
true 0.009288400616809245 56 4 1 0.3 1 0.27725966462546564 0.11
true 0.0014181034383935476 223 4 1 0.3 2 0.27725966462546564 0.76
true 9.395684333818322e-5 457 4 1 0.3 3 0.27725966462546564 1.93
true 1.1392104611873677e-6 528 4 1 0.3 4 0.27725966462546564 3.09
true 0.04017634900120132 63 4 2 0.3 1 0.27725966462546564 0.12
true 0.0007888757615965858 315 4 2 0.3 2 0.27725966462546564 1.04
true 0.0006171128935260617 882 4 2 0.3 3 0.27725966462546564 3.78
true 4.811169583451846e-6 764 4 2 0.3 4 0.27725966462546564 4.09
true 0.33524289852981254 60 4 3 0.3 1 0.27725966462546564 0.13
true 0.05151149951300865 489 4 3 0.3 2 0.27725966462546564 1.59
true 8.699186763759063e-5 692 4 3 0.3 3 0.27725966462546564 2.9
true 0.000889023103295028 1026 4 3 0.3 4 0.27725966462546564 5.63
true 0.04268663033453596 78 4 4 0.3 1 0.27725966462546564 0.16
true 0.0013519288075235364 227 4 4 0.3 2 0.27725966462546564 0.81
true 0.0007271786513314837 540 4 4 0.3 3 0.27725966462546564 2.36
true 2.101907043652873e-5 809 4 4 0.3 4 0.27725966462546564 4.67
true 0.015317301810834238 58 4 1 0.32 1 0.3673031991535092 0.12
true 0.002276934575295264 560 4 1 0.32 2 0.3673031991535092 1.62
true 4.965614970320331e-7 364 4 1 0.32 3 0.3673031991535092 1.77
true 1.977899590777099e-7 420 4 1 0.32 4 0.3673031991535092 2.65
true 0.06102532144730988 58 4 2 0.32 1 0.3673031991535092 0.12
true 0.0012210567829509522 293 4 2 0.32 2 0.3673031991535092 0.94
true 0.00014663060935349304 995 4 2 0.32 3 0.3673031991535092 4.12
true 0.0014194981412799512 1082 4 2 0.32 4 0.3673031991535092 6.36
true 0.07755925924781985 82 4 3 0.32 1 0.3673031991535092 0.17
true 0.07839836889623758 387 4 3 0.32 2 0.3673031991535092 1.26
true 0.00012931987068585485 745 4 3 0.32 3 0.3673031991535092 3.23
true 0.0010575817250888704 1619 4 3 0.32 4 0.3673031991535092 8.61
true 0.06529148306767153 81 4 4 0.32 1 0.3673031991535092 0.17
true 0.001860396610037729 511 4 4 0.32 2 0.3673031991535092 1.68
true 0.03022810204419056 1074 4 4 0.32 3 0.3673031991535092 4.54
true 0.00048582387745813027 1112 4 4 0.32 4 0.3673031991535092 5.96
true 0.023207931430136663 58 4 1 0.34 1 0.4534331841925793 0.11
true 0.003319758423709407 646 4 1 0.34 2 0.4534331841925793 1.96
true 0.0003373934138441448 642 4 1 0.34 3 0.4534331841925793 2.82
true 1.4840288600215246e-6 1019 4 1 0.34 4 0.4534331841925793 5.33
true 0.08611011050944162 69 4 2 0.34 1 0.4534331841925793 0.13
true 0.08819946741758766 210 4 2 0.34 2 0.4534331841925793 0.71
true 0.009399525227941546 1017 4 2 0.34 3 0.4534331841925793 4.02
true 2.9183656487519194e-6 871 4 2 0.34 4 0.4534331841925793 5.01
true 0.10873164075548487 50 4 3 0.34 1 0.4534331841925793 0.11
true 0.0026889719089519906 254 4 3 0.34 2 0.4534331841925793 0.82
true 0.0003544303577536027 685 4 3 0.34 3 0.4534331841925793 3.04
true 0.00010867034682582322 2144 4 3 0.34 4 0.4534331841925793 10.9
true 0.09283956139630169 100 4 4 0.34 1 0.4534331841925793 0.21
true 0.0023512050450879285 192 4 4 0.34 2 0.4534331841925793 0.7
true 0.00010386768321297979 601 4 4 0.34 3 0.4534331841925793 2.59
true 3.2336396686372115e-5 1195 4 4 0.34 4 0.4534331841925793 6.66
true 0.03233984513453042 54 4 1 0.36 1 0.5242078864035358 0.11
true 0.004407218712800087 273 4 1 0.36 2 0.5242078864035358 0.82
true 0.0005560415883829606 366 4 1 0.36 3 0.5242078864035358 1.64
true 1.9716114785239824e-7 462 4 1 0.36 4 0.5242078864035358 2.87
true 0.11275130074319828 67 4 2 0.36 1 0.5242078864035358 0.13
true 0.11325604326846458 317 4 2 0.36 2 0.5242078864035358 0.95
true 0.013973595732654831 378 4 2 0.36 3 0.5242078864035358 1.79
true 5.538536588603482e-5 1059 4 2 0.36 4 0.5242078864035358 5.83
true 0.14130382558696317 83 4 3 0.36 1 0.5242078864035358 0.16
true 0.0033448500578276974 270 4 3 0.36 2 0.5242078864035358 0.87
true 0.0033302192072018344 350 4 3 0.36 3 0.5242078864035358 1.67
true 8.034579693246465e-6 1268 4 3 0.36 4 0.5242078864035358 6.65
true 0.2691312065518484 78 4 4 0.36 1 0.5242078864035358 0.16
true 0.00277395167661032 306 4 4 0.36 2 0.5242078864035358 1.02
true 0.054537087647591034 990 4 4 0.36 3 0.5242078864035358 4.13
true 0.00030230582035277453 1989 4 4 0.36 4 0.5242078864035358 10.53
true 0.04185364346946907 51 4 1 0.38 1 0.5738898971784198 0.12
true 0.005396503097556793 205 4 1 0.38 2 0.5738898971784198 0.66
true 1.3174453566966449e-6 994 4 1 0.38 3 0.5738898971784198 4.25
true 3.461766276968703e-7 669 4 1 0.38 4 0.5738898971784198 4.12
true 0.1378132773699001 62 4 2 0.38 1 0.5738898971784198 0.12
true 0.0027540462158158197 241 4 2 0.38 2 0.5738898971784198 0.78
true 5.812173561545175e-5 324 4 2 0.38 3 0.5738898971784198 1.58
true 1.1924610469338237e-6 951 4 2 0.38 4 0.5738898971784198 5.12
true 0.17122916607399796 83 4 3 0.38 1 0.5738898971784198 0.16
true 0.003908858392524269 476 4 3 0.38 2 0.5738898971784198 1.53
true 0.0019576862565386564 580 4 3 0.38 3 0.5738898971784198 2.67
true 1.9152939495910754e-5 1075 4 3 0.38 4 0.5738898971784198 5.88
true 0.1512524783072845 82 4 4 0.38 1 0.5738898971784198 0.17
true 0.003116032119540965 191 4 4 0.38 2 0.5738898971784198 0.67
true 6.135233998225131e-5 769 4 4 0.38 3 0.5738898971784198 3.29
true 1.4208226159412307e-5 3172 4 4 0.38 4 0.5738898971784198 16.17
true 0.05107446329177712 55 4 1 0.4 1 0.6032626509160969 0.12
true 0.006204852995439991 215 4 1 0.4 2 0.6032626509160969 0.69
true 0.0008381556800104994 527 4 1 0.4 3 0.6032626509160969 2.48
true 1.2448094288686207e-6 431 4 1 0.4 4 0.6032626509160969 2.64
true 0.15897042661061334 58 4 2 0.4 1 0.6032626509160969 0.11
true 0.0031491287028588277 260 4 2 0.4 2 0.6032626509160969 0.82
true 0.00020582952604147886 909 4 2 0.4 3 0.6032626509160969 3.71
true 1.3931979445935827e-6 1640 4 2 0.4 4 0.6032626509160969 8.16
true 0.1955767902926148 82 4 3 0.4 1 0.6032626509160969 0.18
true 0.004353084380041394 273 4 3 0.4 2 0.6032626509160969 0.88
true 5.328709041555838e-5 915 4 3 0.4 3 0.6032626509160969 3.96
true 0.00016639520840261435 2052 4 3 0.4 4 0.6032626509160969 10.38
true 0.17605430880321424 99 4 4 0.4 1 0.6032626509160969 0.2
true 0.003383863793246761 441 4 4 0.4 2 0.6032626509160969 1.36
true 4.9743968188853405e-5 1059 4 4 0.4 3 0.6032626509160969 4.56
true 5.5252883943715525e-5 2976 4 4 0.4 4 0.6032626509160969 14.88
true 0.05971843594877502 53 4 1 0.42 1 0.6168497726156195 0.1
true 0.006818138850238131 437 4 1 0.42 2 0.6168497726156195 1.38
true 5.318014041411079e-6 260 4 1 0.42 3 0.6168497726156195 1.32
true 1.4358839260930623e-6 600 4 1 0.42 4 0.6168497726156195 3.65
true 0.1752933630570584 63 4 2 0.42 1 0.6168497726156195 0.12
true 0.003451323609176382 189 4 2 0.42 2 0.6168497726156195 0.65
true 0.0011641453129790647 1203 4 2 0.42 3 0.6168497726156195 4.98
true 2.363909342134596e-6 1789 4 2 0.42 4 0.6168497726156195 9.31
true 0.2132124167602331 73 4 3 0.42 1 0.6168497726156195 0.14
true 0.004693883678016024 293 4 3 0.42 2 0.6168497726156195 0.96
true 0.00012825081503673821 1637 4 3 0.42 3 0.6168497726156195 6.66
true 0.004105482835623749 1702 4 3 0.42 4 0.6168497726156195 9.2
true 0.19543233695033685 123 4 4 0.42 1 0.6168497726156195 0.25
true 0.003595742499364507 373 4 4 0.42 2 0.6168497726156195 1.18
true 5.344128218884303e-5 703 4 4 0.42 3 0.6168497726156195 3.01
true 1.8766790132240807e-5 754 4 4 0.42 4 0.6168497726156195 4.4
true 0.06781073622990508 57 4 1 0.44 1 0.6197629413526827 0.11
true 0.007261715929601897 208 4 1 0.44 2 0.6197629413526827 0.68
true 7.972913229292722e-6 446 4 1 0.44 3 0.6197629413526827 1.94
true 3.1554629142949153e-7 395 4 1 0.44 4 0.6197629413526827 2.66
true 0.18699638071982133 69 4 2 0.44 1 0.6197629413526827 0.13
true 0.003673704222987406 217 4 2 0.44 2 0.6197629413526827 0.72
true 0.00029579713248883976 549 4 2 0.44 3 0.6197629413526827 2.33
true 3.6077135047996034e-6 1664 4 2 0.44 4 0.6197629413526827 8.7
true 0.22443029812720852 73 4 3 0.44 1 0.6197629413526827 0.15
true 0.004948959733118319 318 4 3 0.44 2 0.6197629413526827 1.02
true 8.013119152625962e-5 492 4 3 0.44 3 0.6197629413526827 2.25
true 4.8810982476184726e-5 906 4 3 0.44 4 0.6197629413526827 5.17
true 0.2068626584068695 90 4 4 0.44 1 0.6197629413526827 0.19
true 0.003762198132080702 581 4 4 0.44 2 0.6197629413526827 1.82
true 0.00015666201562407334 1380 4 4 0.44 3 0.6197629413526827 5.7
true 3.8498476168880025e-5 1744 4 4 0.44 4 0.6197629413526827 8.95
true 0.07551756653265718 62 4 1 0.46 1 0.6160458563573982 0.13
true 0.0075708179766473815 164 4 1 0.46 2 0.6160458563573982 0.56
true 2.5899833601683575e-6 433 4 1 0.46 3 0.6160458563573982 1.82
true 6.759801618461125e-8 557 4 1 0.46 4 0.6160458563573982 3.51
true 0.19484138055253078 77 4 2 0.46 1 0.6160458563573982 0.13
true 0.0038326947162948266 227 4 2 0.46 2 0.6160458563573982 0.73
true 0.0038605044058197258 426 4 2 0.46 3 0.6160458563573982 1.92
true 2.96524403836651e-6 1799 4 2 0.46 4 0.6160458563573982 9.08
true 0.23022078178875147 120 4 3 0.46 1 0.6160458563573982 0.24
true 0.005136705193594937 332 4 3 0.46 2 0.6160458563573982 1.03
true 0.0001508994560205553 338 4 3 0.46 3 0.6160458563573982 1.7
true 0.00023438611870268966 2862 4 3 0.46 4 0.6160458563573982 14.85
true 0.20050944519526437 110 4 4 0.46 1 0.6160458563573982 0.21
true 0.003890430907892456 427 4 4 0.46 2 0.6160458563573982 1.29
true 4.3907812092944254e-5 2186 4 4 0.46 3 0.6160458563573982 9.13
true 4.2645496672308325e-5 2366 4 4 0.46 4 0.6160458563573982 12.18
true 0.08301108130122181 60 4 1 0.48 1 0.6083694839555642 0.13
true 0.007774862617590916 179 4 1 0.48 2 0.6083694839555642 0.6
true 4.854044661772861e-7 1083 4 1 0.48 3 0.6083694839555642 4.42
true 8.967918108115924e-8 377 4 1 0.48 4 0.6083694839555642 2.79
true 0.19966293675525426 75 4 2 0.48 1 0.6083694839555642 0.14
true 0.003941914519775075 179 4 2 0.48 2 0.6083694839555642 0.63
true 0.02348986079019799 937 4 2 0.48 3 0.6083694839555642 3.81
true 3.668622953367784e-6 1853 4 2 0.48 4 0.6083694839555642 9.3
true 0.2317184297368693 82 4 3 0.48 1 0.6083694839555642 0.16
true 0.005270651227284558 199 4 3 0.48 2 0.6083694839555642 0.69
true 0.00017414769022000565 568 4 3 0.48 3 0.6083694839555642 2.46
true 3.2447910640239407e-5 735 4 3 0.48 4 0.6083694839555642 4.14
true 0.19280633664207542 130 4 4 0.48 1 0.6083694839555642 0.27
true 0.003985395167602546 745 4 4 0.48 2 0.6083694839555642 2.37
true 0.00014682551357116103 1076 4 4 0.48 3 0.6083694839555642 4.44
true 5.618472561211285e-6 3737 4 4 0.48 4 0.6083694839555642 18.99
true 0.09042073933412698 60 4 1 0.5 1 0.5983249863531529 0.15
true 0.007894303175304374 380 4 1 0.5 2 0.5983249863531529 1.19
true 4.917275169269431e-7 1222 4 1 0.5 3 0.5983249863531529 4.77
true 2.342204619143473e-7 413 4 1 0.5 4 0.5983249863531529 2.88
true 0.20214943866471152 59 4 2 0.5 1 0.5983249863531529 0.12
true 0.004012388087199892 208 4 2 0.5 2 0.5983249863531529 0.7
true 0.023988042273091426 2218 4 2 0.5 3 0.5983249863531529 8.78
true 4.436511567923462e-6 822 4 2 0.5 4 0.5983249863531529 4.51
true 0.2299322985107671 103 4 3 0.5 1 0.5983249863531529 0.22
true 0.00535462265323335 385 4 3 0.5 2 0.5983249863531529 1.25
true 0.003188870514769867 851 4 3 0.5 3 0.5983249863531529 3.53
true 5.370180122625061e-6 1019 4 3 0.5 4 0.5983249863531529 5.42
true 0.18466288876372267 106 4 4 0.5 1 0.5983249863531529 0.22
true 0.004050791880759658 355 4 4 0.5 2 0.5983249863531529 1.21
true 0.00011494166644959725 1683 4 4 0.5 3 0.5983249863531529 6.7
true 0.00254071094515311 1151 4 4 0.5 4 0.5983249863531529 6.11
true 0.09782369930217116 52 4 1 0.52 1 0.5868107723568018 0.1
true 0.007942811802686245 165 4 1 0.52 2 0.5868107723568018 0.6
true 3.0480447121172816e-5 323 4 1 0.52 3 0.5868107723568018 1.59
true 1.331662825565516e-7 398 4 1 0.52 4 0.5868107723568018 2.65
true 0.20280180234199882 61 4 2 0.52 1 0.5868107723568018 0.12
true 0.12871093946800086 258 4 2 0.52 2 0.5868107723568018 0.84
true 0.00012552066493817793 352 4 2 0.52 3 0.5868107723568018 1.62
true 1.1492834937898433e-6 955 4 2 0.52 4 0.5868107723568018 5.02
true 0.22566316566964226 76 4 3 0.52 1 0.5868107723568018 0.14
true 0.005397318677534772 214 4 3 0.52 2 0.5868107723568018 0.75
true 0.0006742867536498517 305 4 3 0.52 3 0.5868107723568018 1.65
true 4.739164244623358e-5 2202 4 3 0.52 4 0.5868107723568018 11.67
true 0.17643669853597488 252 4 4 0.52 1 0.5868107723568018 0.51
true 0.004087748008906711 262 4 4 0.52 2 0.5868107723568018 0.9
true 0.0001386920595694563 2589 4 4 0.52 3 0.5868107723568018 10.58
true 0.00014223372685685798 1065 4 4 0.52 4 0.5868107723568018 5.75
true 0.10525395709730362 39 4 1 0.54 1 0.5743296695059446 0.08
true 0.007929888223639825 154 4 1 0.54 2 0.5743296695059446 0.56
true 0.00015796986882543607 539 4 1 0.54 3 0.5743296695059446 2.36
true 1.4346855387037394e-6 503 4 1 0.54 4 0.5743296695059446 3.08
true 0.2019652558153455 75 4 2 0.54 1 0.5743296695059446 0.14
true 0.004050705134096638 192 4 2 0.54 2 0.5743296695059446 0.65
true 0.025919124228459517 1350 4 2 0.54 3 0.5743296695059446 5.46
true 3.7954839173515165e-6 1252 4 2 0.54 4 0.5743296695059446 6.44
true 0.21949761810170787 108 4 3 0.54 1 0.5743296695059446 0.21
true 0.005403015156801065 261 4 3 0.54 2 0.5743296695059446 0.84
true 0.06897349226705496 725 4 3 0.54 3 0.5743296695059446 3.11
true 0.00017241907230082973 1280 4 3 0.54 4 0.5743296695059446 7.12
true 0.1683029318501434 93 4 4 0.54 1 0.5743296695059446 0.19
true 0.004095213611160997 533 4 4 0.54 2 0.5743296695059446 1.72
true 0.00012758087279382546 885 4 4 0.54 3 0.5743296695059446 3.57
true 2.1351677000430724e-5 1501 4 4 0.54 4 0.5743296695059446 8.2
true 0.11271887920440377 41 4 1 0.56 1 0.5611752507606665 0.1
true 0.007863095690045618 197 4 1 0.56 2 0.5611752507606665 0.64
true 3.720949728058809e-6 1032 4 1 0.56 3 0.5611752507606665 4.16
true 3.297474876484685e-7 703 4 1 0.56 4 0.5611752507606665 3.84
true 0.19986575072757806 61 4 2 0.56 1 0.5611752507606665 0.12
true 0.004029528348725525 303 4 2 0.56 2 0.5611752507606665 0.96
true 0.00028021332301528257 849 4 2 0.56 3 0.5611752507606665 3.66
true 6.589514357119297e-5 520 4 2 0.56 4 0.5611752507606665 3.23
true 0.2118580276314668 122 4 3 0.56 1 0.5611752507606665 0.24
true 0.005372291516563728 386 4 3 0.56 2 0.5611752507606665 1.26
true 0.06534851415399866 850 4 3 0.56 3 0.5611752507606665 3.63
true 0.0005650336189245708 1650 4 3 0.56 4 0.5611752507606665 8.95
true 0.28621911439521 129 4 4 0.56 1 0.5611752507606665 0.27
true 0.004081491923503988 428 4 4 0.56 2 0.5611752507606665 1.35
true 0.0004805543805812551 1419 4 4 0.56 3 0.5611752507606665 5.84
true 0.0018897396541600886 965 4 4 0.56 4 0.5611752507606665 5.25
true 0.12020471065347632 58 4 1 0.58 1 0.5475360323215799 0.14
true 0.007748414176523388 159 4 1 0.58 2 0.5475360323215799 0.53
true 5.0721334870496015e-6 589 4 1 0.58 3 0.5475360323215799 2.46
true 3.259107128616989e-8 422 4 1 0.58 4 0.5475360323215799 2.75
true 0.19663630991518824 52 4 2 0.58 1 0.5475360323215799 0.11
true 0.0039828034650774 620 4 2 0.58 2 0.5475360323215799 1.84
true 0.028088382670292233 788 4 2 0.58 3 0.5475360323215799 3.28
true 4.8922551927510494e-5 589 4 2 0.58 4 0.5475360323215799 3.44
true 0.20305493337186076 90 4 3 0.58 1 0.5475360323215799 0.19
true 0.005311032883368594 263 4 3 0.58 2 0.5475360323215799 0.84
true 4.275033654797348e-5 1218 4 3 0.58 3 0.5475360323215799 4.99
true 4.5726031276449586e-5 1331 4 3 0.58 4 0.5475360323215799 7.18
true 0.2845006367695495 94 4 4 0.58 1 0.5475360323215799 0.19
true 0.00403635340462534 406 4 4 0.58 2 0.5475360323215799 1.35
true 0.00014590066834184456 2316 4 4 0.58 3 0.5475360323215799 9.54
true 0.0002142455164124979 2242 4 4 0.58 4 0.5475360323215799 11.46
true 0.1276948863374846 43 4 1 0.6 1 0.533549180191324 0.09
true 0.007592545694348862 183 4 1 0.6 2 0.533549180191324 0.66
true 5.159514409047716e-7 1061 4 1 0.6 3 0.533549180191324 4.24
true 6.938752762364331e-7 516 4 1 0.6 4 0.533549180191324 3.16
true 0.19233776347466222 74 4 2 0.6 1 0.533549180191324 0.14
true 0.003915123153652222 264 4 2 0.6 2 0.533549180191324 0.8
true 0.03287916204523292 1442 4 2 0.6 3 0.533549180191324 5.72
true 1.4826548601493128e-5 2244 4 2 0.6 4 0.533549180191324 11.17
true 0.19354340886881763 76 4 3 0.6 1 0.533549180191324 0.15
true 0.005220157056420038 372 4 3 0.6 2 0.533549180191324 1.16
true 0.0002674392469507181 1417 4 3 0.6 3 0.533549180191324 5.72
true 7.0434999730658214e-6 1994 4 3 0.6 4 0.533549180191324 10.06
true 0.14521503888799225 88 4 4 0.6 1 0.533549180191324 0.18
true 0.003973797459531664 241 4 4 0.6 2 0.533549180191324 0.79
true 0.00022309940753875712 2129 4 4 0.6 3 0.533549180191324 8.47
true 0.00013797152452450778 473 4 4 0.6 4 0.533549180191324 3.26
true 0.13516334047549738 65 4 1 0.62 1 0.5193262561278011 0.12
true 0.00740179012842912 168 4 1 0.62 2 0.5193262561278011 0.56
true 2.8668205330817376e-5 803 4 1 0.62 3 0.5193262561278011 3.17
true 1.353610522558668e-7 614 4 1 0.62 4 0.5193262561278011 3.56
true 0.18696620701957822 94 4 2 0.62 1 0.5193262561278011 0.17
true 0.003828975430480025 325 4 2 0.62 2 0.5193262561278011 0.98
true 0.028324859940938835 909 4 2 0.62 3 0.5193262561278011 3.51
true 1.277099346708166e-5 1634 4 2 0.62 4 0.5193262561278011 8.61
true 0.1840811158742013 54 4 3 0.62 1 0.5193262561278011 0.12
true 0.005105620065017451 227 4 3 0.62 2 0.5193262561278011 0.76
true 4.107553895658459e-5 910 4 3 0.62 3 0.5193262561278011 3.76
true 0.0002138397017972619 958 4 3 0.62 4 0.5193262561278011 5.11
true 0.3033725545399547 144 4 4 0.62 1 0.5193262561278011 0.29
true 0.0463401852804317 326 4 4 0.62 2 0.5193262561278011 1.08
true 0.0003522394284249525 974 4 4 0.62 3 0.5193262561278011 3.95
true 8.418163999988904e-5 2096 4 4 0.62 4 0.5193262561278011 10.67
true 0.14258570636903933 58 4 1 0.64 1 0.5049645940759805 0.12
true 0.007182304643031601 201 4 1 0.64 2 0.5049645940759805 0.67
true 6.909836586921347e-5 381 4 1 0.64 3 0.5049645940759805 1.73
true 5.394329427588218e-8 420 4 1 0.64 4 0.5049645940759805 2.73
true 0.1810638597180679 73 4 2 0.64 1 0.5049645940759805 0.15
true 0.003727695697160832 388 4 2 0.64 2 0.5049645940759805 1.21
true 0.0037335652342976033 895 4 2 0.64 3 0.5049645940759805 3.71
true 1.2928646799803545e-6 1396 4 2 0.64 4 0.5049645940759805 7.32
true 0.1749774472058271 100 4 3 0.64 1 0.5049645940759805 0.2
true 0.004970050915277506 247 4 3 0.64 2 0.5049645940759805 0.81
true 0.0001967722007070923 1941 4 3 0.64 3 0.5049645940759805 7.67
true 0.00011915348369702834 1606 4 3 0.64 4 0.5049645940759805 8.01
true 0.1312352214192033 82 4 4 0.64 1 0.5049645940759805 0.18
true 0.0037945473411915703 366 4 4 0.64 2 0.5049645940759805 1.15
true 6.86303588091075e-5 1606 4 4 0.64 3 0.5049645940759805 6.87
true 0.0005380448244593078 1313 4 4 0.64 4 0.5049645940759805 7.04
true 0.14993823755868224 71 4 1 0.66 1 0.49055177436486347 0.14
true 0.006939634103727332 207 4 1 0.66 2 0.49055177436486347 0.66
true 2.933539479665903e-7 1023 4 1 0.66 3 0.49055177436486347 3.97
true 4.441238710128914e-8 449 4 1 0.66 4 0.49055177436486347 2.88
true 0.17272120728454918 92 4 2 0.66 1 0.49055177436486347 0.19
true 0.0036126494431573952 206 4 2 0.66 2 0.49055177436486347 0.69
true 0.00034885311417756637 901 4 2 0.66 3 0.49055177436486347 3.78
true 3.6886931391033606e-6 1834 4 2 0.66 4 0.49055177436486347 9.34
true 0.16627736977056298 57 4 3 0.66 1 0.49055177436486347 0.12
true 0.004817581248378722 246 4 3 0.66 2 0.49055177436486347 0.79
true 0.00013516329448404196 404 4 3 0.66 3 0.49055177436486347 1.91
true 3.6591841799382685e-5 1157 4 3 0.66 4 0.49055177436486347 5.99
true 0.2784716281002533 71 4 4 0.66 1 0.49055177436486347 0.15
true 0.003683758557758446 273 4 4 0.66 2 0.49055177436486347 0.93
true 0.00017992268170768932 509 4 4 0.66 3 0.49055177436486347 2.23
true 0.0003279925998818517 2409 4 4 0.66 4 0.49055177436486347 12.55
true 0.1571993412512266 61 4 1 0.68 1 0.4761670391572981 0.14
true 0.0066796826011960575 193 4 1 0.68 2 0.4761670391572981 0.66
true 0.00217296802051814 1165 4 1 0.68 3 0.4761670391572981 4.76
true 1.743861866798646e-6 521 4 1 0.68 4 0.4761670391572981 3.2
true 0.16416180497657176 66 4 2 0.68 1 0.4761670391572981 0.12
true 0.003488304239592843 187 4 2 0.68 2 0.4761670391572981 0.67
true 0.00011708792170841975 366 4 2 0.68 3 0.4761670391572981 1.71
true 0.00011851042199831352 1287 4 2 0.68 4 0.4761670391572981 6.58
true 0.15799412780631802 83 4 3 0.68 1 0.4761670391572981 0.16
true 0.004652991767032433 455 4 3 0.68 2 0.4761670391572981 1.4
true 0.003299079880356918 486 4 3 0.68 3 0.4761670391572981 2.17
true 0.0021210587080685204 1791 4 3 0.68 4 0.4761670391572981 9.33
true 0.11849579307075545 114 4 4 0.68 1 0.4761670391572981 0.21
true 0.003561539775732578 262 4 4 0.68 2 0.4761670391572981 0.9
true 0.03712784692326819 1057 4 4 0.68 3 0.4761670391572981 4.38
true 7.861854680477065e-6 1950 4 4 0.68 4 0.4761670391572981 10.25
true 0.16434873490088847 60 4 1 0.7 1 0.46188152135118604 0.11
true 0.006407616769013302 175 4 1 0.7 2 0.46188152135118604 0.59
true 6.248082957016621e-6 759 4 1 0.7 3 0.46188152135118604 3.15
true 1.6342588826656623e-7 643 4 1 0.7 4 0.46188152135118604 3.69
true 0.1559297916896138 81 4 2 0.7 1 0.46188152135118604 0.16
true 0.0033559661700878207 428 4 2 0.7 2 0.46188152135118604 1.34
true 2.1902150747987736e-5 496 4 2 0.7 3 0.46188152135118604 2.18
true 3.5595727097548213e-6 1281 4 2 0.7 4 0.46188152135118604 6.49
true 0.15012404831053378 62 4 3 0.7 1 0.46188152135118604 0.13
true 0.004474974103367113 395 4 3 0.7 2 0.46188152135118604 1.3
true 0.00028608468859673647 549 4 3 0.7 3 0.46188152135118604 2.36
true 7.794434952525704e-5 2243 4 3 0.7 4 0.46188152135118604 11.64
true 0.2933366023652201 62 4 4 0.7 1 0.46188152135118604 0.13
true 0.003431913709548845 548 4 4 0.7 2 0.46188152135118604 1.75
true 0.0001962135235368534 854 4 4 0.7 3 0.46188152135118604 3.68
true 4.412528462353904e-5 2506 4 4 0.7 4 0.46188152135118604 13.36
true 0.16449122031100488 72 4 1 0.72 1 0.4477581467864862 0.13
true 0.006128021076486079 142 4 1 0.72 2 0.4477581467864862 0.49
true 5.0721995824343225e-5 1023 4 1 0.72 3 0.4477581467864862 4.15
true 7.968928119050922e-7 427 4 1 0.72 4 0.4477581467864862 2.73
true 0.14812107195418664 64 4 2 0.72 1 0.4477581467864862 0.12
true 0.003219030326224337 279 4 2 0.72 2 0.4477581467864862 0.9
true 3.752870102916028e-5 1484 4 2 0.72 3 0.4477581467864862 5.85
true 6.007022092802128e-7 1177 4 2 0.72 4 0.4477581467864862 6.14
true 0.14266389304330962 66 4 3 0.72 1 0.4477581467864862 0.13
true 0.004291855978332759 335 4 3 0.72 2 0.4477581467864862 1.05
true 0.00032003069741263584 498 4 3 0.72 3 0.4477581467864862 2.19
true 3.5347960825512135e-5 2912 4 3 0.72 4 0.4477581467864862 14.53
true 0.10699836789983531 91 4 4 0.72 1 0.4477581467864862 0.19
true 0.003295830734013863 603 4 4 0.72 2 0.4477581467864862 1.97
true 0.0033962505853254443 619 4 4 0.72 3 0.4477581467864862 2.68
true 0.0011387778605990578 1804 4 4 0.72 4 0.4477581467864862 9.69
true 0.15610718288879022 52 4 1 0.74 1 0.433851572131634 0.11
true 0.005844941590013142 216 4 1 0.74 2 0.433851572131634 0.72
true 3.912240142067702e-6 599 4 1 0.74 3 0.433851572131634 2.67
true 5.195816147995913e-6 397 4 1 0.74 4 0.433851572131634 2.67
true 0.1407294179738986 79 4 2 0.74 1 0.433851572131634 0.15
true 0.0030781587975997615 303 4 2 0.74 2 0.433851572131634 0.95
true 0.00014687746042021943 979 4 2 0.74 3 0.433851572131634 4.18
true 4.150182069534436e-6 1715 4 2 0.74 4 0.433851572131634 8.99
true 0.13560345771296617 73 4 3 0.74 1 0.433851572131634 0.14
true 0.00410523423478117 216 4 3 0.74 2 0.433851572131634 0.73
true 0.00028276108639193237 721 4 3 0.74 3 0.433851572131634 3.11
true 0.00011569339658588455 1104 4 3 0.74 4 0.433851572131634 6.08
true 0.1017029802580098 91 4 4 0.74 1 0.433851572131634 0.2
true 0.00315662798283059 491 4 4 0.74 2 0.433851572131634 1.6
true 0.0001497098484532916 675 4 4 0.74 3 0.433851572131634 2.89
true 0.00015241963506813783 1057 4 4 0.74 4 0.433851572131634 5.89
true 0.14817841273913868 60 4 1 0.76 1 0.4202082855607151 0.12
true 0.005561987746075137 448 4 1 0.76 2 0.4202082855607151 1.35
true 6.801251437871247e-6 434 4 1 0.76 3 0.4202082855607151 1.83
true 2.215801266913786e-7 501 4 1 0.76 4 0.4202082855607151 3.12
true 0.13374348961802487 71 4 2 0.76 1 0.4202082855607151 0.13
true 0.0029369242367297266 249 4 2 0.76 2 0.4202082855607151 0.79
true 0.028418808303991766 1307 4 2 0.76 3 0.4202082855607151 5.31
true 3.0089657287457605e-6 1395 4 2 0.76 4 0.4202082855607151 6.98
true 0.12893147751017062 70 4 3 0.76 1 0.4202082855607151 0.15
true 0.003915746690829207 344 4 3 0.76 2 0.4202082855607151 1.09
true 0.0005131019216827274 1048 4 3 0.76 3 0.4202082855607151 4.27
true 1.5481777909276406e-5 2178 4 3 0.76 4 0.4202082855607151 10.92
true 0.27260937282976966 68 4 4 0.76 1 0.4202082855607151 0.16
true 0.0030139779101490544 561 4 4 0.76 2 0.4202082855607151 1.79
true 0.000265180537314183 1133 4 4 0.76 3 0.4202082855607151 4.7
true 2.114033504545254e-5 2729 4 4 0.76 4 0.4202082855607151 13.88
true 0.14069238812296597 46 4 1 0.78 1 0.4068668907949228 0.1
true 0.005281717357409121 194 4 1 0.78 2 0.4068668907949228 0.64
true 2.371429237424394e-7 644 4 1 0.78 3 0.4068668907949228 2.63
true 1.8616084852429715e-5 377 4 1 0.78 4 0.4068668907949228 2.44
true 0.12715062195229823 85 4 2 0.78 1 0.4068668907949228 0.15
true 0.0027954059362926276 266 4 2 0.78 2 0.4068668907949228 0.82
true 0.0027803596825028143 2599 4 2 0.78 3 0.4068668907949228 10.09
true 2.180458455902645e-6 1379 4 2 0.78 4 0.4068668907949228 6.92
true 0.1226339641054126 73 4 3 0.78 1 0.4068668907949228 0.16
true 0.003727428855786863 187 4 3 0.78 2 0.4068668907949228 0.67
true 0.0004603792438445849 483 4 3 0.78 3 0.4068668907949228 2.12
true 0.0017390052945104688 495 4 3 0.78 4 0.4068668907949228 3.08
true 0.09197528624273625 105 4 4 0.78 1 0.4068668907949228 0.21
true 0.0028724032665977395 730 4 4 0.78 2 0.4068668907949228 2.35
true 3.1502537293989774e-5 1957 4 4 0.78 3 0.4068668907949228 7.73
true 6.176404106192357e-5 2310 4 4 0.78 4 0.4068668907949228 11.8
true 0.13363312694532503 50 4 1 0.8 1 0.3938585502319869 0.11
true 0.1265128544820805 151 4 1 0.8 2 0.3938585502319869 0.55
true 2.0982134674163433e-7 733 4 1 0.8 3 0.3938585502319869 2.91
true 3.349117386752809e-7 602 4 1 0.8 4 0.3938585502319869 3.41
true 0.12092937638540222 65 4 2 0.8 1 0.3938585502319869 0.12
true 0.0026558564496341475 268 4 2 0.8 2 0.3938585502319869 0.83
true 0.0026426259494106152 1652 4 2 0.8 3 0.3938585502319869 6.62
true 1.2649549336857246e-5 797 4 2 0.8 4 0.3938585502319869 4.68
true 0.11669512791942559 99 4 3 0.8 1 0.3938585502319869 0.21
true 0.003541554329911304 306 4 3 0.8 2 0.3938585502319869 0.95
true 0.00024511671055519696 1205 4 3 0.8 3 0.3938585502319869 4.87
true 3.7089761938817e-5 2481 4 3 0.8 4 0.3938585502319869 12.8
true 0.08752231319547332 89 4 4 0.8 1 0.3938585502319869 0.18
true 0.00273201181012743 367 4 4 0.8 2 0.3938585502319869 1.18
true 0.000196539075282387 691 4 4 0.8 3 0.3938585502319869 2.98
true 0.00017045853216737794 2117 4 4 0.8 4 0.3938585502319869 10.94
true 0.1269835333137435 51 4 1 0.82 1 0.38120754717639876 0.11
true 0.004739771901822176 242 4 1 0.82 2 0.38120754717639876 0.77
true 3.957412598176724e-7 588 4 1 0.82 3 0.38120754717639876 2.53
true 2.1776792086258823e-7 829 4 1 0.82 4 0.38120754717639876 4.51
true 0.11506991876808292 77 4 2 0.82 1 0.38120754717639876 0.15
true 0.0025193500046848116 314 4 2 0.82 2 0.38120754717639876 0.98
true 3.734247625367115e-5 1134 4 2 0.82 3 0.38120754717639876 4.71
true 3.402805833610523e-5 1140 4 2 0.82 4 0.38120754717639876 6.03
true 0.11109945947421394 67 4 3 0.82 1 0.38120754717639876 0.15
true 0.0033597137738984504 385 4 3 0.82 2 0.38120754717639876 1.23
true 5.1405748032973264e-5 663 4 3 0.82 3 0.38120754717639876 2.89
true 3.6464759822033933e-5 1994 4 3 0.82 4 0.38120754717639876 10.51
true 0.26983378231915045 84 4 4 0.82 1 0.38120754717639876 0.19
true 0.0025937289762540533 478 4 4 0.82 2 0.38120754717639876 1.52
true 0.0002527893946346754 1368 4 4 0.82 3 0.38120754717639876 5.67
true 0.000734451793065069 2347 4 4 0.82 4 0.38120754717639876 12.14
true 0.12072097741873167 52 4 1 0.84 1 0.36893192506274924 0.1
true 0.004481221652977707 194 4 1 0.84 2 0.36893192506274924 0.67
true 5.868757878335629e-6 1233 4 1 0.84 3 0.36893192506274924 4.98
true 3.0735192238506848e-6 667 4 1 0.84 4 0.36893192506274924 4.16
true 0.10955269741721788 72 4 2 0.84 1 0.36893192506274924 0.14
true 0.002385706431516088 289 4 2 0.84 2 0.36893192506274924 0.9
true 0.00028475763973670465 740 4 2 0.84 3 0.36893192506274924 2.99
true 4.223245529955122e-7 1280 4 2 0.84 4 0.36893192506274924 6.67
true 0.10583003342625791 81 4 3 0.84 1 0.36893192506274924 0.17
true 0.0031814321762516826 323 4 3 0.84 2 0.36893192506274924 1.02
true 2.473577809776935e-5 1051 4 3 0.84 3 0.36893192506274924 4.42
true 0.0002892833543396052 2737 4 3 0.84 4 0.36893192506274924 14.04
true 0.2801803381072603 70 4 4 0.84 1 0.36893192506274924 0.15
true 0.002458433998286741 441 4 4 0.84 2 0.36893192506274924 1.41
true 0.0002249198751052145 1424 4 4 0.84 3 0.36893192506274924 5.63
true 0.0009970754550832905 2361 4 4 0.84 4 0.36893192506274924 12.3
true 0.11483091763837794 49 4 1 0.86 1 0.35704416557853136 0.09
true 0.004231794998461824 196 4 1 0.86 2 0.35704416557853136 0.63
true 3.440316516961639e-5 885 4 1 0.86 3 0.35704416557853136 3.67
true 3.5533787046126974e-7 380 4 1 0.86 4 0.35704416557853136 2.59
true 0.10435961969484447 110 4 2 0.86 1 0.35704416557853136 0.2
true 0.0022571361725398087 252 4 2 0.86 2 0.35704416557853136 0.8
true 0.00025416327514729553 442 4 2 0.86 3 0.35704416557853136 1.97
true 3.5607770776657777e-6 1204 4 2 0.86 4 0.35704416557853136 6.41
true 0.1008693710017566 65 4 3 0.86 1 0.35704416557853136 0.14
true 0.00300957337509411 541 4 3 0.86 2 0.35704416557853136 1.7
true 4.751725720173831e-5 712 4 3 0.86 3 0.35704416557853136 2.93
true 1.8038008428663172e-5 1992 4 3 0.86 4 0.35704416557853136 10.23
true 0.07565389280724383 106 4 4 0.86 1 0.35704416557853136 0.21
true 0.002327332935842627 217 4 4 0.86 2 0.35704416557853136 0.77
true 2.424396793389294e-5 1280 4 4 0.86 3 0.35704416557853136 5.24
true 0.00031711683050646144 3947 4 4 0.86 4 0.35704416557853136 20.18
true 0.10929166692695286 58 4 1 0.88 1 0.34555187407953597 0.12
true 0.003993098064562439 338 4 1 0.88 2 0.34555187407953597 1.03
true 3.5182725559690375e-5 318 4 1 0.88 3 0.34555187407953597 1.47
true 1.248460632763404e-6 490 4 1 0.88 4 0.34555187407953597 2.87
true 0.09947400944036319 69 4 2 0.88 1 0.34555187407953597 0.14
true 0.0523178591496474 193 4 2 0.88 2 0.34555187407953597 0.64
true 0.0003044551499175596 952 4 2 0.88 3 0.34555187407953597 3.82
true 1.0024423122367843e-5 879 4 2 0.88 4 0.34555187407953597 4.74
true 0.36976376761948376 69 4 3 0.88 1 0.34555187407953597 0.15
true 0.0028442793971678224 239 4 3 0.88 2 0.34555187407953597 0.82
true 0.0003714700405138734 861 4 3 0.88 3 0.34555187407953597 3.61
true 0.00041495484361137036 1381 4 3 0.88 4 0.34555187407953597 7.49
true 0.07215179716233067 64 4 4 0.88 1 0.34555187407953597 0.14
true 0.002200775874399749 960 4 4 0.88 2 0.34555187407953597 3.01
true 0.00021278020211912274 1273 4 4 0.88 3 0.34555187407953597 5.35
true 0.00015950738461734115 658 4 4 0.88 4 0.34555187407953597 3.85
true 0.1040823576332035 73 4 1 0.9 1 0.3344584477916396 0.14
true 0.0037656550519921117 204 4 1 0.9 2 0.3344584477916396 0.66
true 4.997275561052783e-5 315 4 1 0.9 3 0.3344584477916396 1.48
true 6.613276865019557e-8 441 4 1 0.9 4 0.3344584477916396 3.02
true 0.09487710612177944 62 4 2 0.9 1 0.3344584477916396 0.13
true 0.002013801183754438 345 4 2 0.9 2 0.3344584477916396 1.02
true 0.0001795546877957077 2083 4 2 0.9 3 0.3344584477916396 8.25
true 1.1640704093679455e-5 818 4 2 0.9 4 0.3344584477916396 4.5
true 0.09180876141795856 53 4 3 0.9 1 0.3344584477916396 0.12
true 0.0026853948880529908 319 4 3 0.9 2 0.3344584477916396 1.01
true 0.0002699091737210317 1646 4 3 0.9 3 0.3344584477916396 6.65
true 0.00021034055781351166 2003 4 3 0.9 4 0.3344584477916396 10.6
true 0.06885753650468156 73 4 4 0.9 1 0.3344584477916396 0.14
true 0.0020791900183350642 453 4 4 0.9 2 0.3344584477916396 1.37
true 3.649557035982631e-5 1274 4 4 0.9 3 0.3344584477916396 5.24
true 2.7725871230233068e-5 2690 4 4 0.9 4 0.3344584477916396 13.61
true 0.09918616880891368 50 4 1 0.92 1 0.32376370904828605 0.12
true 0.003549029230577483 270 4 1 0.92 2 0.32376370904828605 0.82
true 6.871009698483643e-6 466 4 1 0.92 3 0.32376370904828605 2.03
true 2.0299629766018512e-7 643 4 1 0.92 4 0.32376370904828605 3.51
true 0.09055283885783141 62 4 2 0.92 1 0.32376370904828605 0.12
true 0.047507018372765414 279 4 2 0.92 2 0.32376370904828605 0.85
true 4.66722028807931e-6 911 4 2 0.92 3 0.32376370904828605 3.66
true 1.4165214874850562e-5 1901 4 2 0.92 4 0.32376370904828605 9.6
true 0.08767514290977223 91 4 3 0.92 1 0.32376370904828605 0.18
true 0.09580011497758655 329 4 3 0.92 2 0.32376370904828605 1.11
true 0.002204141554935276 1882 4 3 0.92 3 0.32376370904828605 7.63
true 0.0001062488406144609 1838 4 3 0.92 4 0.32376370904828605 9.31
true 0.266163318645551 70 4 4 0.92 1 0.32376370904828605 0.15
true 0.0019630492090233903 623 4 4 0.92 2 0.32376370904828605 1.97
true 0.0001475438139260099 1494 4 4 0.92 3 0.32376370904828605 6.42
true 0.00012466050140778895 1658 4 4 0.92 4 0.32376370904828605 8.46
true 0.09458392753271011 66 4 1 0.94 1 0.313464491748325 0.13
true 0.0033437269787788826 281 4 1 0.94 2 0.313464491748325 0.86
true 0.0032633431372461885 274 4 1 0.94 3 0.313464491748325 1.48
true 4.986831961817373e-7 822 4 1 0.94 4 0.313464491748325 4.71
true 0.08648410761914263 68 4 2 0.94 1 0.313464491748325 0.13
true 0.0017925105436547295 350 4 2 0.94 2 0.313464491748325 1.06
true 0.00018082680552736208 791 4 2 0.94 3 0.313464491748325 3.22
true 1.7813901198954207e-5 1073 4 2 0.94 4 0.313464491748325 5.73
true 0.08378438836016572 78 4 3 0.94 1 0.313464491748325 0.15
true 0.0023924615420079323 233 4 3 0.94 2 0.313464491748325 0.75
true 0.025673566927792508 859 4 3 0.94 3 0.313464491748325 3.58
true 0.0003831723056091733 1342 4 3 0.94 4 0.313464491748325 7.02
true 0.06283880177717213 102 4 4 0.94 1 0.313464491748325 0.19
true 0.0018517928890567498 671 4 4 0.94 2 0.313464491748325 2.11
true 0.00017404936968309914 640 4 4 0.94 3 0.313464491748325 2.84
true 8.851460449696424e-6 1325 4 4 0.94 4 0.313464491748325 7.14
true 0.09025610711991189 54 4 1 0.96 1 0.30355517414078803 0.11
true 0.0031495193600496463 290 4 1 0.96 2 0.30355517414078803 0.9
true 3.442407598908126e-5 811 4 1 0.96 3 0.30355517414078803 3.27
true 1.319256625054166e-7 621 4 1 0.96 4 0.30355517414078803 3.76
true 0.08265595809650769 65 4 2 0.96 1 0.30355517414078803 0.13
true 0.043285304309109124 255 4 2 0.96 2 0.30355517414078803 0.81
true 5.344185782391042e-5 794 4 2 0.96 3 0.30355517414078803 3.17
true 7.893060545635655e-5 1422 4 2 0.96 4 0.30355517414078803 7.38
true 0.08012248791153322 67 4 3 0.96 1 0.30355517414078803 0.14
true 0.002253562822575698 414 4 3 0.96 2 0.30355517414078803 1.27
true 0.00015695627014550295 454 4 3 0.96 3 0.30355517414078803 2.0
true 0.00011214403240115504 883 4 3 0.96 4 0.30355517414078803 4.75
true 0.06009209720971126 89 4 4 0.96 1 0.30355517414078803 0.17
true 0.0017468864486016172 541 4 4 0.96 2 0.30355517414078803 1.66
true 9.64826350057929e-5 880 4 4 0.96 3 0.30355517414078803 3.77
true 8.051907775506739e-5 941 4 4 0.96 4 0.30355517414078803 5.05
true 0.08618686494272715 54 4 1 0.98 1 0.2940281549265302 0.13
true 0.002966270662266124 330 4 1 0.98 2 0.2940281549265302 1.04
true 2.9906103699350872e-5 275 4 1 0.98 3 0.2940281549265302 1.42
true 1.498761934559667e-7 504 4 1 0.98 4 0.2940281549265302 3.01
true 0.07905271933900518 58 4 2 0.98 1 0.2940281549265302 0.12
true 0.0015926571867372896 560 4 2 0.98 2 0.2940281549265302 1.63
true 2.3029287480158533e-5 1081 4 2 0.98 3 0.2940281549265302 4.33
true 6.875537020584188e-5 1286 4 2 0.98 4 0.2940281549265302 6.72
true 0.07667365501952485 65 4 3 0.98 1 0.2940281549265302 0.14
true 0.0021228516823852774 349 4 3 0.98 2 0.2940281549265302 1.08
true 0.000351587580467827 925 4 3 0.98 3 0.2940281549265302 3.83
true 5.3306802614283555e-6 1821 4 3 0.98 4 0.2940281549265302 9.38
true 0.2715469877150854 68 4 4 0.98 1 0.2940281549265302 0.16
true 0.0016462660234405624 473 4 4 0.98 2 0.2940281549265302 1.52
true 0.00016734124998311894 581 4 4 0.98 3 0.2940281549265302 2.57
true 2.2982203313995364e-5 1225 4 4 0.98 4 0.2940281549265302 6.42
true 0.08235899266562874 66 4 1 1.0 1 0.28487427258540376 0.12
true 0.0027932132896019146 199 4 1 1.0 2 0.28487427258540376 0.65
true 3.417368841018842e-6 296 4 1 1.0 3 0.28487427258540376 1.56
true 4.3739093680272845e-8 609 4 1 1.0 4 0.28487427258540376 3.64
true 0.07565845088628664 91 4 2 1.0 1 0.28487427258540376 0.18
true 0.0015001227710300657 445 4 2 1.0 2 0.28487427258540376 1.41
true 0.00015883893979440344 789 4 2 1.0 3 0.28487427258540376 3.22
true 1.839185465063453e-5 1212 4 2 1.0 4 0.28487427258540376 6.34
true 0.07342456253790197 116 4 3 1.0 1 0.28487427258540376 0.23
true 0.00200076491488943 290 4 3 1.0 2 0.28487427258540376 0.95
true 0.00023480613315899715 621 4 3 1.0 3 0.28487427258540376 2.69
true 4.336311619407285e-5 2563 4 3 1.0 4 0.28487427258540376 13.01
true 0.2705905128702968 81 4 4 1.0 1 0.28487427258540376 0.18
true 0.0015515221744812208 489 4 4 1.0 2 0.28487427258540376 1.52
true 0.0002118179682114446 931 4 4 1.0 3 0.28487427258540376 3.86
true 0.0003039265838906957 2855 4 4 1.0 4 0.28487427258540376 14.24