changes = Time vs nsites vs nqubits0 vs h vs nlayers

g_converged iter nsites nqubits0 h nlayers time
true 36 3 1 0.0 1 0.16
true 115 3 1 0.0 2 0.23
true 198 3 1 0.0 3 0.51
true 232 3 1 0.0 4 0.91
true 39 3 1 0.02040816326530612 1 0.06
true 109 3 1 0.02040816326530612 2 0.22
true 187 3 1 0.02040816326530612 3 0.54
true 231 3 1 0.02040816326530612 4 0.81
true 44 3 1 0.04081632653061224 1 0.06
true 252 3 1 0.04081632653061224 2 0.43
true 180 3 1 0.04081632653061224 3 0.48
true 202 3 1 0.04081632653061224 4 0.71
true 44 3 1 0.061224489795918366 1 0.06
true 151 3 1 0.061224489795918366 2 0.26
true 173 3 1 0.061224489795918366 3 0.49
true 242 3 1 0.061224489795918366 4 0.95
true 46 3 1 0.08163265306122448 1 0.06
true 121 3 1 0.08163265306122448 2 0.2
true 170 3 1 0.08163265306122448 3 0.45
true 241 3 1 0.08163265306122448 4 0.9
true 47 3 1 0.10204081632653061 1 0.06
true 107 3 1 0.10204081632653061 2 0.2
true 180 3 1 0.10204081632653061 3 0.48
true 226 3 1 0.10204081632653061 4 0.85
true 30 3 1 0.12244897959183673 1 0.04
true 202 3 1 0.12244897959183673 2 0.34
true 187 3 1 0.12244897959183673 3 0.48
true 216 3 1 0.12244897959183673 4 0.81
true 42 3 1 0.14285714285714285 1 0.06
true 156 3 1 0.14285714285714285 2 0.28
true 184 3 1 0.14285714285714285 3 0.48
true 255 3 1 0.14285714285714285 4 0.9
true 38 3 1 0.16326530612244897 1 0.05
true 106 3 1 0.16326530612244897 2 0.22
true 204 3 1 0.16326530612244897 3 0.53
true 218 3 1 0.16326530612244897 4 0.84
true 41 3 1 0.1836734693877551 1 0.06
true 130 3 1 0.1836734693877551 2 0.23
true 160 3 1 0.1836734693877551 3 0.44
true 211 3 1 0.1836734693877551 4 0.75
true 39 3 1 0.20408163265306123 1 0.05
true 213 3 1 0.20408163265306123 2 0.35
true 161 3 1 0.20408163265306123 3 0.43
true 251 3 1 0.20408163265306123 4 0.89
true 39 3 1 0.22448979591836735 1 0.04
true 111 3 1 0.22448979591836735 2 0.21
true 229 3 1 0.22448979591836735 3 0.55
true 217 3 1 0.22448979591836735 4 0.79
true 42 3 1 0.24489795918367346 1 0.05
true 116 3 1 0.24489795918367346 2 0.2
true 236 3 1 0.24489795918367346 3 0.6
true 237 3 1 0.24489795918367346 4 0.93
true 37 3 1 0.2653061224489796 1 0.05
true 151 3 1 0.2653061224489796 2 0.26
true 220 3 1 0.2653061224489796 3 0.56
true 230 3 1 0.2653061224489796 4 0.82
true 34 3 1 0.2857142857142857 1 0.04
true 128 3 1 0.2857142857142857 2 0.24
true 200 3 1 0.2857142857142857 3 0.49
true 227 3 1 0.2857142857142857 4 0.82
true 46 3 1 0.30612244897959184 1 0.06
true 116 3 1 0.30612244897959184 2 0.22
true 169 3 1 0.30612244897959184 3 0.47
true 239 3 1 0.30612244897959184 4 0.83
true 49 3 1 0.32653061224489793 1 0.06
true 116 3 1 0.32653061224489793 2 0.21
true 196 3 1 0.32653061224489793 3 0.49
true 234 3 1 0.32653061224489793 4 0.85
true 44 3 1 0.3469387755102041 1 0.05
true 106 3 1 0.3469387755102041 2 0.2
true 179 3 1 0.3469387755102041 3 0.48
true 233 3 1 0.3469387755102041 4 0.92
true 42 3 1 0.3673469387755102 1 0.05
true 128 3 1 0.3673469387755102 2 0.23
true 177 3 1 0.3673469387755102 3 0.48
true 219 3 1 0.3673469387755102 4 0.77
true 37 3 1 0.3877551020408163 1 0.05
true 124 3 1 0.3877551020408163 2 0.24
true 233 3 1 0.3877551020408163 3 0.55
true 232 3 1 0.3877551020408163 4 0.86
true 49 3 1 0.40816326530612246 1 0.06
true 149 3 1 0.40816326530612246 2 0.27
true 344 3 1 0.40816326530612246 3 0.75
true 236 3 1 0.40816326530612246 4 0.87
true 34 3 1 0.42857142857142855 1 0.05
true 128 3 1 0.42857142857142855 2 0.23
true 180 3 1 0.42857142857142855 3 0.46
true 258 3 1 0.42857142857142855 4 0.95
true 46 3 1 0.4489795918367347 1 0.06
true 113 3 1 0.4489795918367347 2 0.22
true 187 3 1 0.4489795918367347 3 0.49
true 215 3 1 0.4489795918367347 4 0.76
true 38 3 1 0.46938775510204084 1 0.05
true 230 3 1 0.46938775510204084 2 0.38
true 211 3 1 0.46938775510204084 3 0.54
true 219 3 1 0.46938775510204084 4 0.86
true 39 3 1 0.4897959183673469 1 0.05
true 101 3 1 0.4897959183673469 2 0.21
true 211 3 1 0.4897959183673469 3 0.5
true 224 3 1 0.4897959183673469 4 0.84
true 42 3 1 0.5102040816326531 1 0.06
true 115 3 1 0.5102040816326531 2 0.21
true 197 3 1 0.5102040816326531 3 0.52
true 242 3 1 0.5102040816326531 4 0.87
true 50 3 1 0.5306122448979592 1 0.06
true 104 3 1 0.5306122448979592 2 0.2
true 201 3 1 0.5306122448979592 3 0.55
true 262 3 1 0.5306122448979592 4 1.0
true 51 3 1 0.5510204081632653 1 0.06
true 130 3 1 0.5510204081632653 2 0.25
true 138 3 1 0.5510204081632653 3 0.42
true 255 3 1 0.5510204081632653 4 0.89
true 37 3 1 0.5714285714285714 1 0.05
true 111 3 1 0.5714285714285714 2 0.22
true 154 3 1 0.5714285714285714 3 0.46
true 250 3 1 0.5714285714285714 4 0.87
true 34 3 1 0.5918367346938775 1 0.05
true 144 3 1 0.5918367346938775 2 0.27
true 221 3 1 0.5918367346938775 3 0.52
true 237 3 1 0.5918367346938775 4 0.87
true 45 3 1 0.6122448979591837 1 0.05
true 126 3 1 0.6122448979591837 2 0.22
true 187 3 1 0.6122448979591837 3 0.51
true 227 3 1 0.6122448979591837 4 0.84
true 43 3 1 0.6326530612244898 1 0.05
true 117 3 1 0.6326530612244898 2 0.2
true 198 3 1 0.6326530612244898 3 0.53
true 236 3 1 0.6326530612244898 4 0.9
true 43 3 1 0.6530612244897959 1 0.05
true 166 3 1 0.6530612244897959 2 0.27
true 177 3 1 0.6530612244897959 3 0.45
true 220 3 1 0.6530612244897959 4 0.78
true 29 3 1 0.673469387755102 1 0.03
true 129 3 1 0.673469387755102 2 0.22
true 150 3 1 0.673469387755102 3 0.44
true 237 3 1 0.673469387755102 4 0.85
true 55 3 1 0.6938775510204082 1 0.06
true 136 3 1 0.6938775510204082 2 0.24
true 175 3 1 0.6938775510204082 3 0.53
true 241 3 1 0.6938775510204082 4 0.94
true 32 3 1 0.7142857142857143 1 0.04
true 133 3 1 0.7142857142857143 2 0.25
true 189 3 1 0.7142857142857143 3 0.52
true 215 3 1 0.7142857142857143 4 0.8
true 41 3 1 0.7346938775510204 1 0.05
true 115 3 1 0.7346938775510204 2 0.21
true 164 3 1 0.7346938775510204 3 0.48
true 234 3 1 0.7346938775510204 4 0.79
true 43 3 1 0.7551020408163265 1 0.05
true 590 3 1 0.7551020408163265 2 0.93
true 174 3 1 0.7551020408163265 3 0.49
true 225 3 1 0.7551020408163265 4 0.88
true 39 3 1 0.7755102040816326 1 0.05
true 133 3 1 0.7755102040816326 2 0.22
true 165 3 1 0.7755102040816326 3 0.43
true 262 3 1 0.7755102040816326 4 0.92
true 54 3 1 0.7959183673469388 1 0.06
true 183 3 1 0.7959183673469388 2 0.3
true 192 3 1 0.7959183673469388 3 0.48
true 230 3 1 0.7959183673469388 4 0.77
true 39 3 1 0.8163265306122449 1 0.05
true 104 3 1 0.8163265306122449 2 0.19
true 181 3 1 0.8163265306122449 3 0.5
true 235 3 1 0.8163265306122449 4 0.81
true 43 3 1 0.8367346938775511 1 0.05
true 193 3 1 0.8367346938775511 2 0.34
true 163 3 1 0.8367346938775511 3 0.46
true 211 3 1 0.8367346938775511 4 0.74
true 47 3 1 0.8571428571428571 1 0.05
true 216 3 1 0.8571428571428571 2 0.36
true 162 3 1 0.8571428571428571 3 0.46
true 244 3 1 0.8571428571428571 4 0.93
true 38 3 1 0.8775510204081632 1 0.05
true 124 3 1 0.8775510204081632 2 0.23
true 191 3 1 0.8775510204081632 3 0.51
true 262 3 1 0.8775510204081632 4 0.96
true 47 3 1 0.8979591836734694 1 0.06
true 130 3 1 0.8979591836734694 2 0.23
true 175 3 1 0.8979591836734694 3 0.45
true 205 3 1 0.8979591836734694 4 0.73
true 51 3 1 0.9183673469387755 1 0.06
true 123 3 1 0.9183673469387755 2 0.22
true 178 3 1 0.9183673469387755 3 0.48
true 255 3 1 0.9183673469387755 4 0.84
true 50 3 1 0.9387755102040817 1 0.06
true 242 3 1 0.9387755102040817 2 0.39
true 213 3 1 0.9387755102040817 3 0.55
true 230 3 1 0.9387755102040817 4 0.9
true 48 3 1 0.9591836734693877 1 0.06
true 113 3 1 0.9591836734693877 2 0.21
true 161 3 1 0.9591836734693877 3 0.44
true 246 3 1 0.9591836734693877 4 0.92
true 41 3 1 0.9795918367346939 1 0.05
true 138 3 1 0.9795918367346939 2 0.25
true 182 3 1 0.9795918367346939 3 0.46
true 247 3 1 0.9795918367346939 4 0.9
true 53 3 1 1.0 1 0.07
true 141 3 1 1.0 2 0.28
true 208 3 1 1.0 3 0.56
true 288 3 1 1.0 4 0.98
true 46 3 2 0.0 1 0.06
true 114 3 2 0.0 2 0.22
true 253 3 2 0.0 3 0.59
true 303 3 2 0.0 4 0.98
true 30 3 2 0.02040816326530612 1 0.05
true 127 3 2 0.02040816326530612 2 0.23
true 181 3 2 0.02040816326530612 3 0.52
true 245 3 2 0.02040816326530612 4 0.85
true 44 3 2 0.04081632653061224 1 0.05
true 120 3 2 0.04081632653061224 2 0.23
true 169 3 2 0.04081632653061224 3 0.49
true 275 3 2 0.04081632653061224 4 0.91
true 44 3 2 0.061224489795918366 1 0.05
true 104 3 2 0.061224489795918366 2 0.2
true 380 3 2 0.061224489795918366 3 0.87
true 646 3 2 0.061224489795918366 4 1.9
true 37 3 2 0.08163265306122448 1 0.05
true 205 3 2 0.08163265306122448 2 0.34
true 702 3 2 0.08163265306122448 3 1.59
true 269 3 2 0.08163265306122448 4 0.96
true 30 3 2 0.10204081632653061 1 0.05
true 202 3 2 0.10204081632653061 2 0.36
true 406 3 2 0.10204081632653061 3 0.9
true 288 3 2 0.10204081632653061 4 0.92
true 31 3 2 0.12244897959183673 1 0.05
true 118 3 2 0.12244897959183673 2 0.23
true 183 3 2 0.12244897959183673 3 0.49
true 365 3 2 0.12244897959183673 4 1.19
true 37 3 2 0.14285714285714285 1 0.04
true 137 3 2 0.14285714285714285 2 0.24
true 338 3 2 0.14285714285714285 3 0.76
true 339 3 2 0.14285714285714285 4 1.04
true 44 3 2 0.16326530612244897 1 0.06
true 114 3 2 0.16326530612244897 2 0.21
true 230 3 2 0.16326530612244897 3 0.58
true 315 3 2 0.16326530612244897 4 0.99
true 39 3 2 0.1836734693877551 1 0.06
true 126 3 2 0.1836734693877551 2 0.22
true 336 3 2 0.1836734693877551 3 0.75
true 305 3 2 0.1836734693877551 4 0.97
true 42 3 2 0.20408163265306123 1 0.07
true 127 3 2 0.20408163265306123 2 0.24
true 245 3 2 0.20408163265306123 3 0.63
true 235 3 2 0.20408163265306123 4 0.83
true 39 3 2 0.22448979591836735 1 0.06
true 212 3 2 0.22448979591836735 2 0.37
true 382 3 2 0.22448979591836735 3 0.86
true 258 3 2 0.22448979591836735 4 0.89
true 39 3 2 0.24489795918367346 1 0.05
true 317 3 2 0.24489795918367346 2 0.55
true 241 3 2 0.24489795918367346 3 0.63
true 327 3 2 0.24489795918367346 4 1.02
true 42 3 2 0.2653061224489796 1 0.06
true 129 3 2 0.2653061224489796 2 0.24
true 180 3 2 0.2653061224489796 3 0.48
true 271 3 2 0.2653061224489796 4 0.87
true 42 3 2 0.2857142857142857 1 0.06
true 162 3 2 0.2857142857142857 2 0.26
true 222 3 2 0.2857142857142857 3 0.56
true 233 3 2 0.2857142857142857 4 0.84
true 40 3 2 0.30612244897959184 1 0.06
true 122 3 2 0.30612244897959184 2 0.22
true 278 3 2 0.30612244897959184 3 0.69
true 293 3 2 0.30612244897959184 4 1.01
true 35 3 2 0.32653061224489793 1 0.04
true 128 3 2 0.32653061224489793 2 0.23
true 273 3 2 0.32653061224489793 3 0.65
true 529 3 2 0.32653061224489793 4 1.58
true 33 3 2 0.3469387755102041 1 0.05
true 113 3 2 0.3469387755102041 2 0.22
true 408 3 2 0.3469387755102041 3 0.94
true 264 3 2 0.3469387755102041 4 0.92
true 45 3 2 0.3673469387755102 1 0.06
true 155 3 2 0.3673469387755102 2 0.27
true 293 3 2 0.3673469387755102 3 0.71
true 246 3 2 0.3673469387755102 4 0.94
true 39 3 2 0.3877551020408163 1 0.06
true 125 3 2 0.3877551020408163 2 0.23
true 295 3 2 0.3877551020408163 3 0.69
true 315 3 2 0.3877551020408163 4 0.99
true 41 3 2 0.40816326530612246 1 0.06
true 113 3 2 0.40816326530612246 2 0.21
true 352 3 2 0.40816326530612246 3 0.8
true 199 3 2 0.40816326530612246 4 0.69
true 49 3 2 0.42857142857142855 1 0.07
true 163 3 2 0.42857142857142855 2 0.29
true 179 3 2 0.42857142857142855 3 0.49
true 285 3 2 0.42857142857142855 4 0.93
true 34 3 2 0.4489795918367347 1 0.07
true 218 3 2 0.4489795918367347 2 0.37
true 232 3 2 0.4489795918367347 3 0.57
true 238 3 2 0.4489795918367347 4 0.82
true 39 3 2 0.46938775510204084 1 0.05
true 215 3 2 0.46938775510204084 2 0.36
true 350 3 2 0.46938775510204084 3 0.8
true 285 3 2 0.46938775510204084 4 0.95
true 51 3 2 0.4897959183673469 1 0.07
true 164 3 2 0.4897959183673469 2 0.28
true 204 3 2 0.4897959183673469 3 0.52
true 300 3 2 0.4897959183673469 4 1.01
true 53 3 2 0.5102040816326531 1 0.07
true 243 3 2 0.5102040816326531 2 0.39
true 363 3 2 0.5102040816326531 3 0.88
true 240 3 2 0.5102040816326531 4 0.88
true 34 3 2 0.5306122448979592 1 0.05
true 321 3 2 0.5306122448979592 2 0.55
true 289 3 2 0.5306122448979592 3 0.7
true 295 3 2 0.5306122448979592 4 1.0
true 43 3 2 0.5510204081632653 1 0.06
true 212 3 2 0.5510204081632653 2 0.37
true 225 3 2 0.5510204081632653 3 0.56
true 251 3 2 0.5510204081632653 4 0.89
true 42 3 2 0.5714285714285714 1 0.06
true 154 3 2 0.5714285714285714 2 0.28
true 179 3 2 0.5714285714285714 3 0.52
true 271 3 2 0.5714285714285714 4 0.91
true 51 3 2 0.5918367346938775 1 0.07
true 150 3 2 0.5918367346938775 2 0.27
true 334 3 2 0.5918367346938775 3 0.83
true 282 3 2 0.5918367346938775 4 0.99
true 45 3 2 0.6122448979591837 1 0.05
true 165 3 2 0.6122448979591837 2 0.28
true 206 3 2 0.6122448979591837 3 0.53
true 318 3 2 0.6122448979591837 4 1.04
true 28 3 2 0.6326530612244898 1 0.03
true 157 3 2 0.6326530612244898 2 0.26
true 198 3 2 0.6326530612244898 3 0.49
true 306 3 2 0.6326530612244898 4 0.95
true 41 3 2 0.6530612244897959 1 0.05
true 144 3 2 0.6530612244897959 2 0.25
true 242 3 2 0.6530612244897959 3 0.55
true 281 3 2 0.6530612244897959 4 0.93
true 38 3 2 0.673469387755102 1 0.04
true 324 3 2 0.673469387755102 2 0.5
true 232 3 2 0.673469387755102 3 0.53
true 252 3 2 0.673469387755102 4 0.78
true 45 3 2 0.6938775510204082 1 0.05
true 125 3 2 0.6938775510204082 2 0.21
true 388 3 2 0.6938775510204082 3 0.87
true 284 3 2 0.6938775510204082 4 0.91
true 39 3 2 0.7142857142857143 1 0.05
true 153 3 2 0.7142857142857143 2 0.26
true 209 3 2 0.7142857142857143 3 0.49
true 276 3 2 0.7142857142857143 4 0.85
true 42 3 2 0.7346938775510204 1 0.05
true 151 3 2 0.7346938775510204 2 0.25
true 246 3 2 0.7346938775510204 3 0.55
true 322 3 2 0.7346938775510204 4 0.98
true 36 3 2 0.7551020408163265 1 0.04
true 137 3 2 0.7551020408163265 2 0.22
true 208 3 2 0.7551020408163265 3 0.48
true 257 3 2 0.7551020408163265 4 0.82
true 34 3 2 0.7755102040816326 1 0.04
true 150 3 2 0.7755102040816326 2 0.25
true 210 3 2 0.7755102040816326 3 0.49
true 281 3 2 0.7755102040816326 4 0.93
true 30 3 2 0.7959183673469388 1 0.03
true 194 3 2 0.7959183673469388 2 0.3
true 294 3 2 0.7959183673469388 3 0.62
true 254 3 2 0.7959183673469388 4 0.86
true 42 3 2 0.8163265306122449 1 0.04
true 151 3 2 0.8163265306122449 2 0.24
true 313 3 2 0.8163265306122449 3 0.69
true 416 3 2 0.8163265306122449 4 1.2
true 41 3 2 0.8367346938775511 1 0.04
true 186 3 2 0.8367346938775511 2 0.3
true 381 3 2 0.8367346938775511 3 0.81
true 251 3 2 0.8367346938775511 4 0.88
true 52 3 2 0.8571428571428571 1 0.05
true 185 3 2 0.8571428571428571 2 0.31
true 337 3 2 0.8571428571428571 3 0.76
true 312 3 2 0.8571428571428571 4 1.22
true 43 3 2 0.8775510204081632 1 0.05
true 318 3 2 0.8775510204081632 2 0.53
true 326 3 2 0.8775510204081632 3 0.76
true 287 3 2 0.8775510204081632 4 0.98
true 34 3 2 0.8979591836734694 1 0.04
true 137 3 2 0.8979591836734694 2 0.23
true 220 3 2 0.8979591836734694 3 0.55
true 279 3 2 0.8979591836734694 4 1.11
true 39 3 2 0.9183673469387755 1 0.05
true 179 3 2 0.9183673469387755 2 0.33
true 663 3 2 0.9183673469387755 3 1.55
true 295 3 2 0.9183673469387755 4 1.03
true 53 3 2 0.9387755102040817 1 0.06
true 171 3 2 0.9387755102040817 2 0.28
true 374 3 2 0.9387755102040817 3 0.81
true 421 3 2 0.9387755102040817 4 1.26
true 39 3 2 0.9591836734693877 1 0.04
true 380 3 2 0.9591836734693877 2 0.6
true 252 3 2 0.9591836734693877 3 0.57
true 285 3 2 0.9591836734693877 4 0.94
true 41 3 2 0.9795918367346939 1 0.04
true 117 3 2 0.9795918367346939 2 0.21
true 342 3 2 0.9795918367346939 3 0.82
true 306 3 2 0.9795918367346939 4 1.01
true 41 3 2 1.0 1 0.04
true 202 3 2 1.0 2 0.31
true 394 3 2 1.0 3 0.87
true 359 3 2 1.0 4 1.05
true 35 3 3 0.0 1 0.05
true 122 3 3 0.0 2 0.24
true 191 3 3 0.0 3 0.5
true 350 3 3 0.0 4 1.05
true 50 3 3 0.02040816326530612 1 0.06
true 153 3 3 0.02040816326530612 2 0.26
true 181 3 3 0.02040816326530612 3 0.49
true 491 3 3 0.02040816326530612 4 1.41
true 40 3 3 0.04081632653061224 1 0.05
true 264 3 3 0.04081632653061224 2 0.43
true 224 3 3 0.04081632653061224 3 0.57
true 342 3 3 0.04081632653061224 4 1.04
true 47 3 3 0.061224489795918366 1 0.05
true 199 3 3 0.061224489795918366 2 0.32
true 575 3 3 0.061224489795918366 3 1.3
true 343 3 3 0.061224489795918366 4 1.09
true 58 3 3 0.08163265306122448 1 0.06
true 260 3 3 0.08163265306122448 2 0.42
true 415 3 3 0.08163265306122448 3 0.93
true 567 3 3 0.08163265306122448 4 1.55
true 63 3 3 0.10204081632653061 1 0.07
true 243 3 3 0.10204081632653061 2 0.41
true 291 3 3 0.10204081632653061 3 0.68
true 271 3 3 0.10204081632653061 4 0.92
true 48 3 3 0.12244897959183673 1 0.05
true 160 3 3 0.12244897959183673 2 0.28
true 391 3 3 0.12244897959183673 3 0.88
true 313 3 3 0.12244897959183673 4 1.0
true 63 3 3 0.14285714285714285 1 0.07
true 357 3 3 0.14285714285714285 2 0.55
true 325 3 3 0.14285714285714285 3 0.73
true 478 3 3 0.14285714285714285 4 1.43
true 49 3 3 0.16326530612244897 1 0.06
true 553 3 3 0.16326530612244897 2 0.92
true 349 3 3 0.16326530612244897 3 0.82
true 284 3 3 0.16326530612244897 4 0.91
true 48 3 3 0.1836734693877551 1 0.06
true 299 3 3 0.1836734693877551 2 0.49
true 489 3 3 0.1836734693877551 3 1.06
true 313 3 3 0.1836734693877551 4 1.01
true 67 3 3 0.20408163265306123 1 0.08
true 152 3 3 0.20408163265306123 2 0.26
true 283 3 3 0.20408163265306123 3 0.67
true 747 3 3 0.20408163265306123 4 2.07
true 41 3 3 0.22448979591836735 1 0.05
true 451 3 3 0.22448979591836735 2 0.74
true 407 3 3 0.22448979591836735 3 0.92
true 283 3 3 0.22448979591836735 4 0.94
true 76 3 3 0.24489795918367346 1 0.08
true 175 3 3 0.24489795918367346 2 0.3
true 216 3 3 0.24489795918367346 3 0.53
true 296 3 3 0.24489795918367346 4 1.0
true 44 3 3 0.2653061224489796 1 0.05
true 218 3 3 0.2653061224489796 2 0.35
true 201 3 3 0.2653061224489796 3 0.56
true 266 3 3 0.2653061224489796 4 0.86
true 41 3 3 0.2857142857142857 1 0.05
true 145 3 3 0.2857142857142857 2 0.25
true 220 3 3 0.2857142857142857 3 0.56
true 312 3 3 0.2857142857142857 4 0.97
true 59 3 3 0.30612244897959184 1 0.07
true 351 3 3 0.30612244897959184 2 0.59
true 618 3 3 0.30612244897959184 3 1.4
true 261 3 3 0.30612244897959184 4 0.86
true 34 3 3 0.32653061224489793 1 0.04
true 207 3 3 0.32653061224489793 2 0.35
true 264 3 3 0.32653061224489793 3 0.68
true 310 3 3 0.32653061224489793 4 1.04
true 66 3 3 0.3469387755102041 1 0.07
true 159 3 3 0.3469387755102041 2 0.28
true 318 3 3 0.3469387755102041 3 0.73
true 279 3 3 0.3469387755102041 4 0.89
true 55 3 3 0.3673469387755102 1 0.06
true 165 3 3 0.3673469387755102 2 0.29
true 244 3 3 0.3673469387755102 3 0.59
true 295 3 3 0.3673469387755102 4 1.02
true 48 3 3 0.3877551020408163 1 0.05
true 149 3 3 0.3877551020408163 2 0.26
true 478 3 3 0.3877551020408163 3 1.05
true 381 3 3 0.3877551020408163 4 1.14
true 53 3 3 0.40816326530612246 1 0.06
true 275 3 3 0.40816326530612246 2 0.44
true 521 3 3 0.40816326530612246 3 1.18
true 426 3 3 0.40816326530612246 4 1.28
true 55 3 3 0.42857142857142855 1 0.06
true 149 3 3 0.42857142857142855 2 0.28
true 340 3 3 0.42857142857142855 3 0.77
true 392 3 3 0.42857142857142855 4 1.17
true 49 3 3 0.4489795918367347 1 0.05
true 203 3 3 0.4489795918367347 2 0.34
true 241 3 3 0.4489795918367347 3 0.6
true 451 3 3 0.4489795918367347 4 1.33
true 77 3 3 0.46938775510204084 1 0.08
true 253 3 3 0.46938775510204084 2 0.45
true 488 3 3 0.46938775510204084 3 1.1
true 288 3 3 0.46938775510204084 4 0.94
true 51 3 3 0.4897959183673469 1 0.06
true 146 3 3 0.4897959183673469 2 0.26
true 464 3 3 0.4897959183673469 3 1.01
true 434 3 3 0.4897959183673469 4 1.33
true 133 3 3 0.5102040816326531 1 0.14
true 257 3 3 0.5102040816326531 2 0.42
true 281 3 3 0.5102040816326531 3 0.67
true 281 3 3 0.5102040816326531 4 0.94
true 47 3 3 0.5306122448979592 1 0.05
true 203 3 3 0.5306122448979592 2 0.33
true 480 3 3 0.5306122448979592 3 1.08
true 319 3 3 0.5306122448979592 4 1.01
true 49 3 3 0.5510204081632653 1 0.06
true 199 3 3 0.5510204081632653 2 0.3
true 1418 3 3 0.5510204081632653 3 2.87
true 344 3 3 0.5510204081632653 4 1.07
true 59 3 3 0.5714285714285714 1 0.06
true 131 3 3 0.5714285714285714 2 0.25
true 543 3 3 0.5714285714285714 3 1.24
true 257 3 3 0.5714285714285714 4 0.85
true 52 3 3 0.5918367346938775 1 0.05
true 278 3 3 0.5918367346938775 2 0.46
true 348 3 3 0.5918367346938775 3 0.77
true 298 3 3 0.5918367346938775 4 0.98
true 49 3 3 0.6122448979591837 1 0.05
true 424 3 3 0.6122448979591837 2 0.68
true 656 3 3 0.6122448979591837 3 1.39
true 300 3 3 0.6122448979591837 4 0.97
true 57 3 3 0.6326530612244898 1 0.06
true 207 3 3 0.6326530612244898 2 0.34
true 453 3 3 0.6326530612244898 3 1.02
true 473 3 3 0.6326530612244898 4 1.37
true 37 3 3 0.6530612244897959 1 0.05
true 392 3 3 0.6530612244897959 2 0.64
true 654 3 3 0.6530612244897959 3 1.39
true 359 3 3 0.6530612244897959 4 1.12
true 37 3 3 0.673469387755102 1 0.04
true 159 3 3 0.673469387755102 2 0.29
true 405 3 3 0.673469387755102 3 0.9
true 301 3 3 0.673469387755102 4 0.94
true 48 3 3 0.6938775510204082 1 0.06
true 222 3 3 0.6938775510204082 2 0.39
true 249 3 3 0.6938775510204082 3 0.61
true 269 3 3 0.6938775510204082 4 0.88
true 54 3 3 0.7142857142857143 1 0.06
true 184 3 3 0.7142857142857143 2 0.31
true 213 3 3 0.7142857142857143 3 0.55
true 471 3 3 0.7142857142857143 4 1.46
true 49 3 3 0.7346938775510204 1 0.05
true 279 3 3 0.7346938775510204 2 0.43
true 410 3 3 0.7346938775510204 3 0.88
true 449 3 3 0.7346938775510204 4 1.35
true 58 3 3 0.7551020408163265 1 0.06
true 215 3 3 0.7551020408163265 2 0.35
true 391 3 3 0.7551020408163265 3 0.86
true 355 3 3 0.7551020408163265 4 1.12
true 45 3 3 0.7755102040816326 1 0.05
true 201 3 3 0.7755102040816326 2 0.33
true 356 3 3 0.7755102040816326 3 0.79
true 350 3 3 0.7755102040816326 4 1.06
true 33 3 3 0.7959183673469388 1 0.04
true 198 3 3 0.7959183673469388 2 0.33
true 463 3 3 0.7959183673469388 3 0.97
true 277 3 3 0.7959183673469388 4 0.91
true 59 3 3 0.8163265306122449 1 0.06
true 163 3 3 0.8163265306122449 2 0.27
true 461 3 3 0.8163265306122449 3 0.98
true 342 3 3 0.8163265306122449 4 1.15
true 55 3 3 0.8367346938775511 1 0.06
true 215 3 3 0.8367346938775511 2 0.36
true 511 3 3 0.8367346938775511 3 1.07
true 436 3 3 0.8367346938775511 4 1.26
true 60 3 3 0.8571428571428571 1 0.06
true 316 3 3 0.8571428571428571 2 0.5
true 380 3 3 0.8571428571428571 3 0.82
true 412 3 3 0.8571428571428571 4 1.19
true 43 3 3 0.8775510204081632 1 0.05
true 254 3 3 0.8775510204081632 2 0.46
true 481 3 3 0.8775510204081632 3 1.04
true 406 3 3 0.8775510204081632 4 1.2
true 52 3 3 0.8979591836734694 1 0.06
true 220 3 3 0.8979591836734694 2 0.36
true 266 3 3 0.8979591836734694 3 0.65
true 300 3 3 0.8979591836734694 4 0.96
true 44 3 3 0.9183673469387755 1 0.05
true 156 3 3 0.9183673469387755 2 0.27
true 210 3 3 0.9183673469387755 3 0.52
true 327 3 3 0.9183673469387755 4 1.01
true 67 3 3 0.9387755102040817 1 0.08
true 382 3 3 0.9387755102040817 2 0.61
true 446 3 3 0.9387755102040817 3 0.97
true 286 3 3 0.9387755102040817 4 0.94
true 53 3 3 0.9591836734693877 1 0.06
true 216 3 3 0.9591836734693877 2 0.35
true 788 3 3 0.9591836734693877 3 1.71
true 385 3 3 0.9591836734693877 4 1.15
true 57 3 3 0.9795918367346939 1 0.07
true 203 3 3 0.9795918367346939 2 0.35
true 603 3 3 0.9795918367346939 3 1.24
true 481 3 3 0.9795918367346939 4 1.36
true 49 3 3 1.0 1 0.05
true 209 3 3 1.0 2 0.34
true 671 3 3 1.0 3 1.4
true 338 3 3 1.0 4 1.06
true 48 4 1 0.0 1 0.07
true 144 4 1 0.0 2 0.41
true 294 4 1 0.0 3 1.2
true 356 4 1 0.0 4 1.83
true 58 4 1 0.02040816326530612 1 0.1
true 144 4 1 0.02040816326530612 2 0.41
true 269 4 1 0.02040816326530612 3 1.14
true 329 4 1 0.02040816326530612 4 1.84
true 58 4 1 0.04081632653061224 1 0.09
true 148 4 1 0.04081632653061224 2 0.42
true 249 4 1 0.04081632653061224 3 0.99
true 351 4 1 0.04081632653061224 4 2.08
true 88 4 1 0.061224489795918366 1 0.14
true 147 4 1 0.061224489795918366 2 0.45
true 356 4 1 0.061224489795918366 3 1.25
true 333 4 1 0.061224489795918366 4 1.81
true 67 4 1 0.08163265306122448 1 0.11
true 145 4 1 0.08163265306122448 2 0.42
true 242 4 1 0.08163265306122448 3 0.99
true 488 4 1 0.08163265306122448 4 2.42
true 55 4 1 0.10204081632653061 1 0.1
true 143 4 1 0.10204081632653061 2 0.43
true 229 4 1 0.10204081632653061 3 0.99
true 335 4 1 0.10204081632653061 4 1.85
true 48 4 1 0.12244897959183673 1 0.08
true 139 4 1 0.12244897959183673 2 0.4
true 243 4 1 0.12244897959183673 3 1.04
true 396 4 1 0.12244897959183673 4 2.17
true 57 4 1 0.14285714285714285 1 0.09
true 142 4 1 0.14285714285714285 2 0.42
true 800 4 1 0.14285714285714285 3 2.59
true 362 4 1 0.14285714285714285 4 1.94
true 56 4 1 0.16326530612244897 1 0.1
true 130 4 1 0.16326530612244897 2 0.34
true 598 4 1 0.16326530612244897 3 2.21
true 999 4 1 0.16326530612244897 4 4.43
true 49 4 1 0.1836734693877551 1 0.09
true 233 4 1 0.1836734693877551 2 0.6
true 483 4 1 0.1836734693877551 3 1.72
true 879 4 1 0.1836734693877551 4 3.83
true 59 4 1 0.20408163265306123 1 0.11
true 323 4 1 0.20408163265306123 2 0.85
true 993 4 1 0.20408163265306123 3 3.71
true 622 4 1 0.20408163265306123 4 3.41
true 47 4 1 0.22448979591836735 1 0.09
true 566 4 1 0.22448979591836735 2 1.39
true 320 4 1 0.22448979591836735 3 1.3
true 808 4 1 0.22448979591836735 4 3.93
true 68 4 1 0.24489795918367346 1 0.11
true 378 4 1 0.24489795918367346 2 0.89
true 468 4 1 0.24489795918367346 3 1.67
true 593 4 1 0.24489795918367346 4 2.66
true 50 4 1 0.2653061224489796 1 0.08
true 264 4 1 0.2653061224489796 2 0.67
true 992 4 1 0.2653061224489796 3 3.26
true 603 4 1 0.2653061224489796 4 2.99
true 62 4 1 0.2857142857142857 1 0.1
true 280 4 1 0.2857142857142857 2 0.68
true 561 4 1 0.2857142857142857 3 1.9
true 411 4 1 0.2857142857142857 4 2.03
true 50 4 1 0.30612244897959184 1 0.08
true 369 4 1 0.30612244897959184 2 0.9
true 291 4 1 0.30612244897959184 3 1.14
true 397 4 1 0.30612244897959184 4 1.98
true 60 4 1 0.32653061224489793 1 0.1
true 281 4 1 0.32653061224489793 2 0.73
true 793 4 1 0.32653061224489793 3 2.42
true 402 4 1 0.32653061224489793 4 2.03
true 60 4 1 0.3469387755102041 1 0.1
true 204 4 1 0.3469387755102041 2 0.54
true 1468 4 1 0.3469387755102041 3 4.71
true 735 4 1 0.3469387755102041 4 3.22
true 57 4 1 0.3673469387755102 1 0.1
true 532 4 1 0.3673469387755102 2 1.37
true 350 4 1 0.3673469387755102 3 1.45
true 604 4 1 0.3673469387755102 4 3.18
true 56 4 1 0.3877551020408163 1 0.1
true 201 4 1 0.3877551020408163 2 0.6
true 511 4 1 0.3877551020408163 3 1.77
true 549 4 1 0.3877551020408163 4 2.75
true 59 4 1 0.40816326530612246 1 0.1
true 198 4 1 0.40816326530612246 2 0.5
true 273 4 1 0.40816326530612246 3 1.02
true 405 4 1 0.40816326530612246 4 2.11
true 50 4 1 0.42857142857142855 1 0.08
true 171 4 1 0.42857142857142855 2 0.45
true 397 4 1 0.42857142857142855 3 1.34
true 449 4 1 0.42857142857142855 4 2.22
true 61 4 1 0.4489795918367347 1 0.09
true 431 4 1 0.4489795918367347 2 1.09
true 1851 4 1 0.4489795918367347 3 5.67
true 395 4 1 0.4489795918367347 4 1.96
true 63 4 1 0.46938775510204084 1 0.1
true 175 4 1 0.46938775510204084 2 0.46
true 428 4 1 0.46938775510204084 3 1.54
true 394 4 1 0.46938775510204084 4 1.95
true 59 4 1 0.4897959183673469 1 0.09
true 328 4 1 0.4897959183673469 2 0.78
true 780 4 1 0.4897959183673469 3 2.43
true 422 4 1 0.4897959183673469 4 2.07
true 58 4 1 0.5102040816326531 1 0.09
true 250 4 1 0.5102040816326531 2 0.62
true 1441 4 1 0.5102040816326531 3 4.44
true 488 4 1 0.5102040816326531 4 2.32
true 53 4 1 0.5306122448979592 1 0.08
true 189 4 1 0.5306122448979592 2 0.5
true 567 4 1 0.5306122448979592 3 1.97
true 588 4 1 0.5306122448979592 4 2.83
true 59 4 1 0.5510204081632653 1 0.09
true 306 4 1 0.5510204081632653 2 0.74
true 628 4 1 0.5510204081632653 3 2.06
true 351 4 1 0.5510204081632653 4 2.04
true 53 4 1 0.5714285714285714 1 0.09
true 176 4 1 0.5714285714285714 2 0.51
true 1011 4 1 0.5714285714285714 3 3.22
true 399 4 1 0.5714285714285714 4 2.07
true 54 4 1 0.5918367346938775 1 0.11
true 223 4 1 0.5918367346938775 2 0.58
true 958 4 1 0.5918367346938775 3 3.0
true 509 4 1 0.5918367346938775 4 2.33
true 52 4 1 0.6122448979591837 1 0.08
true 158 4 1 0.6122448979591837 2 0.42
true 802 4 1 0.6122448979591837 3 2.53
true 830 4 1 0.6122448979591837 4 3.58
true 54 4 1 0.6326530612244898 1 0.09
true 279 4 1 0.6326530612244898 2 0.68
true 605 4 1 0.6326530612244898 3 1.91
true 394 4 1 0.6326530612244898 4 1.99
true 58 4 1 0.6530612244897959 1 0.09
true 482 4 1 0.6530612244897959 2 1.21
true 756 4 1 0.6530612244897959 3 2.38
true 721 4 1 0.6530612244897959 4 3.21
true 63 4 1 0.673469387755102 1 0.09
true 162 4 1 0.673469387755102 2 0.44
true 1205 4 1 0.673469387755102 3 3.9
true 499 4 1 0.673469387755102 4 2.43
true 61 4 1 0.6938775510204082 1 0.09
true 157 4 1 0.6938775510204082 2 0.43
true 569 4 1 0.6938775510204082 3 1.86
true 413 4 1 0.6938775510204082 4 2.05
true 77 4 1 0.7142857142857143 1 0.12
true 287 4 1 0.7142857142857143 2 0.69
true 861 4 1 0.7142857142857143 3 2.77
true 387 4 1 0.7142857142857143 4 2.08
true 54 4 1 0.7346938775510204 1 0.08
true 194 4 1 0.7346938775510204 2 0.52
true 430 4 1 0.7346938775510204 3 1.46
true 466 4 1 0.7346938775510204 4 2.41
true 58 4 1 0.7551020408163265 1 0.09
true 325 4 1 0.7551020408163265 2 0.79
true 417 4 1 0.7551020408163265 3 1.47
true 395 4 1 0.7551020408163265 4 2.12
true 62 4 1 0.7755102040816326 1 0.1
true 160 4 1 0.7755102040816326 2 0.42
true 1103 4 1 0.7755102040816326 3 3.6
true 414 4 1 0.7755102040816326 4 2.02
true 45 4 1 0.7959183673469388 1 0.07
true 372 4 1 0.7959183673469388 2 0.9
true 611 4 1 0.7959183673469388 3 2.04
true 602 4 1 0.7959183673469388 4 2.88
true 52 4 1 0.8163265306122449 1 0.08
true 346 4 1 0.8163265306122449 2 0.88
true 675 4 1 0.8163265306122449 3 2.15
true 1283 4 1 0.8163265306122449 4 5.44
true 55 4 1 0.8367346938775511 1 0.09
true 318 4 1 0.8367346938775511 2 0.76
true 489 4 1 0.8367346938775511 3 1.72
true 401 4 1 0.8367346938775511 4 2.02
true 55 4 1 0.8571428571428571 1 0.1
true 331 4 1 0.8571428571428571 2 0.88
true 697 4 1 0.8571428571428571 3 2.36
true 626 4 1 0.8571428571428571 4 2.95
true 48 4 1 0.8775510204081632 1 0.08
true 221 4 1 0.8775510204081632 2 0.55
true 684 4 1 0.8775510204081632 3 2.26
true 404 4 1 0.8775510204081632 4 2.08
true 44 4 1 0.8979591836734694 1 0.07
true 229 4 1 0.8979591836734694 2 0.57
true 528 4 1 0.8979591836734694 3 1.78
true 382 4 1 0.8979591836734694 4 1.96
true 67 4 1 0.9183673469387755 1 0.1
true 290 4 1 0.9183673469387755 2 0.71
true 665 4 1 0.9183673469387755 3 2.16
true 607 4 1 0.9183673469387755 4 2.72
true 54 4 1 0.9387755102040817 1 0.1
true 347 4 1 0.9387755102040817 2 0.88
true 544 4 1 0.9387755102040817 3 1.81
true 1144 4 1 0.9387755102040817 4 4.68
true 53 4 1 0.9591836734693877 1 0.09
true 160 4 1 0.9591836734693877 2 0.45
true 999 4 1 0.9591836734693877 3 3.22
true 438 4 1 0.9591836734693877 4 2.19
true 59 4 1 0.9795918367346939 1 0.09
true 370 4 1 0.9795918367346939 2 0.85
true 329 4 1 0.9795918367346939 3 1.22
true 602 4 1 0.9795918367346939 4 2.66
true 49 4 1 1.0 1 0.08
true 185 4 1 1.0 2 0.47
true 940 4 1 1.0 3 3.07
true 501 4 1 1.0 4 2.44
true 71 4 2 0.0 1 0.1
true 184 4 2 0.0 2 0.5
true 314 4 2 0.0 3 1.27
true 527 4 2 0.0 4 2.38
true 66 4 2 0.02040816326530612 1 0.1
true 190 4 2 0.02040816326530612 2 0.51
true 264 4 2 0.02040816326530612 3 1.03
true 427 4 2 0.02040816326530612 4 2.15
true 77 4 2 0.04081632653061224 1 0.13
true 190 4 2 0.04081632653061224 2 0.52
true 322 4 2 0.04081632653061224 3 1.31
true 449 4 2 0.04081632653061224 4 2.45
true 77 4 2 0.061224489795918366 1 0.12
true 170 4 2 0.061224489795918366 2 0.47
true 487 4 2 0.061224489795918366 3 1.68
true 732 4 2 0.061224489795918366 4 3.2
true 69 4 2 0.08163265306122448 1 0.11
true 192 4 2 0.08163265306122448 2 0.53
true 351 4 2 0.08163265306122448 3 1.3
true 676 4 2 0.08163265306122448 4 2.98
true 74 4 2 0.10204081632653061 1 0.11
true 211 4 2 0.10204081632653061 2 0.58
true 402 4 2 0.10204081632653061 3 1.45
true 528 4 2 0.10204081632653061 4 2.51
true 99 4 2 0.12244897959183673 1 0.15
true 169 4 2 0.12244897959183673 2 0.44
true 281 4 2 0.12244897959183673 3 1.14
true 697 4 2 0.12244897959183673 4 3.32
true 64 4 2 0.14285714285714285 1 0.11
true 203 4 2 0.14285714285714285 2 0.53
true 265 4 2 0.14285714285714285 3 1.23
true 757 4 2 0.14285714285714285 4 3.26
true 65 4 2 0.16326530612244897 1 0.11
true 185 4 2 0.16326530612244897 2 0.5
true 298 4 2 0.16326530612244897 3 1.25
true 464 4 2 0.16326530612244897 4 2.26
true 76 4 2 0.1836734693877551 1 0.11
true 655 4 2 0.1836734693877551 2 1.61
true 398 4 2 0.1836734693877551 3 1.52
true 1261 4 2 0.1836734693877551 4 5.24
true 65 4 2 0.20408163265306123 1 0.11
true 210 4 2 0.20408163265306123 2 0.56
true 490 4 2 0.20408163265306123 3 1.72
true 1319 4 2 0.20408163265306123 4 5.38
true 71 4 2 0.22448979591836735 1 0.11
true 501 4 2 0.22448979591836735 2 1.23
true 601 4 2 0.22448979591836735 3 2.08
true 539 4 2 0.22448979591836735 4 2.82
true 71 4 2 0.24489795918367346 1 0.11
true 226 4 2 0.24489795918367346 2 0.62
true 1257 4 2 0.24489795918367346 3 3.98
true 1813 4 2 0.24489795918367346 4 7.57
true 49 4 2 0.2653061224489796 1 0.08
true 554 4 2 0.2653061224489796 2 1.35
true 522 4 2 0.2653061224489796 3 1.84
true 1397 4 2 0.2653061224489796 4 5.71
true 67 4 2 0.2857142857142857 1 0.11
true 281 4 2 0.2857142857142857 2 0.71
true 371 4 2 0.2857142857142857 3 1.35
true 1241 4 2 0.2857142857142857 4 5.05
true 66 4 2 0.30612244897959184 1 0.11
true 193 4 2 0.30612244897959184 2 0.53
true 714 4 2 0.30612244897959184 3 2.37
true 675 4 2 0.30612244897959184 4 3.06
true 53 4 2 0.32653061224489793 1 0.09
true 260 4 2 0.32653061224489793 2 0.65
true 619 4 2 0.32653061224489793 3 2.06
true 961 4 2 0.32653061224489793 4 4.04
true 69 4 2 0.3469387755102041 1 0.11
true 665 4 2 0.3469387755102041 2 1.62
true 1126 4 2 0.3469387755102041 3 3.63
true 1437 4 2 0.3469387755102041 4 5.97
true 73 4 2 0.3673469387755102 1 0.12
true 340 4 2 0.3673469387755102 2 0.85
true 581 4 2 0.3673469387755102 3 2.07
true 929 4 2 0.3673469387755102 4 4.66
true 70 4 2 0.3877551020408163 1 0.12
true 596 4 2 0.3877551020408163 2 1.56
true 923 4 2 0.3877551020408163 3 3.1
true 2278 4 2 0.3877551020408163 4 9.34
true 73 4 2 0.40816326530612246 1 0.11
true 181 4 2 0.40816326530612246 2 0.49
true 407 4 2 0.40816326530612246 3 1.56
true 2032 4 2 0.40816326530612246 4 8.06
true 67 4 2 0.42857142857142855 1 0.1
true 365 4 2 0.42857142857142855 2 0.9
true 468 4 2 0.42857142857142855 3 1.65
true 399 4 2 0.42857142857142855 4 2.05
true 65 4 2 0.4489795918367347 1 0.1
true 599 4 2 0.4489795918367347 2 1.46
true 1065 4 2 0.4489795918367347 3 3.46
true 752 4 2 0.4489795918367347 4 3.49
true 61 4 2 0.46938775510204084 1 0.11
true 462 4 2 0.46938775510204084 2 1.18
true 532 4 2 0.46938775510204084 3 1.8
true 1042 4 2 0.46938775510204084 4 4.53
true 60 4 2 0.4897959183673469 1 0.1
true 540 4 2 0.4897959183673469 2 1.32
true 504 4 2 0.4897959183673469 3 1.71
true 1533 4 2 0.4897959183673469 4 6.25
true 72 4 2 0.5102040816326531 1 0.11
true 303 4 2 0.5102040816326531 2 0.76
true 1015 4 2 0.5102040816326531 3 3.26
true 1391 4 2 0.5102040816326531 4 6.04
true 66 4 2 0.5306122448979592 1 0.1
true 191 4 2 0.5306122448979592 2 0.51
true 813 4 2 0.5306122448979592 3 2.69
true 807 4 2 0.5306122448979592 4 3.68
true 68 4 2 0.5510204081632653 1 0.1
true 337 4 2 0.5510204081632653 2 0.82
true 2343 4 2 0.5510204081632653 3 7.43
true 1021 4 2 0.5510204081632653 4 4.28
true 85 4 2 0.5714285714285714 1 0.13
true 372 4 2 0.5714285714285714 2 0.97
true 791 4 2 0.5714285714285714 3 2.64
true 770 4 2 0.5714285714285714 4 3.71
true 80 4 2 0.5918367346938775 1 0.12
true 494 4 2 0.5918367346938775 2 1.16
true 350 4 2 0.5918367346938775 3 1.31
true 683 4 2 0.5918367346938775 4 3.09
true 65 4 2 0.6122448979591837 1 0.11
true 473 4 2 0.6122448979591837 2 1.15
true 686 4 2 0.6122448979591837 3 2.15
true 1623 4 2 0.6122448979591837 4 6.64
true 93 4 2 0.6326530612244898 1 0.14
true 332 4 2 0.6326530612244898 2 0.8
true 617 4 2 0.6326530612244898 3 2.16
true 851 4 2 0.6326530612244898 4 3.9
true 69 4 2 0.6530612244897959 1 0.11
true 301 4 2 0.6530612244897959 2 0.76
true 772 4 2 0.6530612244897959 3 2.47
true 1129 4 2 0.6530612244897959 4 4.7
true 57 4 2 0.673469387755102 1 0.09
true 280 4 2 0.673469387755102 2 0.72
true 437 4 2 0.673469387755102 3 1.57
true 840 4 2 0.673469387755102 4 3.64
true 87 4 2 0.6938775510204082 1 0.13
true 287 4 2 0.6938775510204082 2 0.71
true 1575 4 2 0.6938775510204082 3 4.96
true 1271 4 2 0.6938775510204082 4 5.23
true 61 4 2 0.7142857142857143 1 0.1
true 191 4 2 0.7142857142857143 2 0.52
true 649 4 2 0.7142857142857143 3 2.22
true 1267 4 2 0.7142857142857143 4 5.07
true 50 4 2 0.7346938775510204 1 0.08
true 328 4 2 0.7346938775510204 2 0.81
true 542 4 2 0.7346938775510204 3 1.96
true 1614 4 2 0.7346938775510204 4 6.38
true 71 4 2 0.7551020408163265 1 0.11
true 310 4 2 0.7551020408163265 2 0.79
true 773 4 2 0.7551020408163265 3 2.52
true 994 4 2 0.7551020408163265 4 4.17
true 99 4 2 0.7755102040816326 1 0.14
true 288 4 2 0.7755102040816326 2 0.74
true 1013 4 2 0.7755102040816326 3 3.16
true 1659 4 2 0.7755102040816326 4 6.71
true 61 4 2 0.7959183673469388 1 0.1
true 375 4 2 0.7959183673469388 2 0.95
true 643 4 2 0.7959183673469388 3 2.23
true 1014 4 2 0.7959183673469388 4 4.28
true 86 4 2 0.8163265306122449 1 0.13
true 550 4 2 0.8163265306122449 2 1.28
true 957 4 2 0.8163265306122449 3 3.11
true 1076 4 2 0.8163265306122449 4 4.34
true 90 4 2 0.8367346938775511 1 0.14
true 542 4 2 0.8367346938775511 2 1.29
true 503 4 2 0.8367346938775511 3 1.73
true 1262 4 2 0.8367346938775511 4 5.35
true 74 4 2 0.8571428571428571 1 0.13
true 335 4 2 0.8571428571428571 2 0.86
true 753 4 2 0.8571428571428571 3 2.68
true 1892 4 2 0.8571428571428571 4 7.63
true 66 4 2 0.8775510204081632 1 0.11
true 436 4 2 0.8775510204081632 2 1.05
true 1535 4 2 0.8775510204081632 3 5.02
true 978 4 2 0.8775510204081632 4 4.19
true 62 4 2 0.8979591836734694 1 0.11
true 340 4 2 0.8979591836734694 2 0.85
true 638 4 2 0.8979591836734694 3 2.39
true 1229 4 2 0.8979591836734694 4 5.25
true 60 4 2 0.9183673469387755 1 0.1
true 364 4 2 0.9183673469387755 2 0.91
true 1806 4 2 0.9183673469387755 3 5.38
true 1354 4 2 0.9183673469387755 4 5.61
true 95 4 2 0.9387755102040817 1 0.16
true 220 4 2 0.9387755102040817 2 0.64
true 888 4 2 0.9387755102040817 3 3.15
true 1193 4 2 0.9387755102040817 4 5.66
true 60 4 2 0.9591836734693877 1 0.12
true 439 4 2 0.9591836734693877 2 1.14
true 1056 4 2 0.9591836734693877 3 3.78
true 1751 4 2 0.9591836734693877 4 7.7
true 64 4 2 0.9795918367346939 1 0.12
true 454 4 2 0.9795918367346939 2 1.2
true 1151 4 2 0.9795918367346939 3 4.23
true 790 4 2 0.9795918367346939 4 3.93
true 69 4 2 1.0 1 0.12
true 513 4 2 1.0 2 1.31
true 481 4 2 1.0 3 1.83
true 833 4 2 1.0 4 3.41
true 77 4 3 0.0 1 0.12
true 333 4 3 0.0 2 0.76
true 391 4 3 0.0 3 1.31
true 759 4 3 0.0 4 3.23
true 51 4 3 0.02040816326530612 1 0.08
true 230 4 3 0.02040816326530612 2 0.55
true 404 4 3 0.02040816326530612 3 1.39
true 750 4 3 0.02040816326530612 4 3.19
true 61 4 3 0.04081632653061224 1 0.1
true 169 4 3 0.04081632653061224 2 0.49
true 381 4 3 0.04081632653061224 3 1.37
true 508 4 3 0.04081632653061224 4 2.51
true 65 4 3 0.061224489795918366 1 0.11
true 214 4 3 0.061224489795918366 2 0.54
true 517 4 3 0.061224489795918366 3 1.74
true 688 4 3 0.061224489795918366 4 2.94
true 79 4 3 0.08163265306122448 1 0.13
true 143 4 3 0.08163265306122448 2 0.41
true 590 4 3 0.08163265306122448 3 1.98
true 952 4 3 0.08163265306122448 4 4.43
true 67 4 3 0.10204081632653061 1 0.11
true 326 4 3 0.10204081632653061 2 0.8
true 406 4 3 0.10204081632653061 3 1.47
true 533 4 3 0.10204081632653061 4 2.65
true 117 4 3 0.12244897959183673 1 0.18
true 410 4 3 0.12244897959183673 2 0.98
true 445 4 3 0.12244897959183673 3 1.58
true 443 4 3 0.12244897959183673 4 2.3
true 68 4 3 0.14285714285714285 1 0.1
true 216 4 3 0.14285714285714285 2 0.55
true 300 4 3 0.14285714285714285 3 1.14
true 409 4 3 0.14285714285714285 4 2.0
true 79 4 3 0.16326530612244897 1 0.12
true 254 4 3 0.16326530612244897 2 0.64
true 1047 4 3 0.16326530612244897 3 3.26
true 609 4 3 0.16326530612244897 4 2.66
true 71 4 3 0.1836734693877551 1 0.11
true 225 4 3 0.1836734693877551 2 0.56
true 716 4 3 0.1836734693877551 3 2.28
true 1480 4 3 0.1836734693877551 4 6.19
true 73 4 3 0.20408163265306123 1 0.14
true 438 4 3 0.20408163265306123 2 1.21
true 262 4 3 0.20408163265306123 3 1.09
true 1554 4 3 0.20408163265306123 4 6.55
true 84 4 3 0.22448979591836735 1 0.14
true 251 4 3 0.22448979591836735 2 0.65
true 708 4 3 0.22448979591836735 3 2.46
true 1141 4 3 0.22448979591836735 4 4.82
true 69 4 3 0.24489795918367346 1 0.12
true 366 4 3 0.24489795918367346 2 0.93
true 423 4 3 0.24489795918367346 3 1.47
true 1188 4 3 0.24489795918367346 4 4.86
true 57 4 3 0.2653061224489796 1 0.1
true 233 4 3 0.2653061224489796 2 0.63
true 533 4 3 0.2653061224489796 3 1.79
true 626 4 3 0.2653061224489796 4 2.73
true 67 4 3 0.2857142857142857 1 0.12
true 533 4 3 0.2857142857142857 2 1.27
true 561 4 3 0.2857142857142857 3 1.96
true 1550 4 3 0.2857142857142857 4 6.48
true 70 4 3 0.30612244897959184 1 0.12
true 165 4 3 0.30612244897959184 2 0.46
true 436 4 3 0.30612244897959184 3 1.51
true 1063 4 3 0.30612244897959184 4 4.47
true 69 4 3 0.32653061224489793 1 0.12
true 468 4 3 0.32653061224489793 2 1.17
true 552 4 3 0.32653061224489793 3 2.02
true 1466 4 3 0.32653061224489793 4 6.28
true 75 4 3 0.3469387755102041 1 0.12
true 379 4 3 0.3469387755102041 2 1.01
true 828 4 3 0.3469387755102041 3 2.59
true 1547 4 3 0.3469387755102041 4 6.29
true 66 4 3 0.3673469387755102 1 0.11
true 222 4 3 0.3673469387755102 2 0.63
true 874 4 3 0.3673469387755102 3 2.82
true 673 4 3 0.3673469387755102 4 3.22
true 60 4 3 0.3877551020408163 1 0.11
true 242 4 3 0.3877551020408163 2 0.65
true 1298 4 3 0.3877551020408163 3 4.34
true 740 4 3 0.3877551020408163 4 3.26
true 61 4 3 0.40816326530612246 1 0.1
true 187 4 3 0.40816326530612246 2 0.53
true 706 4 3 0.40816326530612246 3 2.61
true 2257 4 3 0.40816326530612246 4 10.34
true 84 4 3 0.42857142857142855 1 0.16
true 214 4 3 0.42857142857142855 2 0.7
true 665 4 3 0.42857142857142855 3 3.19
true 2427 4 3 0.42857142857142855 4 12.86
true 76 4 3 0.4489795918367347 1 0.16
true 279 4 3 0.4489795918367347 2 0.98
true 1636 4 3 0.4489795918367347 3 6.69
true 963 4 3 0.4489795918367347 4 5.54
true 82 4 3 0.46938775510204084 1 0.17
true 198 4 3 0.46938775510204084 2 0.69
true 1292 4 3 0.46938775510204084 3 5.49
true 1589 4 3 0.46938775510204084 4 8.66
true 102 4 3 0.4897959183673469 1 0.21
true 260 4 3 0.4897959183673469 2 0.9
true 967 4 3 0.4897959183673469 3 4.08
true 2715 4 3 0.4897959183673469 4 14.77
true 78 4 3 0.5102040816326531 1 0.17
true 286 4 3 0.5102040816326531 2 0.95
true 359 4 3 0.5102040816326531 3 1.75
true 2252 4 3 0.5102040816326531 4 11.89
true 87 4 3 0.5306122448979592 1 0.18
true 293 4 3 0.5306122448979592 2 1.01
true 780 4 3 0.5306122448979592 3 3.35
true 1382 4 3 0.5306122448979592 4 7.38
true 54 4 3 0.5510204081632653 1 0.12
true 594 4 3 0.5510204081632653 2 2.04
true 1200 4 3 0.5510204081632653 3 5.39
true 864 4 3 0.5510204081632653 4 5.04
true 82 4 3 0.5714285714285714 1 0.18
true 260 4 3 0.5714285714285714 2 0.87
true 559 4 3 0.5714285714285714 3 2.65
true 2063 4 3 0.5714285714285714 4 11.29
true 92 4 3 0.5918367346938775 1 0.19
true 183 4 3 0.5918367346938775 2 0.68
true 356 4 3 0.5918367346938775 3 1.78
true 708 4 3 0.5918367346938775 4 4.04
true 108 4 3 0.6122448979591837 1 0.24
true 321 4 3 0.6122448979591837 2 1.12
true 944 4 3 0.6122448979591837 3 4.29
true 745 4 3 0.6122448979591837 4 4.55
true 84 4 3 0.6326530612244898 1 0.18
true 267 4 3 0.6326530612244898 2 0.89
true 865 4 3 0.6326530612244898 3 3.77
true 802 4 3 0.6326530612244898 4 4.9
true 68 4 3 0.6530612244897959 1 0.15
true 308 4 3 0.6530612244897959 2 1.0
true 2055 4 3 0.6530612244897959 3 8.77
true 3507 4 3 0.6530612244897959 4 18.18
true 66 4 3 0.673469387755102 1 0.14
true 391 4 3 0.673469387755102 2 1.3
true 1261 4 3 0.673469387755102 3 5.18
true 1740 4 3 0.673469387755102 4 9.34
true 59 4 3 0.6938775510204082 1 0.13
true 376 4 3 0.6938775510204082 2 1.35
true 2232 4 3 0.6938775510204082 3 9.44
true 1447 4 3 0.6938775510204082 4 8.03
true 71 4 3 0.7142857142857143 1 0.16
true 329 4 3 0.7142857142857143 2 1.11
true 660 4 3 0.7142857142857143 3 3.01
true 1564 4 3 0.7142857142857143 4 8.72
true 61 4 3 0.7346938775510204 1 0.13
true 390 4 3 0.7346938775510204 2 1.29
true 712 4 3 0.7346938775510204 3 3.2
true 1665 4 3 0.7346938775510204 4 9.24
true 60 4 3 0.7551020408163265 1 0.13
true 317 4 3 0.7551020408163265 2 1.09
true 669 4 3 0.7551020408163265 3 2.98
true 1600 4 3 0.7551020408163265 4 8.52
true 63 4 3 0.7755102040816326 1 0.14
true 503 4 3 0.7755102040816326 2 1.69
true 628 4 3 0.7755102040816326 3 3.09
true 1416 4 3 0.7755102040816326 4 7.95
true 80 4 3 0.7959183673469388 1 0.16
true 317 4 3 0.7959183673469388 2 1.01
true 1628 4 3 0.7959183673469388 3 6.62
true 2570 4 3 0.7959183673469388 4 13.57
true 64 4 3 0.8163265306122449 1 0.14
true 275 4 3 0.8163265306122449 2 0.9
true 1325 4 3 0.8163265306122449 3 5.61
true 2585 4 3 0.8163265306122449 4 13.88
true 60 4 3 0.8367346938775511 1 0.14
true 472 4 3 0.8367346938775511 2 1.59
true 1516 4 3 0.8367346938775511 3 6.41
true 1883 4 3 0.8367346938775511 4 10.24
true 104 4 3 0.8571428571428571 1 0.22
true 260 4 3 0.8571428571428571 2 0.91
true 1313 4 3 0.8571428571428571 3 5.41
true 813 4 3 0.8571428571428571 4 4.64
true 82 4 3 0.8775510204081632 1 0.18
true 559 4 3 0.8775510204081632 2 1.8
true 782 4 3 0.8775510204081632 3 3.49
true 2069 4 3 0.8775510204081632 4 10.95
true 62 4 3 0.8979591836734694 1 0.13
true 346 4 3 0.8979591836734694 2 1.18
true 1179 4 3 0.8979591836734694 3 4.92
true 2391 4 3 0.8979591836734694 4 12.77
true 68 4 3 0.9183673469387755 1 0.14
true 314 4 3 0.9183673469387755 2 1.0
true 700 4 3 0.9183673469387755 3 3.03
true 1802 4 3 0.9183673469387755 4 9.68
true 63 4 3 0.9387755102040817 1 0.15
true 421 4 3 0.9387755102040817 2 1.38
true 1830 4 3 0.9387755102040817 3 7.57
true 1158 4 3 0.9387755102040817 4 6.5
true 60 4 3 0.9591836734693877 1 0.13
true 223 4 3 0.9591836734693877 2 0.81
true 1526 4 3 0.9591836734693877 3 6.5
true 3320 4 3 0.9591836734693877 4 17.61
true 63 4 3 0.9795918367346939 1 0.14
true 309 4 3 0.9795918367346939 2 1.08
true 806 4 3 0.9795918367346939 3 3.57
true 1868 4 3 0.9795918367346939 4 10.16
true 113 4 3 1.0 1 0.25
true 612 4 3 1.0 2 2.05
true 1195 4 3 1.0 3 5.14
true 2132 4 3 1.0 4 11.19
true 68 4 4 0.0 1 0.14
true 426 4 4 0.0 2 1.37
true 447 4 4 0.0 3 2.05
true 842 4 4 0.0 4 5.03
true 87 4 4 0.02040816326530612 1 0.17
true 231 4 4 0.02040816326530612 2 0.77
true 360 4 4 0.02040816326530612 3 1.75
true 668 4 4 0.02040816326530612 4 4.16
true 87 4 4 0.04081632653061224 1 0.19
true 234 4 4 0.04081632653061224 2 0.81
true 653 4 4 0.04081632653061224 3 2.94
true 480 4 4 0.04081632653061224 4 3.29
true 60 4 4 0.061224489795918366 1 0.13
true 240 4 4 0.061224489795918366 2 0.83
true 547 4 4 0.061224489795918366 3 2.6
true 498 4 4 0.061224489795918366 4 3.29
true 63 4 4 0.08163265306122448 1 0.15
true 190 4 4 0.08163265306122448 2 0.73
true 700 4 4 0.08163265306122448 3 3.14
true 1102 4 4 0.08163265306122448 4 6.03
true 109 4 4 0.10204081632653061 1 0.25
true 363 4 4 0.10204081632653061 2 1.23
true 416 4 4 0.10204081632653061 3 2.05
true 496 4 4 0.10204081632653061 4 3.2
true 97 4 4 0.12244897959183673 1 0.2
true 336 4 4 0.12244897959183673 2 1.14
true 734 4 4 0.12244897959183673 3 3.29
true 555 4 4 0.12244897959183673 4 3.53
true 73 4 4 0.14285714285714285 1 0.16
true 235 4 4 0.14285714285714285 2 0.82
true 757 4 4 0.14285714285714285 3 3.45
true 574 4 4 0.14285714285714285 4 3.65
true 79 4 4 0.16326530612244897 1 0.17
true 486 4 4 0.16326530612244897 2 1.66
true 356 4 4 0.16326530612244897 3 1.79
true 445 4 4 0.16326530612244897 4 2.97
true 76 4 4 0.1836734693877551 1 0.17
true 196 4 4 0.1836734693877551 2 0.72
true 268 4 4 0.1836734693877551 3 1.43
true 528 4 4 0.1836734693877551 4 3.29
true 73 4 4 0.20408163265306123 1 0.18
true 470 4 4 0.20408163265306123 2 1.6
true 885 4 4 0.20408163265306123 3 3.86
true 1383 4 4 0.20408163265306123 4 7.77
true 84 4 4 0.22448979591836735 1 0.19
true 273 4 4 0.22448979591836735 2 0.91
true 555 4 4 0.22448979591836735 3 2.75
true 1261 4 4 0.22448979591836735 4 7.29
true 117 4 4 0.24489795918367346 1 0.25
true 182 4 4 0.24489795918367346 2 0.71
true 601 4 4 0.24489795918367346 3 2.69
true 1880 4 4 0.24489795918367346 4 10.03
true 100 4 4 0.2653061224489796 1 0.21
true 472 4 4 0.2653061224489796 2 1.62
true 825 4 4 0.2653061224489796 3 3.8
true 1007 4 4 0.2653061224489796 4 5.63
true 139 4 4 0.2857142857142857 1 0.29
true 274 4 4 0.2857142857142857 2 0.96
true 664 4 4 0.2857142857142857 3 2.93
true 1354 4 4 0.2857142857142857 4 7.48
true 79 4 4 0.30612244897959184 1 0.17
true 271 4 4 0.30612244897959184 2 0.94
true 391 4 4 0.30612244897959184 3 1.93
true 1996 4 4 0.30612244897959184 4 11.03
true 61 4 4 0.32653061224489793 1 0.14
true 387 4 4 0.32653061224489793 2 1.32
true 1826 4 4 0.32653061224489793 3 8.02
true 1810 4 4 0.32653061224489793 4 10.27
true 89 4 4 0.3469387755102041 1 0.18
true 285 4 4 0.3469387755102041 2 1.01
true 701 4 4 0.3469387755102041 3 3.18
true 1204 4 4 0.3469387755102041 4 7.3
true 69 4 4 0.3673469387755102 1 0.17
true 371 4 4 0.3673469387755102 2 1.2
true 1614 4 4 0.3673469387755102 3 7.16
true 1388 4 4 0.3673469387755102 4 7.84
true 87 4 4 0.3877551020408163 1 0.2
true 450 4 4 0.3877551020408163 2 1.48
true 487 4 4 0.3877551020408163 3 2.12
true 1180 4 4 0.3877551020408163 4 6.26
true 85 4 4 0.40816326530612246 1 0.19
true 719 4 4 0.40816326530612246 2 2.37
true 2930 4 4 0.40816326530612246 3 12.07
true 1004 4 4 0.40816326530612246 4 6.05
true 105 4 4 0.42857142857142855 1 0.22
true 426 4 4 0.42857142857142855 2 1.37
true 1107 4 4 0.42857142857142855 3 4.92
true 487 4 4 0.42857142857142855 4 3.53
true 72 4 4 0.4489795918367347 1 0.16
true 285 4 4 0.4489795918367347 2 0.95
true 1661 4 4 0.4489795918367347 3 7.22
true 1606 4 4 0.4489795918367347 4 9.01
true 115 4 4 0.46938775510204084 1 0.24
true 407 4 4 0.46938775510204084 2 1.3
true 918 4 4 0.46938775510204084 3 3.91
true 2739 4 4 0.46938775510204084 4 14.58
true 79 4 4 0.4897959183673469 1 0.18
true 593 4 4 0.4897959183673469 2 2.04
true 413 4 4 0.4897959183673469 3 1.92
true 959 4 4 0.4897959183673469 4 5.36
true 158 4 4 0.5102040816326531 1 0.33
true 1066 4 4 0.5102040816326531 2 3.42
true 637 4 4 0.5102040816326531 3 2.89
true 1668 4 4 0.5102040816326531 4 8.74
true 157 4 4 0.5306122448979592 1 0.32
true 255 4 4 0.5306122448979592 2 0.88
true 519 4 4 0.5306122448979592 3 2.38
true 1466 4 4 0.5306122448979592 4 7.98
true 98 4 4 0.5510204081632653 1 0.22
true 420 4 4 0.5510204081632653 2 1.42
true 1404 4 4 0.5510204081632653 3 5.99
true 1932 4 4 0.5510204081632653 4 10.11
true 75 4 4 0.5714285714285714 1 0.17
true 263 4 4 0.5714285714285714 2 0.89
true 1146 4 4 0.5714285714285714 3 4.79
true 2729 4 4 0.5714285714285714 4 14.61
true 100 4 4 0.5918367346938775 1 0.22
true 390 4 4 0.5918367346938775 2 1.36
true 1229 4 4 0.5918367346938775 3 5.53
true 1464 4 4 0.5918367346938775 4 8.12
true 106 4 4 0.6122448979591837 1 0.24
true 378 4 4 0.6122448979591837 2 1.26
true 727 4 4 0.6122448979591837 3 3.26
true 1170 4 4 0.6122448979591837 4 6.57
true 111 4 4 0.6326530612244898 1 0.22
true 320 4 4 0.6326530612244898 2 1.11
true 1845 4 4 0.6326530612244898 3 8.43
true 4706 4 4 0.6326530612244898 4 24.46
true 92 4 4 0.6530612244897959 1 0.2
true 321 4 4 0.6530612244897959 2 1.09
true 1522 4 4 0.6530612244897959 3 6.54
true 1139 4 4 0.6530612244897959 4 6.31
true 76 4 4 0.673469387755102 1 0.16
true 319 4 4 0.673469387755102 2 1.11
true 1329 4 4 0.673469387755102 3 5.71
true 1527 4 4 0.673469387755102 4 8.83
true 80 4 4 0.6938775510204082 1 0.18
true 533 4 4 0.6938775510204082 2 1.81
true 366 4 4 0.6938775510204082 3 1.84
true 1927 4 4 0.6938775510204082 4 10.42
true 127 4 4 0.7142857142857143 1 0.27
true 415 4 4 0.7142857142857143 2 1.38
true 736 4 4 0.7142857142857143 3 3.32
true 910 4 4 0.7142857142857143 4 5.21
true 84 4 4 0.7346938775510204 1 0.19
true 529 4 4 0.7346938775510204 2 1.71
true 1103 4 4 0.7346938775510204 3 4.89
true 2670 4 4 0.7346938775510204 4 14.17
true 79 4 4 0.7551020408163265 1 0.18
true 461 4 4 0.7551020408163265 2 1.54
true 594 4 4 0.7551020408163265 3 2.77
true 1694 4 4 0.7551020408163265 4 9.1
true 74 4 4 0.7755102040816326 1 0.16
true 779 4 4 0.7755102040816326 2 2.66
true 810 4 4 0.7755102040816326 3 3.55
true 3640 4 4 0.7755102040816326 4 19.22
true 62 4 4 0.7959183673469388 1 0.14
true 374 4 4 0.7959183673469388 2 1.22
true 1924 4 4 0.7959183673469388 3 8.25
true 2022 4 4 0.7959183673469388 4 10.83
true 81 4 4 0.8163265306122449 1 0.19
true 635 4 4 0.8163265306122449 2 2.01
true 842 4 4 0.8163265306122449 3 3.64
true 1707 4 4 0.8163265306122449 4 9.19
true 86 4 4 0.8367346938775511 1 0.19
true 562 4 4 0.8367346938775511 2 1.87
true 1209 4 4 0.8367346938775511 3 5.16
true 1492 4 4 0.8367346938775511 4 8.26
true 126 4 4 0.8571428571428571 1 0.28
true 261 4 4 0.8571428571428571 2 0.93
true 870 4 4 0.8571428571428571 3 3.81
true 3375 4 4 0.8571428571428571 4 17.98
true 70 4 4 0.8775510204081632 1 0.15
true 438 4 4 0.8775510204081632 2 1.4
true 913 4 4 0.8775510204081632 3 3.87
true 839 4 4 0.8775510204081632 4 5.04
true 124 4 4 0.8979591836734694 1 0.25
true 351 4 4 0.8979591836734694 2 1.15
true 920 4 4 0.8979591836734694 3 4.21
true 1371 4 4 0.8979591836734694 4 8.0
true 90 4 4 0.9183673469387755 1 0.19
true 392 4 4 0.9183673469387755 2 1.31
true 1741 4 4 0.9183673469387755 3 7.8
true 1976 4 4 0.9183673469387755 4 10.41
true 83 4 4 0.9387755102040817 1 0.18
true 378 4 4 0.9387755102040817 2 1.23
true 471 4 4 0.9387755102040817 3 2.25
true 2416 4 4 0.9387755102040817 4 12.61
true 88 4 4 0.9591836734693877 1 0.19
true 1043 4 4 0.9591836734693877 2 3.35
true 2296 4 4 0.9591836734693877 3 9.84
true 2292 4 4 0.9591836734693877 4 12.23
true 74 4 4 0.9795918367346939 1 0.17
true 551 4 4 0.9795918367346939 2 1.84
true 756 4 4 0.9795918367346939 3 3.48
true 1403 4 4 0.9795918367346939 4 7.57
true 110 4 4 1.0 1 0.24
true 404 4 4 1.0 2 1.25
true 544 4 4 1.0 3 2.48
true 2246 4 4 1.0 4 11.84
true 81 5 1 0.0 1 0.2
true 214 5 1 0.0 2 1.0
true 388 5 1 0.0 3 2.44
true 809 5 1 0.0 4 6.43
true 85 5 1 0.02040816326530612 1 0.2
true 243 5 1 0.02040816326530612 2 1.05
true 534 5 1 0.02040816326530612 3 3.21
true 712 5 1 0.02040816326530612 4 5.84
true 72 5 1 0.04081632653061224 1 0.2
true 176 5 1 0.04081632653061224 2 0.83
true 451 5 1 0.04081632653061224 3 3.2
true 507 5 1 0.04081632653061224 4 4.38
true 76 5 1 0.061224489795918366 1 0.2
true 341 5 1 0.061224489795918366 2 1.55
true 322 5 1 0.061224489795918366 3 2.46
true 516 5 1 0.061224489795918366 4 4.54
true 84 5 1 0.08163265306122448 1 0.22
true 299 5 1 0.08163265306122448 2 1.36
true 410 5 1 0.08163265306122448 3 2.78
true 526 5 1 0.08163265306122448 4 4.87
true 84 5 1 0.10204081632653061 1 0.23
true 273 5 1 0.10204081632653061 2 1.22
true 603 5 1 0.10204081632653061 3 3.72
true 486 5 1 0.10204081632653061 4 4.64
true 98 5 1 0.12244897959183673 1 0.29
true 261 5 1 0.12244897959183673 2 1.29
true 314 5 1 0.12244897959183673 3 2.35
true 684 5 1 0.12244897959183673 4 6.23
true 85 5 1 0.14285714285714285 1 0.24
true 203 5 1 0.14285714285714285 2 0.98
true 435 5 1 0.14285714285714285 3 2.89
true 848 5 1 0.14285714285714285 4 6.67
true 77 5 1 0.16326530612244897 1 0.22
true 240 5 1 0.16326530612244897 2 1.14
true 373 5 1 0.16326530612244897 3 2.76
true 914 5 1 0.16326530612244897 4 7.61
true 90 5 1 0.1836734693877551 1 0.24
true 267 5 1 0.1836734693877551 2 1.27
true 829 5 1 0.1836734693877551 3 4.82
true 791 5 1 0.1836734693877551 4 6.84
true 77 5 1 0.20408163265306123 1 0.22
true 194 5 1 0.20408163265306123 2 1.03
true 382 5 1 0.20408163265306123 3 2.74
true 1707 5 1 0.20408163265306123 4 13.48
true 90 5 1 0.22448979591836735 1 0.25
true 612 5 1 0.22448979591836735 2 2.71
true 1594 5 1 0.22448979591836735 3 8.96
true 1348 5 1 0.22448979591836735 4 10.88
true 81 5 1 0.24489795918367346 1 0.23
true 182 5 1 0.24489795918367346 2 0.92
true 1231 5 1 0.24489795918367346 3 7.31
true 1006 5 1 0.24489795918367346 4 7.93
true 108 5 1 0.2653061224489796 1 0.28
true 630 5 1 0.2653061224489796 2 2.57
true 609 5 1 0.2653061224489796 3 4.1
true 726 5 1 0.2653061224489796 4 5.97
true 88 5 1 0.2857142857142857 1 0.25
true 312 5 1 0.2857142857142857 2 1.45
true 961 5 1 0.2857142857142857 3 5.68
true 2960 5 1 0.2857142857142857 4 21.41
true 130 5 1 0.30612244897959184 1 0.34
true 301 5 1 0.30612244897959184 2 1.42
true 1016 5 1 0.30612244897959184 3 5.81
true 2073 5 1 0.30612244897959184 4 14.74
true 123 5 1 0.32653061224489793 1 0.34
true 252 5 1 0.32653061224489793 2 1.19
true 3184 5 1 0.32653061224489793 3 17.28
true 1589 5 1 0.32653061224489793 4 11.95
true 76 5 1 0.3469387755102041 1 0.21
true 218 5 1 0.3469387755102041 2 1.14
true 851 5 1 0.3469387755102041 3 5.24
true 2565 5 1 0.3469387755102041 4 17.91
true 80 5 1 0.3673469387755102 1 0.23
true 391 5 1 0.3673469387755102 2 1.77
true 1434 5 1 0.3673469387755102 3 8.08
true 2197 5 1 0.3673469387755102 4 15.48
true 76 5 1 0.3877551020408163 1 0.23
true 449 5 1 0.3877551020408163 2 1.96
true 1423 5 1 0.3877551020408163 3 8.88
true 1445 5 1 0.3877551020408163 4 10.77
true 78 5 1 0.40816326530612246 1 0.22
true 421 5 1 0.40816326530612246 2 1.9
true 1464 5 1 0.40816326530612246 3 7.92
true 2226 5 1 0.40816326530612246 4 15.96
true 87 5 1 0.42857142857142855 1 0.26
true 784 5 1 0.42857142857142855 2 3.36
true 2143 5 1 0.42857142857142855 3 11.71
true 2186 5 1 0.42857142857142855 4 15.86
true 72 5 1 0.4489795918367347 1 0.21
true 189 5 1 0.4489795918367347 2 1.0
true 1735 5 1 0.4489795918367347 3 9.48
true 1446 5 1 0.4489795918367347 4 10.91
true 116 5 1 0.46938775510204084 1 0.3
true 412 5 1 0.46938775510204084 2 1.81
true 936 5 1 0.46938775510204084 3 5.46
true 2533 5 1 0.46938775510204084 4 17.93
true 88 5 1 0.4897959183673469 1 0.25
true 557 5 1 0.4897959183673469 2 2.32
true 2527 5 1 0.4897959183673469 3 14.15
true 2348 5 1 0.4897959183673469 4 16.42
true 81 5 1 0.5102040816326531 1 0.23
true 456 5 1 0.5102040816326531 2 2.05
true 1192 5 1 0.5102040816326531 3 6.85
true 2932 5 1 0.5102040816326531 4 20.44
true 125 5 1 0.5306122448979592 1 0.34
true 523 5 1 0.5306122448979592 2 2.31
true 1891 5 1 0.5306122448979592 3 10.3
true 2125 5 1 0.5306122448979592 4 13.79
true 73 5 1 0.5510204081632653 1 0.2
true 231 5 1 0.5510204081632653 2 1.16
true 1827 5 1 0.5510204081632653 3 10.4
true 1723 5 1 0.5510204081632653 4 11.96
true 75 5 1 0.5714285714285714 1 0.21
true 297 5 1 0.5714285714285714 2 1.31
true 1335 5 1 0.5714285714285714 3 7.15
true 4572 5 1 0.5714285714285714 4 29.56
true 83 5 1 0.5918367346938775 1 0.22
true 279 5 1 0.5918367346938775 2 1.23
true 1120 5 1 0.5918367346938775 3 6.23
true 4591 5 1 0.5918367346938775 4 31.13
true 74 5 1 0.6122448979591837 1 0.22
true 279 5 1 0.6122448979591837 2 1.31
true 1307 5 1 0.6122448979591837 3 7.68
true 1235 5 1 0.6122448979591837 4 9.58
true 103 5 1 0.6326530612244898 1 0.27
true 278 5 1 0.6326530612244898 2 1.27
true 995 5 1 0.6326530612244898 3 5.61
true 4632 5 1 0.6326530612244898 4 32.43
true 73 5 1 0.6530612244897959 1 0.21
true 312 5 1 0.6530612244897959 2 1.37
true 595 5 1 0.6530612244897959 3 3.76
true 3035 5 1 0.6530612244897959 4 21.1
true 97 5 1 0.673469387755102 1 0.29
true 402 5 1 0.673469387755102 2 1.69
true 652 5 1 0.673469387755102 3 4.22
true 1503 5 1 0.673469387755102 4 10.74
true 83 5 1 0.6938775510204082 1 0.23
true 437 5 1 0.6938775510204082 2 1.85
true 1188 5 1 0.6938775510204082 3 7.14
true 2495 5 1 0.6938775510204082 4 18.68
true 64 5 1 0.7142857142857143 1 0.19
true 410 5 1 0.7142857142857143 2 1.93
true 623 5 1 0.7142857142857143 3 4.26
true 1557 5 1 0.7142857142857143 4 10.99
true 94 5 1 0.7346938775510204 1 0.28
true 463 5 1 0.7346938775510204 2 2.01
true 843 5 1 0.7346938775510204 3 4.76
true 2329 5 1 0.7346938775510204 4 16.43
true 86 5 1 0.7551020408163265 1 0.24
true 426 5 1 0.7551020408163265 2 1.79
true 2197 5 1 0.7551020408163265 3 11.83
true 2788 5 1 0.7551020408163265 4 19.7
true 94 5 1 0.7755102040816326 1 0.24
true 240 5 1 0.7755102040816326 2 1.21
true 1307 5 1 0.7755102040816326 3 7.51
true 3284 5 1 0.7755102040816326 4 23.2
true 89 5 1 0.7959183673469388 1 0.24
true 518 5 1 0.7959183673469388 2 2.21
true 1732 5 1 0.7959183673469388 3 9.67
true 1534 5 1 0.7959183673469388 4 10.8
true 133 5 1 0.8163265306122449 1 0.35
true 358 5 1 0.8163265306122449 2 1.54
true 630 5 1 0.8163265306122449 3 4.02
true 2477 5 1 0.8163265306122449 4 17.21
true 78 5 1 0.8367346938775511 1 0.22
true 303 5 1 0.8367346938775511 2 1.41
true 669 5 1 0.8367346938775511 3 4.27
true 1793 5 1 0.8367346938775511 4 13.05
true 80 5 1 0.8571428571428571 1 0.2
true 369 5 1 0.8571428571428571 2 1.5
true 1248 5 1 0.8571428571428571 3 6.69
true 1977 5 1 0.8571428571428571 4 13.17
true 90 5 1 0.8775510204081632 1 0.24
true 271 5 1 0.8775510204081632 2 1.31
true 3043 5 1 0.8775510204081632 3 16.61
true 1507 5 1 0.8775510204081632 4 10.8
true 143 5 1 0.8979591836734694 1 0.37
true 327 5 1 0.8979591836734694 2 1.49
true 648 5 1 0.8979591836734694 3 4.37
true 896 5 1 0.8979591836734694 4 6.9
true 74 5 1 0.9183673469387755 1 0.21
true 532 5 1 0.9183673469387755 2 2.19
true 3749 5 1 0.9183673469387755 3 20.52
true 3508 5 1 0.9183673469387755 4 25.14
true 83 5 1 0.9387755102040817 1 0.24
true 1005 5 1 0.9387755102040817 2 4.14
true 2311 5 1 0.9387755102040817 3 12.54
true 3170 5 1 0.9387755102040817 4 21.57
true 91 5 1 0.9591836734693877 1 0.25
true 600 5 1 0.9591836734693877 2 2.6
true 1173 5 1 0.9591836734693877 3 6.74
true 1922 5 1 0.9591836734693877 4 13.91
true 99 5 1 0.9795918367346939 1 0.28
true 577 5 1 0.9795918367346939 2 2.4
true 1810 5 1 0.9795918367346939 3 10.51
true 1003 5 1 0.9795918367346939 4 7.77
true 89 5 1 1.0 1 0.25
true 484 5 1 1.0 2 2.11
true 1387 5 1 1.0 3 7.87
true 1814 5 1 1.0 4 12.79
true 128 5 2 0.0 1 0.3
true 272 5 2 0.0 2 1.18
true 494 5 2 0.0 3 3.09
true 1432 5 2 0.0 4 10.26
true 87 5 2 0.02040816326530612 1 0.22
true 307 5 2 0.02040816326530612 2 1.29
true 334 5 2 0.02040816326530612 3 2.3
true 712 5 2 0.02040816326530612 4 5.75
true 103 5 2 0.04081632653061224 1 0.27
true 361 5 2 0.04081632653061224 2 1.59
true 895 5 2 0.04081632653061224 3 5.3
true 769 5 2 0.04081632653061224 4 6.17
true 92 5 2 0.061224489795918366 1 0.26
true 308 5 2 0.061224489795918366 2 1.34
true 926 5 2 0.061224489795918366 3 5.37
true 743 5 2 0.061224489795918366 4 6.61
true 168 5 2 0.08163265306122448 1 0.43
true 244 5 2 0.08163265306122448 2 1.16
true 322 5 2 0.08163265306122448 3 2.49
true 1359 5 2 0.08163265306122448 4 10.89
true 111 5 2 0.10204081632653061 1 0.3
true 263 5 2 0.10204081632653061 2 1.19
true 491 5 2 0.10204081632653061 3 3.29
true 556 5 2 0.10204081632653061 4 5.13
true 141 5 2 0.12244897959183673 1 0.4
true 394 5 2 0.12244897959183673 2 1.76
true 415 5 2 0.12244897959183673 3 2.92
true 750 5 2 0.12244897959183673 4 6.47
true 90 5 2 0.14285714285714285 1 0.25
true 230 5 2 0.14285714285714285 2 1.23
true 796 5 2 0.14285714285714285 3 4.72
true 680 5 2 0.14285714285714285 4 6.29
true 88 5 2 0.16326530612244897 1 0.24
true 215 5 2 0.16326530612244897 2 1.09
true 607 5 2 0.16326530612244897 3 3.79
true 1517 5 2 0.16326530612244897 4 10.73
true 79 5 2 0.1836734693877551 1 0.23
true 360 5 2 0.1836734693877551 2 1.65
true 400 5 2 0.1836734693877551 3 3.01
true 680 5 2 0.1836734693877551 4 5.71
true 88 5 2 0.20408163265306123 1 0.22
true 309 5 2 0.20408163265306123 2 1.38
true 1693 5 2 0.20408163265306123 3 9.78
true 3770 5 2 0.20408163265306123 4 27.48
true 105 5 2 0.22448979591836735 1 0.29
true 521 5 2 0.22448979591836735 2 2.21
true 1207 5 2 0.22448979591836735 3 6.77
true 3428 5 2 0.22448979591836735 4 24.32
true 86 5 2 0.24489795918367346 1 0.25
true 272 5 2 0.24489795918367346 2 1.26
true 1139 5 2 0.24489795918367346 3 6.26
true 2410 5 2 0.24489795918367346 4 16.77
true 110 5 2 0.2653061224489796 1 0.32
true 606 5 2 0.2653061224489796 2 2.73
true 1030 5 2 0.2653061224489796 3 5.6
true 2550 5 2 0.2653061224489796 4 18.15
true 85 5 2 0.2857142857142857 1 0.26
true 344 5 2 0.2857142857142857 2 1.61
true 1656 5 2 0.2857142857142857 3 9.87
true 2148 5 2 0.2857142857142857 4 15.38
true 86 5 2 0.30612244897959184 1 0.26
true 264 5 2 0.30612244897959184 2 1.36
true 1070 5 2 0.30612244897959184 3 6.22
true 1247 5 2 0.30612244897959184 4 10.0
true 134 5 2 0.32653061224489793 1 0.39
true 243 5 2 0.32653061224489793 2 1.2
true 1393 5 2 0.32653061224489793 3 8.34
true 4053 5 2 0.32653061224489793 4 29.47
true 71 5 2 0.3469387755102041 1 0.22
true 284 5 2 0.3469387755102041 2 1.37
true 1019 5 2 0.3469387755102041 3 6.08
true 2112 5 2 0.3469387755102041 4 15.12
true 82 5 2 0.3673469387755102 1 0.23
true 314 5 2 0.3673469387755102 2 1.38
true 1060 5 2 0.3673469387755102 3 6.66
true 841 5 2 0.3673469387755102 4 7.26
true 134 5 2 0.3877551020408163 1 0.35
true 387 5 2 0.3877551020408163 2 1.9
true 1391 5 2 0.3877551020408163 3 8.16
true 3113 5 2 0.3877551020408163 4 21.47
true 100 5 2 0.40816326530612246 1 0.26
true 218 5 2 0.40816326530612246 2 1.09
true 1652 5 2 0.40816326530612246 3 9.71
true 2369 5 2 0.40816326530612246 4 17.25
true 70 5 2 0.42857142857142855 1 0.2
true 251 5 2 0.42857142857142855 2 1.25
true 1001 5 2 0.42857142857142855 3 5.79
true 4731 5 2 0.42857142857142855 4 33.36
true 88 5 2 0.4489795918367347 1 0.26
true 462 5 2 0.4489795918367347 2 1.99
true 1297 5 2 0.4489795918367347 3 7.84
true 760 5 2 0.4489795918367347 4 6.4
true 80 5 2 0.46938775510204084 1 0.25
true 274 5 2 0.46938775510204084 2 1.4
true 539 5 2 0.46938775510204084 3 3.57
true 2846 5 2 0.46938775510204084 4 20.84
true 86 5 2 0.4897959183673469 1 0.23
true 459 5 2 0.4897959183673469 2 2.07
true 1089 5 2 0.4897959183673469 3 6.33
true 2437 5 2 0.4897959183673469 4 17.02
true 102 5 2 0.5102040816326531 1 0.29
true 366 5 2 0.5102040816326531 2 1.69
true 1488 5 2 0.5102040816326531 3 8.31
true 1582 5 2 0.5102040816326531 4 11.66
true 75 5 2 0.5306122448979592 1 0.22
true 242 5 2 0.5306122448979592 2 1.17
true 2442 5 2 0.5306122448979592 3 13.75
true 2907 5 2 0.5306122448979592 4 20.15
true 95 5 2 0.5510204081632653 1 0.27
true 245 5 2 0.5510204081632653 2 1.25
true 2194 5 2 0.5510204081632653 3 11.79
true 1559 5 2 0.5510204081632653 4 11.18
true 77 5 2 0.5714285714285714 1 0.22
true 314 5 2 0.5714285714285714 2 1.41
true 1509 5 2 0.5714285714285714 3 8.2
true 1393 5 2 0.5714285714285714 4 10.3
true 105 5 2 0.5918367346938775 1 0.28
true 656 5 2 0.5918367346938775 2 2.78
true 4471 5 2 0.5918367346938775 3 24.06
true 7101 5 2 0.5918367346938775 4 50.56
true 86 5 2 0.6122448979591837 1 0.25
true 222 5 2 0.6122448979591837 2 1.12
true 2670 5 2 0.6122448979591837 3 14.66
true 994 5 2 0.6122448979591837 4 8.25
true 75 5 2 0.6326530612244898 1 0.22
true 264 5 2 0.6326530612244898 2 1.31
true 1064 5 2 0.6326530612244898 3 6.6
true 4532 5 2 0.6326530612244898 4 31.13
true 82 5 2 0.6530612244897959 1 0.23
true 244 5 2 0.6530612244897959 2 1.18
true 935 5 2 0.6530612244897959 3 5.89
true 2761 5 2 0.6530612244897959 4 19.98
true 100 5 2 0.673469387755102 1 0.28
true 283 5 2 0.673469387755102 2 1.33
true 1224 5 2 0.673469387755102 3 6.98
true 2705 5 2 0.673469387755102 4 19.35
true 99 5 2 0.6938775510204082 1 0.28
true 465 5 2 0.6938775510204082 2 2.08
true 1655 5 2 0.6938775510204082 3 9.88
true 2715 5 2 0.6938775510204082 4 19.39
true 77 5 2 0.7142857142857143 1 0.22
true 251 5 2 0.7142857142857143 2 1.33
true 1195 5 2 0.7142857142857143 3 6.86
true 2196 5 2 0.7142857142857143 4 15.77
true 85 5 2 0.7346938775510204 1 0.23
true 450 5 2 0.7346938775510204 2 1.86
true 2037 5 2 0.7346938775510204 3 9.32
true 772 5 2 0.7346938775510204 4 5.58
true 101 5 2 0.7551020408163265 1 0.23
true 477 5 2 0.7551020408163265 2 1.7
true 1712 5 2 0.7551020408163265 3 7.97
true 2367 5 2 0.7551020408163265 4 13.4
true 156 5 2 0.7755102040816326 1 0.32
true 356 5 2 0.7755102040816326 2 1.16
true 739 5 2 0.7755102040816326 3 3.51
true 1145 5 2 0.7755102040816326 4 6.72
true 107 5 2 0.7959183673469388 1 0.24
true 218 5 2 0.7959183673469388 2 0.79
true 4770 5 2 0.7959183673469388 3 19.8
true 3668 5 2 0.7959183673469388 4 18.95
true 91 5 2 0.8163265306122449 1 0.21
true 370 5 2 0.8163265306122449 2 1.24
true 734 5 2 0.8163265306122449 3 3.53
true 3889 5 2 0.8163265306122449 4 20.38
true 84 5 2 0.8367346938775511 1 0.17
true 279 5 2 0.8367346938775511 2 0.93
true 1956 5 2 0.8367346938775511 3 13.58
true 1546 5 2 0.8367346938775511 4 15.48
true 80 5 2 0.8571428571428571 1 0.31
true 307 5 2 0.8571428571428571 2 1.92
true 3566 5 2 0.8571428571428571 3 25.76
true 2729 5 2 0.8571428571428571 4 25.6
true 82 5 2 0.8775510204081632 1 0.31
true 314 5 2 0.8775510204081632 2 2.03
true 1727 5 2 0.8775510204081632 3 13.33
true 2144 5 2 0.8775510204081632 4 20.8
true 161 5 2 0.8979591836734694 1 0.55
true 322 5 2 0.8979591836734694 2 1.96
true 2029 5 2 0.8979591836734694 3 15.84
true 2157 5 2 0.8979591836734694 4 20.85
true 110 5 2 0.9183673469387755 1 0.4
true 828 5 2 0.9183673469387755 2 4.86
true 1483 5 2 0.9183673469387755 3 11.94
true 3526 5 2 0.9183673469387755 4 32.35
true 107 5 2 0.9387755102040817 1 0.4
true 324 5 2 0.9387755102040817 2 1.93
true 1028 5 2 0.9387755102040817 3 8.22
true 3052 5 2 0.9387755102040817 4 28.62
true 96 5 2 0.9591836734693877 1 0.36
true 525 5 2 0.9591836734693877 2 3.15
true 1684 5 2 0.9591836734693877 3 12.61
true 2035 5 2 0.9591836734693877 4 20.6
true 88 5 2 0.9795918367346939 1 0.35
true 438 5 2 0.9795918367346939 2 2.77
true 1838 5 2 0.9795918367346939 3 14.64
true 1894 5 2 0.9795918367346939 4 18.75
true 112 5 2 1.0 1 0.41
true 797 5 2 1.0 2 4.66
true 1298 5 2 1.0 3 9.97
true 3286 5 2 1.0 4 31.44
true 190 5 3 0.0 1 0.62
true 410 5 3 0.0 2 2.4
true 806 5 3 0.0 3 6.64
true 782 5 3 0.0 4 8.72
true 113 5 3 0.02040816326530612 1 0.38
true 390 5 3 0.02040816326530612 2 2.28
true 664 5 3 0.02040816326530612 3 5.42
true 1485 5 3 0.02040816326530612 4 15.5
true 151 5 3 0.04081632653061224 1 0.56
true 471 5 3 0.04081632653061224 2 2.79
true 620 5 3 0.04081632653061224 3 5.34
true 549 5 3 0.04081632653061224 4 6.95
true 124 5 3 0.061224489795918366 1 0.48
true 521 5 3 0.061224489795918366 2 3.16
true 360 5 3 0.061224489795918366 3 3.53
true 922 5 3 0.061224489795918366 4 11.18
true 123 5 3 0.08163265306122448 1 0.51
true 485 5 3 0.08163265306122448 2 2.79
true 670 5 3 0.08163265306122448 3 5.76
true 952 5 3 0.08163265306122448 4 10.91
true 170 5 3 0.10204081632653061 1 0.65
true 1062 5 3 0.10204081632653061 2 6.36
true 671 5 3 0.10204081632653061 3 5.81
true 819 5 3 0.10204081632653061 4 9.24
true 94 5 3 0.12244897959183673 1 0.37
true 217 5 3 0.12244897959183673 2 1.55
true 559 5 3 0.12244897959183673 3 4.94
true 968 5 3 0.12244897959183673 4 10.62
true 135 5 3 0.14285714285714285 1 0.52
true 306 5 3 0.14285714285714285 2 1.98
true 780 5 3 0.14285714285714285 3 6.38
true 879 5 3 0.14285714285714285 4 9.88
true 94 5 3 0.16326530612244897 1 0.38
true 355 5 3 0.16326530612244897 2 2.17
true 711 5 3 0.16326530612244897 3 6.25
true 1323 5 3 0.16326530612244897 4 14.1
true 101 5 3 0.1836734693877551 1 0.39
true 422 5 3 0.1836734693877551 2 2.62
true 808 5 3 0.1836734693877551 3 7.18
true 998 5 3 0.1836734693877551 4 10.63
true 112 5 3 0.20408163265306123 1 0.41
true 246 5 3 0.20408163265306123 2 1.61
true 1431 5 3 0.20408163265306123 3 11.49
true 751 5 3 0.20408163265306123 4 8.51
true 96 5 3 0.22448979591836735 1 0.4
true 347 5 3 0.22448979591836735 2 2.13
true 1697 5 3 0.22448979591836735 3 13.09
true 2936 5 3 0.22448979591836735 4 28.12
true 93 5 3 0.24489795918367346 1 0.35
true 658 5 3 0.24489795918367346 2 3.74
true 506 5 3 0.24489795918367346 3 4.4
true 2000 5 3 0.24489795918367346 4 19.63
true 95 5 3 0.2653061224489796 1 0.36
true 369 5 3 0.2653061224489796 2 2.2
true 2727 5 3 0.2653061224489796 3 20.28
true 2153 5 3 0.2653061224489796 4 21.42
true 95 5 3 0.2857142857142857 1 0.35
true 220 5 3 0.2857142857142857 2 1.53
true 1980 5 3 0.2857142857142857 3 15.0
true 846 5 3 0.2857142857142857 4 9.23
true 90 5 3 0.30612244897959184 1 0.38
true 547 5 3 0.30612244897959184 2 3.18
true 940 5 3 0.30612244897959184 3 7.55
true 969 5 3 0.30612244897959184 4 10.25
true 114 5 3 0.32653061224489793 1 0.43
true 528 5 3 0.32653061224489793 2 3.13
true 864 5 3 0.32653061224489793 3 6.97
true 1430 5 3 0.32653061224489793 4 14.99
true 107 5 3 0.3469387755102041 1 0.43
true 490 5 3 0.3469387755102041 2 3.15
true 1307 5 3 0.3469387755102041 3 10.49
true 3961 5 3 0.3469387755102041 4 41.83
true 91 5 3 0.3673469387755102 1 0.4
true 378 5 3 0.3673469387755102 2 2.87
true 1424 5 3 0.3673469387755102 3 13.78
true 2170 5 3 0.3673469387755102 4 23.81
true 86 5 3 0.3877551020408163 1 0.4
true 344 5 3 0.3877551020408163 2 2.36
true 1896 5 3 0.3877551020408163 3 16.29
true 2800 5 3 0.3877551020408163 4 32.71
true 93 5 3 0.40816326530612246 1 0.5
true 347 5 3 0.40816326530612246 2 2.78
true 2023 5 3 0.40816326530612246 3 19.3
true 2542 5 3 0.40816326530612246 4 28.97
true 117 5 3 0.42857142857142855 1 0.49
true 512 5 3 0.42857142857142855 2 3.51
true 1707 5 3 0.42857142857142855 3 16.38
true 4146 5 3 0.42857142857142855 4 45.21
true 103 5 3 0.4489795918367347 1 0.5
true 249 5 3 0.4489795918367347 2 1.84
true 1986 5 3 0.4489795918367347 3 16.78
true 6892 5 3 0.4489795918367347 4 73.89
true 101 5 3 0.46938775510204084 1 0.43
true 301 5 3 0.46938775510204084 2 2.23
true 2420 5 3 0.46938775510204084 3 21.43
true 1880 5 3 0.46938775510204084 4 21.43
true 115 5 3 0.4897959183673469 1 0.46
true 374 5 3 0.4897959183673469 2 2.67
true 1664 5 3 0.4897959183673469 3 14.19
true 656 5 3 0.4897959183673469 4 8.89
true 75 5 3 0.5102040816326531 1 0.34
true 457 5 3 0.5102040816326531 2 3.07
true 1770 5 3 0.5102040816326531 3 15.55
true 1722 5 3 0.5102040816326531 4 18.4
true 92 5 3 0.5306122448979592 1 0.23
true 742 5 3 0.5306122448979592 2 2.45
true 829 5 3 0.5306122448979592 3 4.12
true 6184 5 3 0.5306122448979592 4 34.15
true 122 5 3 0.5510204081632653 1 0.3
true 827 5 3 0.5510204081632653 2 2.86
true 1325 5 3 0.5510204081632653 3 6.03
true 1890 5 3 0.5510204081632653 4 11.45
true 79 5 3 0.5714285714285714 1 0.2
true 269 5 3 0.5714285714285714 2 1.04
true 1764 5 3 0.5714285714285714 3 7.93
true 3332 5 3 0.5714285714285714 4 19.04
true 167 5 3 0.5918367346938775 1 0.37
true 441 5 3 0.5918367346938775 2 1.54
true 1196 5 3 0.5918367346938775 3 6.27
true 3413 5 3 0.5918367346938775 4 19.87
true 136 5 3 0.6122448979591837 1 0.33
true 410 5 3 0.6122448979591837 2 1.63
true 1878 5 3 0.6122448979591837 3 8.46
true 2562 5 3 0.6122448979591837 4 14.82
true 134 5 3 0.6326530612244898 1 0.31
true 247 5 3 0.6326530612244898 2 1.05
true 983 5 3 0.6326530612244898 3 4.33
true 2066 5 3 0.6326530612244898 4 11.1
true 185 5 3 0.6530612244897959 1 0.38