changes = Time vs nsites vs nqubits0 vs h vs nlayers

g_converged iter nsites nqubits0 h nlayers time
true 87 5 1 0.0 1 5.88
true 240 5 1 0.0 2 1.35
true 490 5 1 0.0 3 3.36
true 959 5 1 0.0 4 9.09
true 136 5 1 0.02040816326530612 1 0.39
true 201 5 1 0.02040816326530612 2 1.13
true 635 5 1 0.02040816326530612 3 4.65
true 879 5 1 0.02040816326530612 4 7.96
true 90 5 1 0.04081632653061224 1 0.27
true 427 5 1 0.04081632653061224 2 2.28
true 343 5 1 0.04081632653061224 3 2.97
true 508 5 1 0.04081632653061224 4 5.95
true 153 5 1 0.061224489795918366 1 0.48
true 318 5 1 0.061224489795918366 2 1.71
true 353 5 1 0.061224489795918366 3 2.78
true 566 5 1 0.061224489795918366 4 5.67
true 81 5 1 0.08163265306122448 1 0.27
true 212 5 1 0.08163265306122448 2 1.3
true 381 5 1 0.08163265306122448 3 5.86
true 576 5 1 0.08163265306122448 4 11.18
true 76 5 1 0.10204081632653061 1 0.45
true 324 5 1 0.10204081632653061 2 3.19
true 658 5 1 0.10204081632653061 3 8.73
true 615 5 1 0.10204081632653061 4 12.89
true 83 5 1 0.12244897959183673 1 0.48
true 201 5 1 0.12244897959183673 2 2.33
true 812 5 1 0.12244897959183673 3 9.99
true 1046 5 1 0.12244897959183673 4 19.52
true 78 5 1 0.14285714285714285 1 0.47
true 205 5 1 0.14285714285714285 2 2.19
true 387 5 1 0.14285714285714285 3 5.61
true 816 5 1 0.14285714285714285 4 14.35
true 169 5 1 0.16326530612244897 1 0.83
true 241 5 1 0.16326530612244897 2 2.42
true 422 5 1 0.16326530612244897 3 6.2
true 846 5 1 0.16326530612244897 4 12.57
true 77 5 1 0.1836734693877551 1 0.38
true 192 5 1 0.1836734693877551 2 2.19
true 836 5 1 0.1836734693877551 3 9.77
true 515 5 1 0.1836734693877551 4 9.31
true 85 5 1 0.20408163265306123 1 0.44
true 616 5 1 0.20408163265306123 2 4.68
true 1310 5 1 0.20408163265306123 3 14.24
true 1688 5 1 0.20408163265306123 4 24.47
true 83 5 1 0.22448979591836735 1 0.44
true 402 5 1 0.22448979591836735 2 3.13
true 1495 5 1 0.22448979591836735 3 15.78
true 3041 5 1 0.22448979591836735 4 39.6
true 74 5 1 0.24489795918367346 1 0.39
true 622 5 1 0.24489795918367346 2 4.95
true 1315 5 1 0.24489795918367346 3 14.28
true 1350 5 1 0.24489795918367346 4 18.66
true 78 5 1 0.2653061224489796 1 0.4
true 715 5 1 0.2653061224489796 2 5.56
true 1319 5 1 0.2653061224489796 3 13.92
true 1036 5 1 0.2653061224489796 4 15.81
true 80 5 1 0.2857142857142857 1 0.41
true 265 5 1 0.2857142857142857 2 2.36
true 1465 5 1 0.2857142857142857 3 14.72
true 883 5 1 0.2857142857142857 4 13.46
true 87 5 1 0.30612244897959184 1 0.44
true 403 5 1 0.30612244897959184 2 3.3
true 1595 5 1 0.30612244897959184 3 16.81
true 1781 5 1 0.30612244897959184 4 24.27
true 75 5 1 0.32653061224489793 1 0.37
true 349 5 1 0.32653061224489793 2 2.7
true 1110 5 1 0.32653061224489793 3 12.06
true 1809 5 1 0.32653061224489793 4 24.57
true 79 5 1 0.3469387755102041 1 0.4
true 339 5 1 0.3469387755102041 2 2.71
true 2610 5 1 0.3469387755102041 3 25.85
true 2219 5 1 0.3469387755102041 4 29.55
true 91 5 1 0.3673469387755102 1 0.45
true 514 5 1 0.3673469387755102 2 4.13
true 1405 5 1 0.3673469387755102 3 14.34
true 2209 5 1 0.3673469387755102 4 28.26
true 77 5 1 0.3877551020408163 1 0.41
true 327 5 1 0.3877551020408163 2 2.81
true 655 5 1 0.3877551020408163 3 9.01
true 1782 5 1 0.3877551020408163 4 27.46
true 100 5 1 0.40816326530612246 1 0.58
true 355 5 1 0.40816326530612246 2 3.12
true 2076 5 1 0.40816326530612246 3 24.11
true 3638 5 1 0.40816326530612246 4 49.75
true 117 5 1 0.42857142857142855 1 0.56
true 466 5 1 0.42857142857142855 2 3.73
true 2519 5 1 0.42857142857142855 3 26.43
true 1726 5 1 0.42857142857142855 4 23.66
true 69 5 1 0.4489795918367347 1 0.37
true 268 5 1 0.4489795918367347 2 2.34
true 791 5 1 0.4489795918367347 3 8.8
true 2170 5 1 0.4489795918367347 4 28.44
true 71 5 1 0.46938775510204084 1 0.36
true 585 5 1 0.46938775510204084 2 4.68
true 2242 5 1 0.46938775510204084 3 22.99
true 1274 5 1 0.46938775510204084 4 18.16
true 69 5 1 0.4897959183673469 1 0.37
true 184 5 1 0.4897959183673469 2 1.74
true 501 5 1 0.4897959183673469 3 6.4
true 6541 5 1 0.4897959183673469 4 82.89
true 69 5 1 0.5102040816326531 1 0.34
true 381 5 1 0.5102040816326531 2 2.91
true 632 5 1 0.5102040816326531 3 6.97
true 1872 5 1 0.5102040816326531 4 25.41
true 79 5 1 0.5306122448979592 1 0.41
true 869 5 1 0.5306122448979592 2 6.81
true 518 5 1 0.5306122448979592 3 5.97
true 2054 5 1 0.5306122448979592 4 27.39
true 89 5 1 0.5510204081632653 1 0.46
true 219 5 1 0.5510204081632653 2 1.99
true 1335 5 1 0.5510204081632653 3 13.56
true 2706 5 1 0.5510204081632653 4 34.2
true 87 5 1 0.5714285714285714 1 0.44
true 389 5 1 0.5714285714285714 2 3.05
true 1178 5 1 0.5714285714285714 3 12.05
true 2028 5 1 0.5714285714285714 4 25.51
true 78 5 1 0.5918367346938775 1 0.42
true 459 5 1 0.5918367346938775 2 3.62
true 1097 5 1 0.5918367346938775 3 11.75
true 2217 5 1 0.5918367346938775 4 30.24
true 86 5 1 0.6122448979591837 1 0.42
true 210 5 1 0.6122448979591837 2 1.97
true 2081 5 1 0.6122448979591837 3 20.91
true 2301 5 1 0.6122448979591837 4 29.87
true 94 5 1 0.6326530612244898 1 0.43
true 388 5 1 0.6326530612244898 2 3.34
true 988 5 1 0.6326530612244898 3 10.67
true 2045 5 1 0.6326530612244898 4 27.96
true 86 5 1 0.6530612244897959 1 0.43
true 605 5 1 0.6530612244897959 2 4.65
true 1163 5 1 0.6530612244897959 3 12.36
true 3298 5 1 0.6530612244897959 4 42.66
true 84 5 1 0.673469387755102 1 0.41
true 223 5 1 0.673469387755102 2 1.94
true 1676 5 1 0.673469387755102 3 17.08
true 2461 5 1 0.673469387755102 4 32.6
true 95 5 1 0.6938775510204082 1 0.43
true 1169 5 1 0.6938775510204082 2 8.86
true 1844 5 1 0.6938775510204082 3 18.96
true 2403 5 1 0.6938775510204082 4 31.51
true 78 5 1 0.7142857142857143 1 0.41
true 359 5 1 0.7142857142857143 2 2.84
true 1226 5 1 0.7142857142857143 3 12.69
true 3253 5 1 0.7142857142857143 4 42.47
true 83 5 1 0.7346938775510204 1 0.4
true 565 5 1 0.7346938775510204 2 4.38
true 1598 5 1 0.7346938775510204 3 17.08
true 1038 5 1 0.7346938775510204 4 14.52
true 105 5 1 0.7551020408163265 1 0.51
true 454 5 1 0.7551020408163265 2 3.48
true 1290 5 1 0.7551020408163265 3 13.02
true 2762 5 1 0.7551020408163265 4 36.3
true 100 5 1 0.7755102040816326 1 0.47
true 242 5 1 0.7755102040816326 2 2.1
true 1863 5 1 0.7755102040816326 3 19.32
true 3097 5 1 0.7755102040816326 4 39.81
true 91 5 1 0.7959183673469388 1 0.44
true 544 5 1 0.7959183673469388 2 4.08
true 1273 5 1 0.7959183673469388 3 13.3
true 2645 5 1 0.7959183673469388 4 34.38
true 74 5 1 0.8163265306122449 1 0.39
true 409 5 1 0.8163265306122449 2 3.09
true 404 5 1 0.8163265306122449 3 5.1
true 2076 5 1 0.8163265306122449 4 26.51
true 113 5 1 0.8367346938775511 1 0.56
true 504 5 1 0.8367346938775511 2 3.97
true 1008 5 1 0.8367346938775511 3 10.33
true 2312 5 1 0.8367346938775511 4 30.7
true 100 5 1 0.8571428571428571 1 0.5
true 302 5 1 0.8571428571428571 2 2.46
true 1484 5 1 0.8571428571428571 3 14.73
true 850 5 1 0.8571428571428571 4 13.09
true 91 5 1 0.8775510204081632 1 0.46
true 304 5 1 0.8775510204081632 2 2.6
true 735 5 1 0.8775510204081632 3 8.22
true 1091 5 1 0.8775510204081632 4 15.09
true 75 5 1 0.8979591836734694 1 0.38
true 1002 5 1 0.8979591836734694 2 7.45
true 2226 5 1 0.8979591836734694 3 21.63
true 3022 5 1 0.8979591836734694 4 39.57
true 86 5 1 0.9183673469387755 1 0.46
true 267 5 1 0.9183673469387755 2 2.3
true 355 5 1 0.9183673469387755 3 4.58
true 1674 5 1 0.9183673469387755 4 23.51
true 96 5 1 0.9387755102040817 1 0.47
true 561 5 1 0.9387755102040817 2 4.25
true 889 5 1 0.9387755102040817 3 9.8
true 1851 5 1 0.9387755102040817 4 24.15
true 107 5 1 0.9591836734693877 1 0.49
true 522 5 1 0.9591836734693877 2 4.18
true 859 5 1 0.9591836734693877 3 9.09
true 1144 5 1 0.9591836734693877 4 16.6
true 81 5 1 0.9795918367346939 1 0.42
true 432 5 1 0.9795918367346939 2 3.44
true 1866 5 1 0.9795918367346939 3 18.2
true 2751 5 1 0.9795918367346939 4 36.03
true 92 5 1 1.0 1 0.44
true 529 5 1 1.0 2 4.07
true 1017 5 1 1.0 3 10.82
true 1494 5 1 1.0 4 19.75
true 74 5 2 0.0 1 0.34
true 215 5 2 0.0 2 1.86
true 638 5 2 0.0 3 6.84
true 1180 5 2 0.0 4 15.9
true 81 5 2 0.02040816326530612 1 0.41
true 205 5 2 0.02040816326530612 2 1.81
true 365 5 2 0.02040816326530612 3 4.65
true 734 5 2 0.02040816326530612 4 12.26
true 64 5 2 0.04081632653061224 1 0.36
true 203 5 2 0.04081632653061224 2 1.86
true 393 5 2 0.04081632653061224 3 5.3
true 630 5 2 0.04081632653061224 4 9.8
true 79 5 2 0.061224489795918366 1 0.41
true 214 5 2 0.061224489795918366 2 2.01
true 527 5 2 0.061224489795918366 3 7.06
true 684 5 2 0.061224489795918366 4 11.33
true 83 5 2 0.08163265306122448 1 0.41
true 276 5 2 0.08163265306122448 2 2.47
true 497 5 2 0.08163265306122448 3 5.82
true 2288 5 2 0.08163265306122448 4 30.64
true 111 5 2 0.10204081632653061 1 0.57
true 235 5 2 0.10204081632653061 2 2.08
true 503 5 2 0.10204081632653061 3 6.25
true 543 5 2 0.10204081632653061 4 9.04
true 94 5 2 0.12244897959183673 1 0.47
true 249 5 2 0.12244897959183673 2 2.21
true 718 5 2 0.12244897959183673 3 7.8
true 1156 5 2 0.12244897959183673 4 16.19
true 97 5 2 0.14285714285714285 1 0.51
true 236 5 2 0.14285714285714285 2 2.13
true 453 5 2 0.14285714285714285 3 5.94
true 673 5 2 0.14285714285714285 4 10.33
true 76 5 2 0.16326530612244897 1 0.43
true 325 5 2 0.16326530612244897 2 2.68
true 777 5 2 0.16326530612244897 3 9.22
true 785 5 2 0.16326530612244897 4 11.76
true 120 5 2 0.1836734693877551 1 0.59
true 219 5 2 0.1836734693877551 2 2.02
true 798 5 2 0.1836734693877551 3 9.03
true 868 5 2 0.1836734693877551 4 14.49
true 100 5 2 0.20408163265306123 1 0.51
true 401 5 2 0.20408163265306123 2 3.29
true 599 5 2 0.20408163265306123 3 6.81
true 4198 5 2 0.20408163265306123 4 54.72
true 96 5 2 0.22448979591836735 1 0.51
true 198 5 2 0.22448979591836735 2 1.88
true 1196 5 2 0.22448979591836735 3 12.14
true 4119 5 2 0.22448979591836735 4 53.41
true 84 5 2 0.24489795918367346 1 0.47
true 302 5 2 0.24489795918367346 2 2.56
true 954 5 2 0.24489795918367346 3 10.41
true 2463 5 2 0.24489795918367346 4 31.54
true 88 5 2 0.2653061224489796 1 0.47
true 365 5 2 0.2653061224489796 2 3.01
true 708 5 2 0.2653061224489796 3 8.01
true 2752 5 2 0.2653061224489796 4 35.08
true 74 5 2 0.2857142857142857 1 0.39
true 495 5 2 0.2857142857142857 2 3.92
true 1097 5 2 0.2857142857142857 3 11.81
true 3201 5 2 0.2857142857142857 4 41.52
true 78 5 2 0.30612244897959184 1 0.42
true 259 5 2 0.30612244897959184 2 2.3
true 1092 5 2 0.30612244897959184 3 11.63
true 1135 5 2 0.30612244897959184 4 15.73
true 102 5 2 0.32653061224489793 1 0.52
true 351 5 2 0.32653061224489793 2 3.03
true 1103 5 2 0.32653061224489793 3 11.5
true 4737 5 2 0.32653061224489793 4 60.29
true 70 5 2 0.3469387755102041 1 0.35
true 237 5 2 0.3469387755102041 2 2.1
true 1055 5 2 0.3469387755102041 3 11.53
true 2887 5 2 0.3469387755102041 4 36.55
true 85 5 2 0.3673469387755102 1 0.46
true 469 5 2 0.3673469387755102 2 3.68
true 1332 5 2 0.3673469387755102 3 13.81
true 1360 5 2 0.3673469387755102 4 18.95
true 76 5 2 0.3877551020408163 1 0.39
true 234 5 2 0.3877551020408163 2 2.13
true 1164 5 2 0.3877551020408163 3 12.77
true 4543 5 2 0.3877551020408163 4 57.73
true 86 5 2 0.40816326530612246 1 0.77
true 386 5 2 0.40816326530612246 2 3.14
true 620 5 2 0.40816326530612246 3 7.03
true 2916 5 2 0.40816326530612246 4 37.04
true 65 5 2 0.42857142857142855 1 0.75
true 285 5 2 0.42857142857142855 2 2.39
true 2838 5 2 0.42857142857142855 3 28.16
true 5077 5 2 0.42857142857142855 4 64.55
true 78 5 2 0.4489795918367347 1 0.42
true 242 5 2 0.4489795918367347 2 2.16
true 612 5 2 0.4489795918367347 3 6.94
true 1997 5 2 0.4489795918367347 4 26.99
true 81 5 2 0.46938775510204084 1 0.42
true 256 5 2 0.46938775510204084 2 2.35
true 674 5 2 0.46938775510204084 3 7.45
true 1560 5 2 0.46938775510204084 4 21.11
true 71 5 2 0.4897959183673469 1 0.39
true 656 5 2 0.4897959183673469 2 5.12
true 1159 5 2 0.4897959183673469 3 12.25
true 2297 5 2 0.4897959183673469 4 29.43
true 80 5 2 0.5102040816326531 1 0.41
true 502 5 2 0.5102040816326531 2 4.06
true 1218 5 2 0.5102040816326531 3 12.48
true 1937 5 2 0.5102040816326531 4 25.21
true 96 5 2 0.5306122448979592 1 0.48
true 430 5 2 0.5306122448979592 2 3.4
true 1389 5 2 0.5306122448979592 3 14.21
true 4482 5 2 0.5306122448979592 4 57.55
true 82 5 2 0.5510204081632653 1 0.43
true 353 5 2 0.5510204081632653 2 2.97
true 3330 5 2 0.5510204081632653 3 33.85
true 3536 5 2 0.5510204081632653 4 45.86
true 91 5 2 0.5714285714285714 1 0.47
true 274 5 2 0.5714285714285714 2 2.36
true 985 5 2 0.5714285714285714 3 10.79
true 2099 5 2 0.5714285714285714 4 27.62
true 85 5 2 0.5918367346938775 1 0.42
true 241 5 2 0.5918367346938775 2 2.15
true 1428 5 2 0.5918367346938775 3 15.09
true 3405 5 2 0.5918367346938775 4 44.04
true 68 5 2 0.6122448979591837 1 0.37
true 248 5 2 0.6122448979591837 2 2.14
true 896 5 2 0.6122448979591837 3 9.39
true 1490 5 2 0.6122448979591837 4 21.47
true 64 5 2 0.6326530612244898 1 0.35
true 335 5 2 0.6326530612244898 2 2.67
true 4011 5 2 0.6326530612244898 3 41.98
true 2039 5 2 0.6326530612244898 4 27.24
true 98 5 2 0.6530612244897959 1 0.49
true 360 5 2 0.6530612244897959 2 3.1
true 1793 5 2 0.6530612244897959 3 18.37
true 1621 5 2 0.6530612244897959 4 23.13
true 127 5 2 0.673469387755102 1 0.58
true 346 5 2 0.673469387755102 2 2.96
true 1987 5 2 0.673469387755102 3 20.16
true 2484 5 2 0.673469387755102 4 31.88
true 87 5 2 0.6938775510204082 1 0.43
true 230 5 2 0.6938775510204082 2 2.36
true 2201 5 2 0.6938775510204082 3 22.11
true 3568 5 2 0.6938775510204082 4 45.26
true 83 5 2 0.7142857142857143 1 0.44
true 358 5 2 0.7142857142857143 2 2.88
true 3304 5 2 0.7142857142857143 3 33.28
true 3738 5 2 0.7142857142857143 4 47.14
true 104 5 2 0.7346938775510204 1 0.52
true 296 5 2 0.7346938775510204 2 2.47
true 3059 5 2 0.7346938775510204 3 30.46
true 3055 5 2 0.7346938775510204 4 38.78
true 92 5 2 0.7551020408163265 1 0.45
true 501 5 2 0.7551020408163265 2 4.1
true 3779 5 2 0.7551020408163265 3 37.69
true 3611 5 2 0.7551020408163265 4 46.26
true 81 5 2 0.7755102040816326 1 0.41
true 536 5 2 0.7755102040816326 2 4.38
true 2260 5 2 0.7755102040816326 3 23.12
true 6487 5 2 0.7755102040816326 4 81.06
true 92 5 2 0.7959183673469388 1 0.46
true 202 5 2 0.7959183673469388 2 1.92
true 3829 5 2 0.7959183673469388 3 38.12
true 2674 5 2 0.7959183673469388 4 33.65
true 89 5 2 0.8163265306122449 1 0.73
true 430 5 2 0.8163265306122449 2 3.66
true 654 5 2 0.8163265306122449 3 7.26
true 1873 5 2 0.8163265306122449 4 24.79
true 96 5 2 0.8367346938775511 1 0.49
true 713 5 2 0.8367346938775511 2 5.46
true 1311 5 2 0.8367346938775511 3 13.71
true 1688 5 2 0.8367346938775511 4 21.63
true 73 5 2 0.8571428571428571 1 0.37
true 435 5 2 0.8571428571428571 2 3.5
true 755 5 2 0.8571428571428571 3 8.12
true 1100 5 2 0.8571428571428571 4 16.64
true 90 5 2 0.8775510204081632 1 0.47
true 327 5 2 0.8775510204081632 2 2.67
true 2243 5 2 0.8775510204081632 3 22.64
true 3069 5 2 0.8775510204081632 4 38.7
true 128 5 2 0.8979591836734694 1 0.63
true 339 5 2 0.8979591836734694 2 2.75
true 2126 5 2 0.8979591836734694 3 22.43
true 5668 5 2 0.8979591836734694 4 69.58
true 83 5 2 0.9183673469387755 1 0.41
true 319 5 2 0.9183673469387755 2 2.73
true 901 5 2 0.9183673469387755 3 9.39
true 1553 5 2 0.9183673469387755 4 20.29
true 94 5 2 0.9387755102040817 1 0.48
true 275 5 2 0.9387755102040817 2 2.31
true 2234 5 2 0.9387755102040817 3 23.22
true 2021 5 2 0.9387755102040817 4 25.68
true 87 5 2 0.9591836734693877 1 0.45
true 603 5 2 0.9591836734693877 2 5.04
true 1448 5 2 0.9591836734693877 3 14.89
true 3441 5 2 0.9591836734693877 4 45.46
true 84 5 2 0.9795918367346939 1 0.44
true 348 5 2 0.9795918367346939 2 2.78
true 1296 5 2 0.9795918367346939 3 13.47
true 5119 5 2 0.9795918367346939 4 64.07
true 106 5 2 1.0 1 0.51
true 311 5 2 1.0 2 2.54
true 1989 5 2 1.0 3 20.05
true 5730 5 2 1.0 4 72.55
true 96 5 3 0.0 1 0.46
true 312 5 3 0.0 2 2.38
true 591 5 3 0.0 3 6.67
true 1229 5 3 0.0 4 17.06
true 127 5 3 0.02040816326530612 1 0.58
true 355 5 3 0.02040816326530612 2 2.94
true 776 5 3 0.02040816326530612 3 8.88
true 637 5 3 0.02040816326530612 4 9.96
true 118 5 3 0.04081632653061224 1 0.59
true 400 5 3 0.04081632653061224 2 3.12
true 498 5 3 0.04081632653061224 3 5.86
true 662 5 3 0.04081632653061224 4 10.6
true 115 5 3 0.061224489795918366 1 0.57
true 228 5 3 0.061224489795918366 2 2.05
true 752 5 3 0.061224489795918366 3 8.18
true 1072 5 3 0.061224489795918366 4 15.45
true 102 5 3 0.08163265306122448 1 0.52
true 442 5 3 0.08163265306122448 2 3.61
true 503 5 3 0.08163265306122448 3 6.36
true 965 5 3 0.08163265306122448 4 13.85
true 108 5 3 0.10204081632653061 1 0.57
true 493 5 3 0.10204081632653061 2 3.93
true 671 5 3 0.10204081632653061 3 7.36
true 902 5 3 0.10204081632653061 4 12.87
true 120 5 3 0.12244897959183673 1 0.58
true 449 5 3 0.12244897959183673 2 3.59
true 617 5 3 0.12244897959183673 3 6.93
true 913 5 3 0.12244897959183673 4 13.45
true 103 5 3 0.14285714285714285 1 0.54
true 307 5 3 0.14285714285714285 2 2.72
true 477 5 3 0.14285714285714285 3 5.68
true 1256 5 3 0.14285714285714285 4 17.54
true 89 5 3 0.16326530612244897 1 0.49
true 743 5 3 0.16326530612244897 2 5.88
true 725 5 3 0.16326530612244897 3 7.83
true 940 5 3 0.16326530612244897 4 13.49
true 215 5 3 0.1836734693877551 1 1.06
true 442 5 3 0.1836734693877551 2 3.43
true 1187 5 3 0.1836734693877551 3 12.75
true 810 5 3 0.1836734693877551 4 12.43
true 101 5 3 0.20408163265306123 1 0.55
true 229 5 3 0.20408163265306123 2 2.13
true 616 5 3 0.20408163265306123 3 7.12
true 2551 5 3 0.20408163265306123 4 32.35
true 92 5 3 0.22448979591836735 1 0.46
true 324 5 3 0.22448979591836735 2 2.63
true 2008 5 3 0.22448979591836735 3 20.6
true 3637 5 3 0.22448979591836735 4 45.72
true 94 5 3 0.24489795918367346 1 0.5
true 260 5 3 0.24489795918367346 2 2.29
true 1888 5 3 0.24489795918367346 3 20.31
true 3556 5 3 0.24489795918367346 4 43.98
true 76 5 3 0.2653061224489796 1 0.41
true 465 5 3 0.2653061224489796 2 3.68
true 1373 5 3 0.2653061224489796 3 14.02
true 2378 5 3 0.2653061224489796 4 30.75
true 175 5 3 0.2857142857142857 1 1.13
true 243 5 3 0.2857142857142857 2 2.26
true 1956 5 3 0.2857142857142857 3 19.52
true 7660 5 3 0.2857142857142857 4 96.75
true 109 5 3 0.30612244897959184 1 0.54
true 293 5 3 0.30612244897959184 2 2.46
true 1664 5 3 0.30612244897959184 3 17.12
true 2599 5 3 0.30612244897959184 4 33.35
true 85 5 3 0.32653061224489793 1 0.79
true 470 5 3 0.32653061224489793 2 3.76
true 987 5 3 0.32653061224489793 3 10.34
true 2755 5 3 0.32653061224489793 4 34.63
true 109 5 3 0.3469387755102041 1 0.57
true 1054 5 3 0.3469387755102041 2 8.41
true 3013 5 3 0.3469387755102041 3 30.28
true 3100 5 3 0.3469387755102041 4 41.53
true 101 5 3 0.3673469387755102 1 0.53
true 226 5 3 0.3673469387755102 2 2.12
true 2024 5 3 0.3673469387755102 3 20.79
true 1832 5 3 0.3673469387755102 4 24.88
true 119 5 3 0.3877551020408163 1 0.56
true 628 5 3 0.3877551020408163 2 5.0
true 864 5 3 0.3877551020408163 3 9.45
true 653 5 3 0.3877551020408163 4 10.39
true 99 5 3 0.40816326530612246 1 0.48
true 416 5 3 0.40816326530612246 2 3.27
true 1973 5 3 0.40816326530612246 3 19.61
true 2818 5 3 0.40816326530612246 4 35.18
true 97 5 3 0.42857142857142855 1 0.53
true 318 5 3 0.42857142857142855 2 2.69
true 503 5 3 0.42857142857142855 3 6.08
true 4995 5 3 0.42857142857142855 4 63.05
true 85 5 3 0.4489795918367347 1 0.44
true 357 5 3 0.4489795918367347 2 2.93
true 1423 5 3 0.4489795918367347 3 14.32
true 6358 5 3 0.4489795918367347 4 83.62
true 127 5 3 0.46938775510204084 1 0.91
true 904 5 3 0.46938775510204084 2 6.99
true 2859 5 3 0.46938775510204084 3 28.98
true 1568 5 3 0.46938775510204084 4 20.51
true 112 5 3 0.4897959183673469 1 0.55
true 543 5 3 0.4897959183673469 2 4.29
true 1611 5 3 0.4897959183673469 3 16.35
true 2615 5 3 0.4897959183673469 4 34.88
true 103 5 3 0.5102040816326531 1 0.52
true 293 5 3 0.5102040816326531 2 2.46
true 1269 5 3 0.5102040816326531 3 13.45
true 4886 5 3 0.5102040816326531 4 62.93
true 95 5 3 0.5306122448979592 1 0.49
true 916 5 3 0.5306122448979592 2 7.43
true 1333 5 3 0.5306122448979592 3 13.55
true 1166 5 3 0.5306122448979592 4 16.72
true 109 5 3 0.5510204081632653 1 0.56
true 751 5 3 0.5510204081632653 2 5.8
true 3836 5 3 0.5510204081632653 3 38.63
true 5056 5 3 0.5510204081632653 4 64.29
true 80 5 3 0.5714285714285714 1 0.77
true 297 5 3 0.5714285714285714 2 2.53
true 1353 5 3 0.5714285714285714 3 13.69
true 3096 5 3 0.5714285714285714 4 40.77
true 104 5 3 0.5918367346938775 1 0.74
true 645 5 3 0.5918367346938775 2 5.01
true 3546 5 3 0.5918367346938775 3 34.74
true 3528 5 3 0.5918367346938775 4 43.55
true 151 5 3 0.6122448979591837 1 1.16
true 541 5 3 0.6122448979591837 2 4.16
true 2234 5 3 0.6122448979591837 3 22.97
true 3250 5 3 0.6122448979591837 4 41.02
true 102 5 3 0.6326530612244898 1 0.52
true 358 5 3 0.6326530612244898 2 3.25
true 950 5 3 0.6326530612244898 3 10.16
true 4047 5 3 0.6326530612244898 4 51.59
true 139 5 3 0.6530612244897959 1 0.66
true 637 5 3 0.6530612244897959 2 4.89
true 2047 5 3 0.6530612244897959 3 20.19
true 2131 5 3 0.6530612244897959 4 26.83
true 150 5 3 0.673469387755102 1 0.74
true 593 5 3 0.673469387755102 2 4.54
true 2097 5 3 0.673469387755102 3 21.2
true 2157 5 3 0.673469387755102 4 28.07
true 122 5 3 0.6938775510204082 1 0.59
true 781 5 3 0.6938775510204082 2 6.09
true 1340 5 3 0.6938775510204082 3 13.96
true 2768 5 3 0.6938775510204082 4 34.38
true 108 5 3 0.7142857142857143 1 0.53
true 434 5 3 0.7142857142857143 2 3.49
true 1416 5 3 0.7142857142857143 3 15.08
true 4405 5 3 0.7142857142857143 4 54.27
true 175 5 3 0.7346938775510204 1 0.83
true 366 5 3 0.7346938775510204 2 2.9
true 2974 5 3 0.7346938775510204 3 29.53
true 6188 5 3 0.7346938775510204 4 76.52
true 137 5 3 0.7551020408163265 1 0.66
true 558 5 3 0.7551020408163265 2 4.22
true 1138 5 3 0.7551020408163265 3 11.47
true 6862 5 3 0.7551020408163265 4 85.39
true 110 5 3 0.7755102040816326 1 0.55
true 333 5 3 0.7755102040816326 2 2.75
true 1892 5 3 0.7755102040816326 3 19.45
true 5248 5 3 0.7755102040816326 4 66.22
true 100 5 3 0.7959183673469388 1 0.51
true 469 5 3 0.7959183673469388 2 3.64
true 2546 5 3 0.7959183673469388 3 25.55
true 4541 5 3 0.7959183673469388 4 57.77
true 129 5 3 0.8163265306122449 1 0.62
true 353 5 3 0.8163265306122449 2 2.86
true 1390 5 3 0.8163265306122449 3 14.31
true 1646 5 3 0.8163265306122449 4 21.68
true 148 5 3 0.8367346938775511 1 0.73
true 899 5 3 0.8367346938775511 2 7.01
true 795 5 3 0.8367346938775511 3 8.87
true 3806 5 3 0.8367346938775511 4 47.43
true 92 5 3 0.8571428571428571 1 0.49
true 540 5 3 0.8571428571428571 2 4.16
true 1407 5 3 0.8571428571428571 3 14.44
true 2437 5 3 0.8571428571428571 4 31.91
true 164 5 3 0.8775510204081632 1 0.81
true 1046 5 3 0.8775510204081632 2 8.13
true 1593 5 3 0.8775510204081632 3 16.66
true 1378 5 3 0.8775510204081632 4 19.01
true 86 5 3 0.8979591836734694 1 0.43
true 545 5 3 0.8979591836734694 2 4.24
true 1567 5 3 0.8979591836734694 3 16.37
true 4070 5 3 0.8979591836734694 4 49.17
true 118 5 3 0.9183673469387755 1 0.84
true 1024 5 3 0.9183673469387755 2 7.57
true 2239 5 3 0.9183673469387755 3 22.95
true 5760 5 3 0.9183673469387755 4 72.44
true 107 5 3 0.9387755102040817 1 0.52
true 435 5 3 0.9387755102040817 2 3.32
true 2075 5 3 0.9387755102040817 3 19.96
true 1606 5 3 0.9387755102040817 4 21.52
true 124 5 3 0.9591836734693877 1 0.62
true 672 5 3 0.9591836734693877 2 5.08
true 1548 5 3 0.9591836734693877 3 15.7
true 2831 5 3 0.9591836734693877 4 35.94
true 141 5 3 0.9795918367346939 1 0.67
true 644 5 3 0.9795918367346939 2 4.88
true 1399 5 3 0.9795918367346939 3 14.01
true 4759 5 3 0.9795918367346939 4 58.97
true 113 5 3 1.0 1 0.56
true 477 5 3 1.0 2 3.64
true 4553 5 3 1.0 3 45.22
true 1617 5 3 1.0 4 21.16
true 108 5 4 0.0 1 0.49
true 321 5 4 0.0 2 2.69
true 723 5 4 0.0 3 8.16
true 839 5 4 0.0 4 12.41
true 85 5 4 0.02040816326530612 1 0.43
true 227 5 4 0.02040816326530612 2 2.07
true 452 5 4 0.02040816326530612 3 5.39
true 1040 5 4 0.02040816326530612 4 15.55
true 94 5 4 0.04081632653061224 1 0.51
true 322 5 4 0.04081632653061224 2 2.59
true 639 5 4 0.04081632653061224 3 7.2
true 665 5 4 0.04081632653061224 4 10.14
true 86 5 4 0.061224489795918366 1 0.47
true 307 5 4 0.061224489795918366 2 2.68
true 672 5 4 0.061224489795918366 3 7.99
true 1751 5 4 0.061224489795918366 4 23.45
true 107 5 4 0.08163265306122448 1 0.56
true 897 5 4 0.08163265306122448 2 6.85
true 566 5 4 0.08163265306122448 3 6.55
true 599 5 4 0.08163265306122448 4 9.67
true 119 5 4 0.10204081632653061 1 0.6
true 470 5 4 0.10204081632653061 2 3.67
true 430 5 4 0.10204081632653061 3 5.32
true 971 5 4 0.10204081632653061 4 14.51
true 116 5 4 0.12244897959183673 1 0.6
true 307 5 4 0.12244897959183673 2 2.58
true 435 5 4 0.12244897959183673 3 5.3
true 736 5 4 0.12244897959183673 4 11.41
true 103 5 4 0.14285714285714285 1 0.53
true 316 5 4 0.14285714285714285 2 2.85
true 1136 5 4 0.14285714285714285 3 12.42
true 774 5 4 0.14285714285714285 4 12.17
true 88 5 4 0.16326530612244897 1 0.49
true 290 5 4 0.16326530612244897 2 2.61
true 1875 5 4 0.16326530612244897 3 20.07
true 1179 5 4 0.16326530612244897 4 16.21
true 88 5 4 0.1836734693877551 1 0.46
true 426 5 4 0.1836734693877551 2 3.3
true 656 5 4 0.1836734693877551 3 7.57
true 1339 5 4 0.1836734693877551 4 19.0
true 120 5 4 0.20408163265306123 1 0.64
true 329 5 4 0.20408163265306123 2 2.85
true 710 5 4 0.20408163265306123 3 7.89
true 1465 5 4 0.20408163265306123 4 20.39
true 111 5 4 0.22448979591836735 1 0.56
true 332 5 4 0.22448979591836735 2 2.88
true 1177 5 4 0.22448979591836735 3 12.93
true 2521 5 4 0.22448979591836735 4 32.67
true 155 5 4 0.24489795918367346 1 0.76
true 1418 5 4 0.24489795918367346 2 11.34
true 821 5 4 0.24489795918367346 3 9.18
true 2174 5 4 0.24489795918367346 4 28.11
true 98 5 4 0.2653061224489796 1 0.52
true 762 5 4 0.2653061224489796 2 5.97
true 1017 5 4 0.2653061224489796 3 10.91
true 1456 5 4 0.2653061224489796 4 19.79
true 107 5 4 0.2857142857142857 1 0.57
true 339 5 4 0.2857142857142857 2 2.77
true 1096 5 4 0.2857142857142857 3 11.94
true 3726 5 4 0.2857142857142857 4 48.71
true 90 5 4 0.30612244897959184 1 0.48
true 483 5 4 0.30612244897959184 2 3.71
true 863 5 4 0.30612244897959184 3 9.48
true 4895 5 4 0.30612244897959184 4 63.97
true 161 5 4 0.32653061224489793 1 0.79
true 630 5 4 0.32653061224489793 2 5.09
true 1326 5 4 0.32653061224489793 3 13.92
true 3218 5 4 0.32653061224489793 4 41.69
true 114 5 4 0.3469387755102041 1 0.58
true 222 5 4 0.3469387755102041 2 2.06
true 1142 5 4 0.3469387755102041 3 11.78
true 911 5 4 0.3469387755102041 4 13.67
true 83 5 4 0.3673469387755102 1 0.46
true 560 5 4 0.3673469387755102 2 4.26
true 1138 5 4 0.3673469387755102 3 11.74
true 3226 5 4 0.3673469387755102 4 40.78
true 95 5 4 0.3877551020408163 1 0.76
true 851 5 4 0.3877551020408163 2 6.85
true 1458 5 4 0.3877551020408163 3 14.78
true 2498 5 4 0.3877551020408163 4 32.47
true 74 5 4 0.40816326530612246 1 0.42
true 552 5 4 0.40816326530612246 2 4.34
true 896 5 4 0.40816326530612246 3 9.51
true 3204 5 4 0.40816326530612246 4 40.88
true 83 5 4 0.42857142857142855 1 0.92
true 439 5 4 0.42857142857142855 2 3.52
true 1028 5 4 0.42857142857142855 3 10.98
true 1252 5 4 0.42857142857142855 4 16.97
true 75 5 4 0.4489795918367347 1 0.43
true 1123 5 4 0.4489795918367347 2 8.71
true 811 5 4 0.4489795918367347 3 8.79
true 2271 5 4 0.4489795918367347 4 29.97
true 81 5 4 0.46938775510204084 1 0.46
true 357 5 4 0.46938775510204084 2 3.0
true 2714 5 4 0.46938775510204084 3 27.62
true 3235 5 4 0.46938775510204084 4 40.78
true 104 5 4 0.4897959183673469 1 0.55
true 468 5 4 0.4897959183673469 2 3.66
true 1846 5 4 0.4897959183673469 3 19.78
true 1972 5 4 0.4897959183673469 4 26.39
true 136 5 4 0.5102040816326531 1 0.67
true 414 5 4 0.5102040816326531 2 3.26
true 2536 5 4 0.5102040816326531 3 25.52
true 4052 5 4 0.5102040816326531 4 49.4
true 206 5 4 0.5306122448979592 1 1.04
true 757 5 4 0.5306122448979592 2 5.91
true 2079 5 4 0.5306122448979592 3 22.07
true 5146 5 4 0.5306122448979592 4 64.57
true 83 5 4 0.5510204081632653 1 0.47
true 565 5 4 0.5510204081632653 2 4.54
true 1757 5 4 0.5510204081632653 3 18.66
true 1533 5 4 0.5510204081632653 4 20.77
true 120 5 4 0.5714285714285714 1 0.62
true 520 5 4 0.5714285714285714 2 4.09
true 1985 5 4 0.5714285714285714 3 20.69
true 4878 5 4 0.5714285714285714 4 60.36
true 174 5 4 0.5918367346938775 1 0.86
true 613 5 4 0.5918367346938775 2 4.95
true 1347 5 4 0.5918367346938775 3 14.23
true 4812 5 4 0.5918367346938775 4 60.13
true 169 5 4 0.6122448979591837 1 0.84
true 367 5 4 0.6122448979591837 2 3.29
true 508 5 4 0.6122448979591837 3 6.26
true 2146 5 4 0.6122448979591837 4 27.01
true 134 5 4 0.6326530612244898 1 0.67
true 1088 5 4 0.6326530612244898 2 8.42
true 2425 5 4 0.6326530612244898 3 23.88
true 3762 5 4 0.6326530612244898 4 45.73
true 94 5 4 0.6530612244897959 1 0.49
true 223 5 4 0.6530612244897959 2 2.22
true 1363 5 4 0.6530612244897959 3 14.07
true 3176 5 4 0.6530612244897959 4 40.4
true 148 5 4 0.673469387755102 1 0.73
true 499 5 4 0.673469387755102 2 3.79
true 3497 5 4 0.673469387755102 3 34.88
true 2479 5 4 0.673469387755102 4 32.49
true 118 5 4 0.6938775510204082 1 0.73
true 573 5 4 0.6938775510204082 2 4.35
true 1534 5 4 0.6938775510204082 3 15.96
true 3260 5 4 0.6938775510204082 4 40.7
true 75 5 4 0.7142857142857143 1 0.43
true 583 5 4 0.7142857142857143 2 4.55
true 2369 5 4 0.7142857142857143 3 23.0
true 3211 5 4 0.7142857142857143 4 40.08
true 162 5 4 0.7346938775510204 1 0.83
true 524 5 4 0.7346938775510204 2 4.18
true 1697 5 4 0.7346938775510204 3 17.5
true 2209 5 4 0.7346938775510204 4 28.77
true 82 5 4 0.7551020408163265 1 0.46
true 576 5 4 0.7551020408163265 2 4.68
true 1041 5 4 0.7551020408163265 3 11.29
true 3041 5 4 0.7551020408163265 4 37.9
true 129 5 4 0.7755102040816326 1 1.03
true 412 5 4 0.7755102040816326 2 3.34
true 515 5 4 0.7755102040816326 3 6.1
true 5773 5 4 0.7755102040816326 4 71.45
true 99 5 4 0.7959183673469388 1 0.52
true 555 5 4 0.7959183673469388 2 4.18
true 819 5 4 0.7959183673469388 3 8.83
true 1731 5 4 0.7959183673469388 4 22.88
true 97 5 4 0.8163265306122449 1 0.52
true 526 5 4 0.8163265306122449 2 4.27
true 614 5 4 0.8163265306122449 3 6.98
true 4001 5 4 0.8163265306122449 4 50.24
true 102 5 4 0.8367346938775511 1 0.58
true 420 5 4 0.8367346938775511 2 3.27
true 3127 5 4 0.8367346938775511 3 30.59
true 964 5 4 0.8367346938775511 4 14.1
true 108 5 4 0.8571428571428571 1 0.55
true 284 5 4 0.8571428571428571 2 2.48
true 979 5 4 0.8571428571428571 3 10.63
true 1634 5 4 0.8571428571428571 4 21.38
true 88 5 4 0.8775510204081632 1 0.48
true 509 5 4 0.8775510204081632 2 3.95
true 1465 5 4 0.8775510204081632 3 14.79
true 1141 5 4 0.8775510204081632 4 15.68
true 116 5 4 0.8979591836734694 1 0.61
true 623 5 4 0.8979591836734694 2 4.67
true 2846 5 4 0.8979591836734694 3 28.3
true 2529 5 4 0.8979591836734694 4 32.6
true 115 5 4 0.9183673469387755 1 0.59
true 1018 5 4 0.9183673469387755 2 7.86
true 1204 5 4 0.9183673469387755 3 12.12
true 4006 5 4 0.9183673469387755 4 50.74
true 95 5 4 0.9387755102040817 1 0.63
true 1585 5 4 0.9387755102040817 2 12.41
true 2472 5 4 0.9387755102040817 3 24.7
true 2509 5 4 0.9387755102040817 4 32.84
true 180 5 4 0.9591836734693877 1 1.06
true 698 5 4 0.9591836734693877 2 5.4
true 2770 5 4 0.9591836734693877 3 27.61
true 4133 5 4 0.9591836734693877 4 51.97
true 170 5 4 0.9795918367346939 1 0.84
true 1012 5 4 0.9795918367346939 2 7.74
true 1583 5 4 0.9795918367346939 3 15.86
true 5309 5 4 0.9795918367346939 4 66.36
true 133 5 4 1.0 1 0.68
true 533 5 4 1.0 2 4.21
true 2672 5 4 1.0 3 27.11
true 4812 5 4 1.0 4 59.55
true 122 5 5 0.0 1 0.55
true 294 5 5 0.0 2 2.45
true 1020 5 5 0.0 3 10.61
true 1705 5 5 0.0 4 23.56
true 169 5 5 0.02040816326530612 1 0.79
true 328 5 5 0.02040816326530612 2 2.64
true 1494 5 5 0.02040816326530612 3 15.69
true 1271 5 5 0.02040816326530612 4 17.75
true 84 5 5 0.04081632653061224 1 0.46
true 475 5 5 0.04081632653061224 2 3.66
true 609 5 5 0.04081632653061224 3 7.16
true 1806 5 5 0.04081632653061224 4 23.81
true 147 5 5 0.061224489795918366 1 0.99
true 495 5 5 0.061224489795918366 2 3.92
true 874 5 5 0.061224489795918366 3 9.5
true 850 5 5 0.061224489795918366 4 12.21
true 111 5 5 0.08163265306122448 1 0.58
true 325 5 5 0.08163265306122448 2 2.74
true 410 5 5 0.08163265306122448 3 5.27
true 900 5 5 0.08163265306122448 4 13.22
true 99 5 5 0.10204081632653061 1 0.52
true 489 5 5 0.10204081632653061 2 3.97
true 946 5 5 0.10204081632653061 3 10.47
true 1049 5 5 0.10204081632653061 4 15.25
true 125 5 5 0.12244897959183673 1 0.64
true 479 5 5 0.12244897959183673 2 3.71
true 827 5 5 0.12244897959183673 3 9.39
true 1131 5 5 0.12244897959183673 4 16.47
true 154 5 5 0.14285714285714285 1 0.8
true 844 5 5 0.14285714285714285 2 6.66
true 1105 5 5 0.14285714285714285 3 12.2
true 1752 5 5 0.14285714285714285 4 22.71
true 92 5 5 0.16326530612244897 1 0.89
true 220 5 5 0.16326530612244897 2 2.05
true 879 5 5 0.16326530612244897 3 9.67
true 1406 5 5 0.16326530612244897 4 18.67
true 125 5 5 0.1836734693877551 1 0.9
true 380 5 5 0.1836734693877551 2 3.16
true 1092 5 5 0.1836734693877551 3 11.66
true 1334 5 5 0.1836734693877551 4 18.59
true 95 5 5 0.20408163265306123 1 0.5
true 229 5 5 0.20408163265306123 2 1.99
true 579 5 5 0.20408163265306123 3 6.72
true 3565 5 5 0.20408163265306123 4 44.93
true 150 5 5 0.22448979591836735 1 1.0
true 1011 5 5 0.22448979591836735 2 7.72
true 1465 5 5 0.22448979591836735 3 15.07
true 1981 5 5 0.22448979591836735 4 25.73
true 147 5 5 0.24489795918367346 1 0.76
true 410 5 5 0.24489795918367346 2 3.27
true 780 5 5 0.24489795918367346 3 8.85
true 2294 5 5 0.24489795918367346 4 30.23
true 158 5 5 0.2653061224489796 1 0.82
true 299 5 5 0.2653061224489796 2 2.6
true 549 5 5 0.2653061224489796 3 6.61
true 2193 5 5 0.2653061224489796 4 28.85
true 99 5 5 0.2857142857142857 1 0.56
true 594 5 5 0.2857142857142857 2 4.82
true 679 5 5 0.2857142857142857 3 7.63
true 959 5 5 0.2857142857142857 4 13.97
true 167 5 5 0.30612244897959184 1 0.86
true 710 5 5 0.30612244897959184 2 5.9
true 1259 5 5 0.30612244897959184 3 12.86
true 674 5 5 0.30612244897959184 4 11.2
true 200 5 5 0.32653061224489793 1 0.99
true 1362 5 5 0.32653061224489793 2 10.25
true 1726 5 5 0.32653061224489793 3 17.7
true 1879 5 5 0.32653061224489793 4 25.04
true 117 5 5 0.3469387755102041 1 0.61
true 633 5 5 0.3469387755102041 2 4.9
true 1605 5 5 0.3469387755102041 3 16.92
true 3108 5 5 0.3469387755102041 4 39.16
true 95 5 5 0.3673469387755102 1 0.53
true 533 5 5 0.3673469387755102 2 4.21
true 2048 5 5 0.3673469387755102 3 21.19
true 3740 5 5 0.3673469387755102 4 46.56
true 149 5 5 0.3877551020408163 1 0.79
true 488 5 5 0.3877551020408163 2 4.02
true 3301 5 5 0.3877551020408163 3 33.17
true 2938 5 5 0.3877551020408163 4 37.51
true 109 5 5 0.40816326530612246 1 0.59
true 1249 5 5 0.40816326530612246 2 9.59
true 705 5 5 0.40816326530612246 3 7.93
true 3411 5 5 0.40816326530612246 4 43.55
true 113 5 5 0.42857142857142855 1 0.8
true 840 5 5 0.42857142857142855 2 6.53
true 1673 5 5 0.42857142857142855 3 16.63
true 3355 5 5 0.42857142857142855 4 41.8
true 124 5 5 0.4489795918367347 1 0.65
true 452 5 5 0.4489795918367347 2 3.72
true 4077 5 5 0.4489795918367347 3 42.35
true 1910 5 5 0.4489795918367347 4 24.76
true 123 5 5 0.46938775510204084 1 0.63
true 516 5 5 0.46938775510204084 2 4.37
true 2639 5 5 0.46938775510204084 3 27.17
true 4542 5 5 0.46938775510204084 4 56.36
true 80 5 5 0.4897959183673469 1 0.45
true 470 5 5 0.4897959183673469 2 3.89
true 1813 5 5 0.4897959183673469 3 19.17
true 2296 5 5 0.4897959183673469 4 30.39
true 152 5 5 0.5102040816326531 1 0.89
true 925 5 5 0.5102040816326531 2 7.27
true 2716 5 5 0.5102040816326531 3 26.61
true 3021 5 5 0.5102040816326531 4 39.18
true 122 5 5 0.5306122448979592 1 0.64
true 400 5 5 0.5306122448979592 2 3.35
true 859 5 5 0.5306122448979592 3 9.52
true 2441 5 5 0.5306122448979592 4 30.42
true 170 5 5 0.5510204081632653 1 1.31
true 372 5 5 0.5510204081632653 2 3.05
true 4776 5 5 0.5510204081632653 3 49.01
true 4439 5 5 0.5510204081632653 4 55.17
true 158 5 5 0.5714285714285714 1 0.84
true 646 5 5 0.5714285714285714 2 5.05
true 876 5 5 0.5714285714285714 3 9.23
true 3599 5 5 0.5714285714285714 4 47.47
true 143 5 5 0.5918367346938775 1 0.74
true 335 5 5 0.5918367346938775 2 2.87
true 1596 5 5 0.5918367346938775 3 16.38
true 1901 5 5 0.5918367346938775 4 25.26
true 154 5 5 0.6122448979591837 1 0.77
true 415 5 5 0.6122448979591837 2 3.54
true 1453 5 5 0.6122448979591837 3 15.36
true 5533 5 5 0.6122448979591837 4 71.89
true 201 5 5 0.6326530612244898 1 1.55
true 594 5 5 0.6326530612244898 2 4.7
true 1069 5 5 0.6326530612244898 3 11.81
true 2317 5 5 0.6326530612244898 4 30.72
true 210 5 5 0.6530612244897959 1 1.06
true 772 5 5 0.6530612244897959 2 6.11
true 1605 5 5 0.6530612244897959 3 16.21
true 3531 5 5 0.6530612244897959 4 44.53
true 159 5 5 0.673469387755102 1 0.8
true 338 5 5 0.673469387755102 2 2.82
true 1724 5 5 0.673469387755102 3 17.68
true 3745 5 5 0.673469387755102 4 46.79
true 116 5 5 0.6938775510204082 1 0.63
true 1032 5 5 0.6938775510204082 2 8.27
true 1358 5 5 0.6938775510204082 3 14.36
true 4811 5 5 0.6938775510204082 4 61.89
true 117 5 5 0.7142857142857143 1 0.65
true 457 5 5 0.7142857142857143 2 3.71
true 832 5 5 0.7142857142857143 3 9.47
true 1330 5 5 0.7142857142857143 4 18.3
true 177 5 5 0.7346938775510204 1 0.9
true 1244 5 5 0.7346938775510204 2 9.58
true 1302 5 5 0.7346938775510204 3 13.38
true 2591 5 5 0.7346938775510204 4 34.32
true 123 5 5 0.7551020408163265 1 0.65
true 534 5 5 0.7551020408163265 2 4.29
true 3018 5 5 0.7551020408163265 3 30.32
true 2864 5 5 0.7551020408163265 4 38.12
true 161 5 5 0.7755102040816326 1 0.82
true 911 5 5 0.7755102040816326 2 7.26
true 3101 5 5 0.7755102040816326 3 31.46
true 1884 5 5 0.7755102040816326 4 25.12
true 121 5 5 0.7959183673469388 1 0.62
true 1097 5 5 0.7959183673469388 2 8.75
true 1961 5 5 0.7959183673469388 3 20.67
true 1706 5 5 0.7959183673469388 4 23.33
true 201 5 5 0.8163265306122449 1 0.97
true 695 5 5 0.8163265306122449 2 5.82
true 2985 5 5 0.8163265306122449 3 30.18
true 3231 5 5 0.8163265306122449 4 41.02
true 103 5 5 0.8367346938775511 1 0.56
true 1005 5 5 0.8367346938775511 2 7.83
true 2025 5 5 0.8367346938775511 3 20.6
true 5687 5 5 0.8367346938775511 4 72.3
true 102 5 5 0.8571428571428571 1 0.56
true 1011 5 5 0.8571428571428571 2 7.78
true 1735 5 5 0.8571428571428571 3 17.42
true 5470 5 5 0.8571428571428571 4 67.13
true 106 5 5 0.8775510204081632 1 0.56
true 1051 5 5 0.8775510204081632 2 8.28
true 2934 5 5 0.8775510204081632 3 29.82
true 4006 5 5 0.8775510204081632 4 50.55
true 172 5 5 0.8979591836734694 1 0.85
true 882 5 5 0.8979591836734694 2 6.77
true 1902 5 5 0.8979591836734694 3 19.8
true 8832 5 5 0.8979591836734694 4 109.93
true 139 5 5 0.9183673469387755 1 0.74
true 579 5 5 0.9183673469387755 2 4.6
true 2810 5 5 0.9183673469387755 3 29.05
true 7316 5 5 0.9183673469387755 4 91.55
true 113 5 5 0.9387755102040817 1 0.62
true 1093 5 5 0.9387755102040817 2 8.64
true 1993 5 5 0.9387755102040817 3 19.85
true 3632 5 5 0.9387755102040817 4 46.06
true 121 5 5 0.9591836734693877 1 0.65
true 477 5 5 0.9591836734693877 2 3.69
true 1567 5 5 0.9591836734693877 3 16.38
true 4137 5 5 0.9591836734693877 4 53.71
true 122 5 5 0.9795918367346939 1 1.07
true 1138 5 5 0.9795918367346939 2 8.87
true 1439 5 5 0.9795918367346939 3 14.94
true 2065 5 5 0.9795918367346939 4 27.38
true 159 5 5 1.0 1 0.81
true 785 5 5 1.0 2 6.14
true 1906 5 5 1.0 3 19.5
true 2140 5 5 1.0 4 27.08
true 99 6 1 0.0 1 0.53
true 247 6 1 0.0 2 2.63
true 1680 6 1 0.0 3 20.98
true 834 6 1 0.0 4 15.64
true 135 6 1 0.02040816326530612 1 0.69
true 458 6 1 0.02040816326530612 2 4.35
true 503 6 1 0.02040816326530612 3 8.21
true 611 6 1 0.02040816326530612 4 12.44
true 94 6 1 0.04081632653061224 1 0.51
true 199 6 1 0.04081632653061224 2 2.17
true 412 6 1 0.04081632653061224 3 6.37
true 740 6 1 0.04081632653061224 4 13.88
true 107 6 1 0.061224489795918366 1 0.55
true 278 6 1 0.061224489795918366 2 2.92
true 453 6 1 0.061224489795918366 3 6.75
true 868 6 1 0.061224489795918366 4 17.12
true 109 6 1 0.08163265306122448 1 0.55
true 476 6 1 0.08163265306122448 2 4.4
true 604 6 1 0.08163265306122448 3 8.68
true 675 6 1 0.08163265306122448 4 13.05
true 135 6 1 0.10204081632653061 1 0.68
true 280 6 1 0.10204081632653061 2 2.9
true 705 6 1 0.10204081632653061 3 9.23
true 1013 6 1 0.10204081632653061 4 19.92
true 99 6 1 0.12244897959183673 1 0.59
true 248 6 1 0.12244897959183673 2 2.96
true 505 6 1 0.12244897959183673 3 7.86
true 973 6 1 0.12244897959183673 4 19.86
true 89 6 1 0.14285714285714285 1 0.58
true 505 6 1 0.14285714285714285 2 5.38
true 634 6 1 0.14285714285714285 3 9.45
true 603 6 1 0.14285714285714285 4 13.91
true 107 6 1 0.16326530612244897 1 0.63
true 470 6 1 0.16326530612244897 2 4.41
true 715 6 1 0.16326530612244897 3 10.81
true 830 6 1 0.16326530612244897 4 16.78
true 98 6 1 0.1836734693877551 1 0.63
true 438 6 1 0.1836734693877551 2 4.51
true 921 6 1 0.1836734693877551 3 13.08
true 576 6 1 0.1836734693877551 4 13.5
true 103 6 1 0.20408163265306123 1 0.64
true 273 6 1 0.20408163265306123 2 3.14
true 817 6 1 0.20408163265306123 3 12.43
true 673 6 1 0.20408163265306123 4 13.65
true 101 6 1 0.22448979591836735 1 0.61
true 431 6 1 0.22448979591836735 2 4.45
true 755 6 1 0.22448979591836735 3 10.26
true 1247 6 1 0.22448979591836735 4 24.41
true 87 6 1 0.24489795918367346 1 0.55
true 414 6 1 0.24489795918367346 2 4.33
true 1116 6 1 0.24489795918367346 3 15.28
true 3263 6 1 0.24489795918367346 4 51.04
true 82 6 1 0.2653061224489796 1 0.74
true 307 6 1 0.2653061224489796 2 3.53
true 1572 6 1 0.2653061224489796 3 20.3
true 1460 6 1 0.2653061224489796 4 26.16
true 101 6 1 0.2857142857142857 1 0.67
true 410 6 1 0.2857142857142857 2 4.06
true 1924 6 1 0.2857142857142857 3 24.04
true 7446 6 1 0.2857142857142857 4 117.77
true 92 6 1 0.30612244897959184 1 0.9
true 540 6 1 0.30612244897959184 2 5.14
true 867 6 1 0.30612244897959184 3 12.54
true 4075 6 1 0.30612244897959184 4 67.58
true 122 6 1 0.32653061224489793 1 0.71
true 262 6 1 0.32653061224489793 2 2.9
true 693 6 1 0.32653061224489793 3 10.06
true 5101 6 1 0.32653061224489793 4 81.81
true 98 6 1 0.3469387755102041 1 0.89
true 265 6 1 0.3469387755102041 2 2.95
true 1625 6 1 0.3469387755102041 3 21.62
true 2769 6 1 0.3469387755102041 4 44.34
true 116 6 1 0.3673469387755102 1 0.73
true 384 6 1 0.3673469387755102 2 3.9
true 646 6 1 0.3673469387755102 3 10.31
true 4828 6 1 0.3673469387755102 4 78.39
true 136 6 1 0.3877551020408163 1 0.85
true 280 6 1 0.3877551020408163 2 3.08
true 1869 6 1 0.3877551020408163 3 23.42
true 3121 6 1 0.3877551020408163 4 48.92
true 103 6 1 0.40816326530612246 1 0.69
true 492 6 1 0.40816326530612246 2 4.83
true 1381 6 1 0.40816326530612246 3 18.47
true 4345 6 1 0.40816326530612246 4 68.77
true 165 6 1 0.42857142857142855 1 1.54
true 268 6 1 0.42857142857142855 2 3.07
true 664 6 1 0.42857142857142855 3 9.83
true 1697 6 1 0.42857142857142855 4 28.17
true 113 6 1 0.4489795918367347 1 0.67
true 295 6 1 0.4489795918367347 2 3.27
true 941 6 1 0.4489795918367347 3 12.54
true 3421 6 1 0.4489795918367347 4 56.48
true 119 6 1 0.46938775510204084 1 0.75
true 373 6 1 0.46938775510204084 2 3.83
true 2940 6 1 0.46938775510204084 3 35.69
true 3940 6 1 0.46938775510204084 4 64.03
true 100 6 1 0.4897959183673469 1 0.63
true 511 6 1 0.4897959183673469 2 4.94
true 1574 6 1 0.4897959183673469 3 20.73
true 979 6 1 0.4897959183673469 4 18.19
true 94 6 1 0.5102040816326531 1 0.6
true 687 6 1 0.5102040816326531 2 6.51
true 1235 6 1 0.5102040816326531 3 15.64
true 5896 6 1 0.5102040816326531 4 95.55
true 112 6 1 0.5306122448979592 1 0.96
true 536 6 1 0.5306122448979592 2 5.31
true 3827 6 1 0.5306122448979592 3 47.39
true 4675 6 1 0.5306122448979592 4 75.56
true 121 6 1 0.5510204081632653 1 0.69
true 329 6 1 0.5510204081632653 2 3.7
true 870 6 1 0.5510204081632653 3 12.54
true 2117 6 1 0.5510204081632653 4 37.09
true 95 6 1 0.5714285714285714 1 0.61
true 237 6 1 0.5714285714285714 2 2.82
true 1344 6 1 0.5714285714285714 3 17.14
true 6657 6 1 0.5714285714285714 4 105.49
true 97 6 1 0.5918367346938775 1 0.97
true 575 6 1 0.5918367346938775 2 5.38
true 1678 6 1 0.5918367346938775 3 21.18
true 6196 6 1 0.5918367346938775 4 102.25
true 99 6 1 0.6122448979591837 1 0.63
true 523 6 1 0.6122448979591837 2 5.23
true 2125 6 1 0.6122448979591837 3 28.38
true 5516 6 1 0.6122448979591837 4 87.13
true 103 6 1 0.6326530612244898 1 0.64
true 613 6 1 0.6326530612244898 2 6.5
true 3091 6 1 0.6326530612244898 3 38.19
true 7699 6 1 0.6326530612244898 4 121.32
true 91 6 1 0.6530612244897959 1 0.6
true 572 6 1 0.6530612244897959 2 5.68
true 1155 6 1 0.6530612244897959 3 15.15
true 5935 6 1 0.6530612244897959 4 94.67
true 115 6 1 0.673469387755102 1 0.68
true 382 6 1 0.673469387755102 2 3.86
true 2347 6 1 0.673469387755102 3 29.11
true 3116 6 1 0.673469387755102 4 50.44
true 95 6 1 0.6938775510204082 1 0.6
true 389 6 1 0.6938775510204082 2 3.96
true 4940 6 1 0.6938775510204082 3 61.92
true 4763 6 1 0.6938775510204082 4 74.92
true 142 6 1 0.7142857142857143 1 0.82
true 250 6 1 0.7142857142857143 2 3.02
true 2416 6 1 0.7142857142857143 3 30.57
true 1897 6 1 0.7142857142857143 4 31.26
true 110 6 1 0.7346938775510204 1 0.72
true 261 6 1 0.7346938775510204 2 3.19
true 709 6 1 0.7346938775510204 3 10.06
true 5717 6 1 0.7346938775510204 4 88.96
true 176 6 1 0.7551020408163265 1 1.08
true 340 6 1 0.7551020408163265 2 3.67
true 1231 6 1 0.7551020408163265 3 16.63
true 6047 6 1 0.7551020408163265 4 92.65
true 91 6 1 0.7755102040816326 1 0.56
true 414 6 1 0.7755102040816326 2 4.13
true 3751 6 1 0.7755102040816326 3 46.22
true 4827 6 1 0.7755102040816326 4 73.32
true 118 6 1 0.7959183673469388 1 0.7
true 540 6 1 0.7959183673469388 2 5.28
true 3458 6 1 0.7959183673469388 3 41.23
true 5767 6 1 0.7959183673469388 4 88.77
true 139 6 1 0.8163265306122449 1 0.8
true 418 6 1 0.8163265306122449 2 4.39
true 2911 6 1 0.8163265306122449 3 36.61
true 2182 6 1 0.8163265306122449 4 36.12
true 111 6 1 0.8367346938775511 1 0.66
true 314 6 1 0.8367346938775511 2 3.49
true 2621 6 1 0.8367346938775511 3 32.94
true 3239 6 1 0.8367346938775511 4 52.41
true 99 6 1 0.8571428571428571 1 0.6
true 718 6 1 0.8571428571428571 2 6.76
true 2731 6 1 0.8571428571428571 3 33.62
true 3582 6 1 0.8571428571428571 4 55.48
true 96 6 1 0.8775510204081632 1 0.58
true 301 6 1 0.8775510204081632 2 3.49
true 2662 6 1 0.8775510204081632 3 32.61
true 8567 6 1 0.8775510204081632 4 129.9
true 106 6 1 0.8979591836734694 1 0.62
true 868 6 1 0.8979591836734694 2 8.24
true 1757 6 1 0.8979591836734694 3 22.67
true 4342 6 1 0.8979591836734694 4 70.11
true 113 6 1 0.9183673469387755 1 0.68
true 333 6 1 0.9183673469387755 2 3.67
true 3632 6 1 0.9183673469387755 3 45.7
true 5853 6 1 0.9183673469387755 4 89.02
true 115 6 1 0.9387755102040817 1 0.72
true 267 6 1 0.9387755102040817 2 2.95
true 3143 6 1 0.9387755102040817 3 39.08
true 7458 6 1 0.9387755102040817 4 116.56
true 162 6 1 0.9591836734693877 1 0.93
true 1017 6 1 0.9591836734693877 2 9.81
true 3832 6 1 0.9591836734693877 3 45.58
true 7433 6 1 0.9591836734693877 4 115.25
true 108 6 1 0.9795918367346939 1 0.66
true 496 6 1 0.9795918367346939 2 4.81
true 1807 6 1 0.9795918367346939 3 23.47
true 3165 6 1 0.9795918367346939 4 51.06
true 115 6 1 1.0 1 1.21
true 274 6 1 1.0 2 3.11
true 2290 6 1 1.0 3 29.23
true 7125 6 1 1.0 4 109.44
true 114 6 2 0.0 1 0.59
true 306 6 2 0.0 2 2.96
true 512 6 2 0.0 3 7.41
true 955 6 2 0.0 4 17.71
true 115 6 2 0.02040816326530612 1 0.62
true 354 6 2 0.02040816326530612 2 3.35
true 656 6 2 0.02040816326530612 3 8.74
true 1445 6 2 0.02040816326530612 4 22.15
true 118 6 2 0.04081632653061224 1 0.42
true 285 6 2 0.04081632653061224 2 1.7
true 399 6 2 0.04081632653061224 3 3.83
true 2188 6 2 0.04081632653061224 4 21.78
true 114 6 2 0.061224489795918366 1 0.39
true 406 6 2 0.061224489795918366 2 2.28
true 638 6 2 0.061224489795918366 3 5.29
true 1348 6 2 0.061224489795918366 4 14.43
true 136 6 2 0.08163265306122448 1 0.44
true 371 6 2 0.08163265306122448 2 2.17
true 1157 6 2 0.08163265306122448 3 8.84
true 1419 6 2 0.08163265306122448 4 15.98
true 121 6 2 0.10204081632653061 1 0.41
true 290 6 2 0.10204081632653061 2 1.79
true 701 6 2 0.10204081632653061 3 5.7
true 1472 6 2 0.10204081632653061 4 14.25
true 119 6 2 0.12244897959183673 1 0.45
true 242 6 2 0.12244897959183673 2 1.6
true 610 6 2 0.12244897959183673 3 5.7
true 1263 6 2 0.12244897959183673 4 13.23
true 118 6 2 0.14285714285714285 1 0.47
true 620 6 2 0.14285714285714285 2 3.54
true 622 6 2 0.14285714285714285 3 5.58
true 1299 6 2 0.14285714285714285 4 13.73
true 105 6 2 0.16326530612244897 1 0.41
true 325 6 2 0.16326530612244897 2 2.12
true 420 6 2 0.16326530612244897 3 4.06
true 1421 6 2 0.16326530612244897 4 15.96
true 276 6 2 0.1836734693877551 1 0.92
true 251 6 2 0.1836734693877551 2 1.69
true 912 6 2 0.1836734693877551 3 7.27
true 799 6 2 0.1836734693877551 4 9.86
true 114 6 2 0.20408163265306123 1 0.44
true 507 6 2 0.20408163265306123 2 2.87
true 818 6 2 0.20408163265306123 3 7.15
true 1672 6 2 0.20408163265306123 4 17.44
true 181 6 2 0.22448979591836735 1 0.62
true 612 6 2 0.22448979591836735 2 3.43
true 1978 6 2 0.22448979591836735 3 15.53
true 2251 6 2 0.22448979591836735 4 21.73
true 123 6 2 0.24489795918367346 1 0.44
true 1139 6 2 0.24489795918367346 2 6.56
true 926 6 2 0.24489795918367346 3 7.93
true 2710 6 2 0.24489795918367346 4 28.57
true 184 6 2 0.2653061224489796 1 0.61
true 431 6 2 0.2653061224489796 2 2.6
true 2153 6 2 0.2653061224489796 3 16.91
true 2720 6 2 0.2653061224489796 4 27.7
true 114 6 2 0.2857142857142857 1 0.45
true 592 6 2 0.2857142857142857 2 3.17
true 3796 6 2 0.2857142857142857 3 28.32
true 6669 6 2 0.2857142857142857 4 63.44
true 106 6 2 0.30612244897959184 1 0.43
true 649 6 2 0.30612244897959184 2 3.83
true 763 6 2 0.30612244897959184 3 6.87
true 1329 6 2 0.30612244897959184 4 15.37
true 101 6 2 0.32653061224489793 1 0.39
true 673 6 2 0.32653061224489793 2 4.43
true 2131 6 2 0.32653061224489793 3 17.89
true 4370 6 2 0.32653061224489793 4 50.76
true 106 6 2 0.3469387755102041 1 0.68
true 516 6 2 0.3469387755102041 2 4.99
true 2254 6 2 0.3469387755102041 3 22.04
true 3640 6 2 0.3469387755102041 4 36.27
true 93 6 2 0.3673469387755102 1 0.38
true 621 6 2 0.3673469387755102 2 4.05
true 3222 6 2 0.3673469387755102 3 24.45
true 3696 6 2 0.3673469387755102 4 34.74
true 121 6 2 0.3877551020408163 1 0.46
true 579 6 2 0.3877551020408163 2 3.32
true 924 6 2 0.3877551020408163 3 7.53
true 4443 6 2 0.3877551020408163 4 42.54
true 168 6 2 0.40816326530612246 1 0.61
true 1110 6 2 0.40816326530612246 2 6.34
true 629 6 2 0.40816326530612246 3 5.68
true 2955 6 2 0.40816326530612246 4 28.34
true 158 6 2 0.42857142857142855 1 0.73
true 815 6 2 0.42857142857142855 2 4.38
true 773 6 2 0.42857142857142855 3 5.91
true 3443 6 2 0.42857142857142855 4 28.64
true 135 6 2 0.4489795918367347 1 0.49
true 461 6 2 0.4489795918367347 2 2.39
true 3054 6 2 0.4489795918367347 3 19.7
true 3456 6 2 0.4489795918367347 4 29.86
true 103 6 2 0.46938775510204084 1 0.83
true 663 6 2 0.46938775510204084 2 3.36
true 1378 6 2 0.46938775510204084 3 9.39
true 4765 6 2 0.46938775510204084 4 40.18
true 111 6 2 0.4897959183673469 1 0.91
true 321 6 2 0.4897959183673469 2 1.83
true 1434 6 2 0.4897959183673469 3 9.79
true 8259 6 2 0.4897959183673469 4 71.65
true 102 6 2 0.5102040816326531 1 0.39
true 732 6 2 0.5102040816326531 2 3.74
true 2405 6 2 0.5102040816326531 3 16.6
true 11040 6 2 0.5102040816326531 4 92.66
true 108 6 2 0.5306122448979592 1 0.42
true 593 6 2 0.5306122448979592 2 3.21
true 4092 6 2 0.5306122448979592 3 27.58
true 2287 6 2 0.5306122448979592 4 20.74
true 180 6 2 0.5510204081632653 1 0.59
true 286 6 2 0.5510204081632653 2 1.69
true 1458 6 2 0.5510204081632653 3 10.48
true 11820 6 2 0.5510204081632653 4 98.03
true 105 6 2 0.5714285714285714 1 0.37
true 631 6 2 0.5714285714285714 2 3.2
true 6902 6 2 0.5714285714285714 3 43.84
true 5527 6 2 0.5714285714285714 4 45.81
true 142 6 2 0.5918367346938775 1 0.69
true 900 6 2 0.5918367346938775 2 4.31
true 1445 6 2 0.5918367346938775 3 9.75
true 8631 6 2 0.5918367346938775 4 71.24
true 164 6 2 0.6122448979591837 1 0.55
true 370 6 2 0.6122448979591837 2 2.04
true 2610 6 2 0.6122448979591837 3 17.9
true 3551 6 2 0.6122448979591837 4 30.78
true 142 6 2 0.6326530612244898 1 0.48
true 536 6 2 0.6326530612244898 2 2.86
true 2701 6 2 0.6326530612244898 3 17.67
true 5193 6 2 0.6326530612244898 4 41.22
true 98 6 2 0.6530612244897959 1 0.37
true 794 6 2 0.6530612244897959 2 3.84
true 4151 6 2 0.6530612244897959 3 28.41
true 8078 6 2 0.6530612244897959 4 68.96
true 104 6 2 0.673469387755102 1 0.36
true 533 6 2 0.673469387755102 2 2.92
true 1769 6 2 0.673469387755102 3 12.01
true 3680 6 2 0.673469387755102 4 31.37
true 112 6 2 0.6938775510204082 1 0.36
true 297 6 2 0.6938775510204082 2 1.82
true 2566 6 2 0.6938775510204082 3 18.61
true 5188 6 2 0.6938775510204082 4 47.13
true 119 6 2 0.7142857142857143 1 0.83
true 1140 6 2 0.7142857142857143 2 5.48
true 1707 6 2 0.7142857142857143 3 11.53
true 6504 6 2 0.7142857142857143 4 82.87
true 101 6 2 0.7346938775510204 1 0.61
true 742 6 2 0.7346938775510204 2 6.23
true 2000 6 2 0.7346938775510204 3 22.34
true 7225 6 2 0.7346938775510204 4 98.17
true 174 6 2 0.7551020408163265 1 0.94
true 1064 6 2 0.7551020408163265 2 8.95
true 2863 6 2 0.7551020408163265 3 32.48
true 8232 6 2 0.7551020408163265 4 105.74
true 105 6 2 0.7755102040816326 1 0.32
true 1165 6 2 0.7755102040816326 2 6.25
true 2498 6 2 0.7755102040816326 3 16.93
true 5978 6 2 0.7755102040816326 4 52.93
true 193 6 2 0.7959183673469388 1 0.65
true 892 6 2 0.7959183673469388 2 4.8
true 5516 6 2 0.7959183673469388 3 35.17
true 5377 6 2 0.7959183673469388 4 45.52
true 197 6 2 0.8163265306122449 1 0.63
true 477 6 2 0.8163265306122449 2 2.56
true 2180 6 2 0.8163265306122449 3 14.47
true 6053 6 2 0.8163265306122449 4 50.96
true 120 6 2 0.8367346938775511 1 0.37
true 1004 6 2 0.8367346938775511 2 5.0
true 5076 6 2 0.8367346938775511 3 31.52
true 4146 6 2 0.8367346938775511 4 34.66
true 136 6 2 0.8571428571428571 1 0.4
true 790 6 2 0.8571428571428571 2 3.99
true 2560 6 2 0.8571428571428571 3 16.55
true 3642 6 2 0.8571428571428571 4 29.3
true 202 6 2 0.8775510204081632 1 0.58
true 772 6 2 0.8775510204081632 2 3.67
true 2127 6 2 0.8775510204081632 3 14.43
true 2531 6 2 0.8775510204081632 4 20.7
true 174 6 2 0.8979591836734694 1 0.52
true 384 6 2 0.8979591836734694 2 2.18
true 681 6 2 0.8979591836734694 3 5.23
true 7296 6 2 0.8979591836734694 4 58.88
true 121 6 2 0.9183673469387755 1 0.4
true 1532 6 2 0.9183673469387755 2 7.3
true 2711 6 2 0.9183673469387755 3 17.11
true 1010 6 2 0.9183673469387755 4 10.01
true 158 6 2 0.9387755102040817 1 0.46
true 407 6 2 0.9387755102040817 2 2.17
true 1186 6 2 0.9387755102040817 3 8.04
true 6450 6 2 0.9387755102040817 4 55.18
true 108 6 2 0.9591836734693877 1 0.38
true 1464 6 2 0.9591836734693877 2 7.06
true 2079 6 2 0.9591836734693877 3 13.48
true 2263 6 2 0.9591836734693877 4 18.8
true 161 6 2 0.9795918367346939 1 0.5
true 403 6 2 0.9795918367346939 2 2.16
true 1954 6 2 0.9795918367346939 3 12.5
true 4502 6 2 0.9795918367346939 4 37.74
true 99 6 2 1.0 1 0.32
true 504 6 2 1.0 2 2.51
true 3944 6 2 1.0 3 24.69
true 6509 6 2 1.0 4 52.65
true 109 6 3 0.0 1 0.32
true 545 6 3 0.0 2 2.38
true 494 6 3 0.0 3 3.68
true 863 6 3 0.0 4 8.79
true 121 6 3 0.02040816326530612 1 0.34
true 296 6 3 0.02040816326530612 2 1.55
true 468 6 3 0.02040816326530612 3 3.81
true 1918 6 3 0.02040816326530612 4 16.9
true 111 6 3 0.04081632653061224 1 0.33
true 438 6 3 0.04081632653061224 2 2.11
true 713 6 3 0.04081632653061224 3 5.17
true 605 6 3 0.04081632653061224 4 6.32
true 103 6 3 0.061224489795918366 1 0.3
true 845 6 3 0.061224489795918366 2 3.8
true 450 6 3 0.061224489795918366 3 3.37
true 845 6 3 0.061224489795918366 4 8.25
true 194 6 3 0.08163265306122448 1 0.47
true 301 6 3 0.08163265306122448 2 1.5
true 477 6 3 0.08163265306122448 3 3.64
true 1411 6 3 0.08163265306122448 4 12.73
true 98 6 3 0.10204081632653061 1 0.32
true 722 6 3 0.10204081632653061 2 3.36
true 1431 6 3 0.10204081632653061 3 8.7
true 2198 6 3 0.10204081632653061 4 17.29
true 111 6 3 0.12244897959183673 1 0.36
true 635 6 3 0.12244897959183673 2 2.95
true 716 6 3 0.12244897959183673 3 5.73
true 1474 6 3 0.12244897959183673 4 12.69
true 161 6 3 0.14285714285714285 1 0.51
true 521 6 3 0.14285714285714285 2 2.57
true 854 6 3 0.14285714285714285 3 6.05
true 1337 6 3 0.14285714285714285 4 11.73
true 119 6 3 0.16326530612244897 1 0.37
true 503 6 3 0.16326530612244897 2 2.66
true 802 6 3 0.16326530612244897 3 5.92
true 1427 6 3 0.16326530612244897 4 12.82
true 167 6 3 0.1836734693877551 1 0.5
true 940 6 3 0.1836734693877551 2 4.68
true 830 6 3 0.1836734693877551 3 6.27
true 921 6 3 0.1836734693877551 4 9.78
true 95 6 3 0.20408163265306123 1 0.31
true 592 6 3 0.20408163265306123 2 2.99
true 773 6 3 0.20408163265306123 3 5.67
true 1485 6 3 0.20408163265306123 4 13.37
true 263 6 3 0.22448979591836735 1 0.77
true 557 6 3 0.22448979591836735 2 2.73
true 1290 6 3 0.22448979591836735 3 8.57
true 3068 6 3 0.22448979591836735 4 25.58
true 105 6 3 0.24489795918367346 1 0.36
true 332 6 3 0.24489795918367346 2 1.84
true 1162 6 3 0.24489795918367346 3 8.01
true 1534 6 3 0.24489795918367346 4 14.05
true 106 6 3 0.2653061224489796 1 0.36
true 730 6 3 0.2653061224489796 2 3.93
true 2431 6 3 0.2653061224489796 3 16.62
true 3242 6 3 0.2653061224489796 4 27.52
true 108 6 3 0.2857142857142857 1 0.35
true 777 6 3 0.2857142857142857 2 3.94
true 1261 6 3 0.2857142857142857 3 8.43
true 2507 6 3 0.2857142857142857 4 21.58
true 94 6 3 0.30612244897959184 1 0.35
true 486 6 3 0.30612244897959184 2 2.53
true 2675 6 3 0.30612244897959184 3 17.52
true 3975 6 3 0.30612244897959184 4 32.32
true 164 6 3 0.32653061224489793 1 0.51
true 876 6 3 0.32653061224489793 2 4.36
true 2374 6 3 0.32653061224489793 3 15.74
true 3548 6 3 0.32653061224489793 4 30.74
true 127 6 3 0.3469387755102041 1 0.41
true 1280 6 3 0.3469387755102041 2 6.1
true 517 6 3 0.3469387755102041 3 4.34
true 6296 6 3 0.3469387755102041 4 51.56
true 125 6 3 0.3673469387755102 1 0.41
true 350 6 3 0.3673469387755102 2 2.01
true 1929 6 3 0.3673469387755102 3 12.98
true 6868 6 3 0.3673469387755102 4 55.74
true 124 6 3 0.3877551020408163 1 0.41
true 331 6 3 0.3877551020408163 2 1.85
true 919 6 3 0.3877551020408163 3 6.62
true 6381 6 3 0.3877551020408163 4 51.96
true 120 6 3 0.40816326530612246 1 0.4
true 376 6 3 0.40816326530612246 2 2.08
true 3133 6 3 0.40816326530612246 3 20.41
true 2298 6 3 0.40816326530612246 4 19.98
true 122 6 3 0.42857142857142855 1 0.43
true 327 6 3 0.42857142857142855 2 1.76
true 1853 6 3 0.42857142857142855 3 12.26
true 11464 6 3 0.42857142857142855 4 92.0
true 123 6 3 0.4489795918367347 1 0.42
true 1952 6 3 0.4489795918367347 2 9.28
true 956 6 3 0.4489795918367347 3 7.0
true 4622 6 3 0.4489795918367347 4 37.05
true 191 6 3 0.46938775510204084 1 0.61
true 377 6 3 0.46938775510204084 2 2.14
true 2867 6 3 0.46938775510204084 3 19.33
true 4339 6 3 0.46938775510204084 4 34.98
true 109 6 3 0.4897959183673469 1 0.37
true 381 6 3 0.4897959183673469 2 2.02
true 1411 6 3 0.4897959183673469 3 10.23
true 3312 6 3 0.4897959183673469 4 27.69
true 121 6 3 0.5102040816326531 1 0.38
true 328 6 3 0.5102040816326531 2 1.87
true 1758 6 3 0.5102040816326531 3 12.22
true 5374 6 3 0.5102040816326531 4 44.87
true 126 6 3 0.5306122448979592 1 0.4
true 272 6 3 0.5306122448979592 2 1.55
true 1351 6 3 0.5306122448979592 3 9.09
true 3659 6 3 0.5306122448979592 4 30.46
true 118 6 3 0.5510204081632653 1 0.4
true 561 6 3 0.5510204081632653 2 2.78
true 4915 6 3 0.5510204081632653 3 30.04
true 4661 6 3 0.5510204081632653 4 40.5
true 109 6 3 0.5714285714285714 1 0.4
true 272 6 3 0.5714285714285714 2 1.66
true 2118 6 3 0.5714285714285714 3 14.23
true 2663 6 3 0.5714285714285714 4 23.15
true 217 6 3 0.5918367346938775 1 0.68
true 755 6 3 0.5918367346938775 2 3.81
true 1584 6 3 0.5918367346938775 3 11.33
true 4782 6 3 0.5918367346938775 4 40.06
true 119 6 3 0.6122448979591837 1 0.41
true 781 6 3 0.6122448979591837 2 4.0
true 1787 6 3 0.6122448979591837 3 12.35
true 1238 6 3 0.6122448979591837 4 12.26
true 87 6 3 0.6326530612244898 1 0.35
true 885 6 3 0.6326530612244898 2 4.2
true 1984 6 3 0.6326530612244898 3 12.74
true 8025 6 3 0.6326530612244898 4 64.44
true 225 6 3 0.6530612244897959 1 0.76
true 475 6 3 0.6530612244897959 2 2.36
true 756 6 3 0.6530612244897959 3 5.86
true 5362 6 3 0.6530612244897959 4 43.18
true 118 6 3 0.673469387755102 1 0.39
true 975 6 3 0.673469387755102 2 4.94
true 3550 6 3 0.673469387755102 3 22.67
true 7460 6 3 0.673469387755102 4 58.83
true 124 6 3 0.6938775510204082 1 0.44
true 949 6 3 0.6938775510204082 2 4.38
true 2187 6 3 0.6938775510204082 3 14.2
true 4941 6 3 0.6938775510204082 4 39.32
true 159 6 3 0.7142857142857143 1 0.55
true 551 6 3 0.7142857142857143 2 2.91
true 1655 6 3 0.7142857142857143 3 10.45
true 6623 6 3 0.7142857142857143 4 51.2
true 182 6 3 0.7346938775510204 1 0.54
true 555 6 3 0.7346938775510204 2 2.6
true 1191 6 3 0.7346938775510204 3 7.79
true 5933 6 3 0.7346938775510204 4 46.54
true 160 6 3 0.7551020408163265 1 0.51
true 531 6 3 0.7551020408163265 2 2.65
true 5201 6 3 0.7551020408163265 3 32.03
true 10200 6 3 0.7551020408163265 4 80.67
true 138 6 3 0.7755102040816326 1 0.45
true 387 6 3 0.7755102040816326 2 2.01
true 1708 6 3 0.7755102040816326 3 11.97
true 6461 6 3 0.7755102040816326 4 51.42
true 138 6 3 0.7959183673469388 1 0.41
true 331 6 3 0.7959183673469388 2 1.74
true 1541 6 3 0.7959183673469388 3 9.6
true 7052 6 3 0.7959183673469388 4 56.71
true 214 6 3 0.8163265306122449 1 0.62
true 435 6 3 0.8163265306122449 2 2.19
true 1458 6 3 0.8163265306122449 3 10.02
true 5382 6 3 0.8163265306122449 4 42.41
true 164 6 3 0.8367346938775511 1 0.51
true 1107 6 3 0.8367346938775511 2 5.37
true 2444 6 3 0.8367346938775511 3 15.81
true 7276 6 3 0.8367346938775511 4 56.33
true 127 6 3 0.8571428571428571 1 0.39
true 340 6 3 0.8571428571428571 2 1.83
true 2283 6 3 0.8571428571428571 3 14.37
true 6070 6 3 0.8571428571428571 4 47.65
true 123 6 3 0.8775510204081632 1 0.39
true 707 6 3 0.8775510204081632 2 3.36
true 2251 6 3 0.8775510204081632 3 14.28
true 4074 6 3 0.8775510204081632 4 33.77
true 131 6 3 0.8979591836734694 1 0.39
true 385 6 3 0.8979591836734694 2 1.98
true 4005 6 3 0.8979591836734694 3 24.81
true 8678 6 3 0.8979591836734694 4 67.7
true 145 6 3 0.9183673469387755 1 0.45
true 607 6 3 0.9183673469387755 2 3.0
true 2341 6 3 0.9183673469387755 3 14.72
true 3655 6 3 0.9183673469387755 4 28.76
true 183 6 3 0.9387755102040817 1 0.59
true 848 6 3 0.9387755102040817 2 4.05
true 3312 6 3 0.9387755102040817 3 20.27
true 5535 6 3 0.9387755102040817 4 43.45
true 173 6 3 0.9591836734693877 1 0.54
true 537 6 3 0.9591836734693877 2 2.62
true 3252 6 3 0.9591836734693877 3 20.95
true 3083 6 3 0.9591836734693877 4 24.88
true 185 6 3 0.9795918367346939 1 0.56
true 993 6 3 0.9795918367346939 2 4.55
true 2853 6 3 0.9795918367346939 3 17.43
true 6545 6 3 0.9795918367346939 4 50.68
true 108 6 3 1.0 1 0.35
true 1104 6 3 1.0 2 5.28
true 3051 6 3 1.0 3 19.2
true 6952 6 3 1.0 4 53.0
true 118 6 4 0.0 1 0.31
true 588 6 4 0.0 2 2.45
true 885 6 4 0.0 3 5.32
true 1726 6 4 0.0 4 12.77
true 91 6 4 0.02040816326530612 1 0.25
true 264 6 4 0.02040816326530612 2 1.26
true 997 6 4 0.02040816326530612 3 6.03
true 1971 6 4 0.02040816326530612 4 14.62
true 226 6 4 0.04081632653061224 1 0.57
true 316 6 4 0.04081632653061224 2 1.5
true 648 6 4 0.04081632653061224 3 4.16
true 1038 6 4 0.04081632653061224 4 8.84
true 106 6 4 0.061224489795918366 1 0.29
true 528 6 4 0.061224489795918366 2 2.19
true 540 6 4 0.061224489795918366 3 3.93
true 1451 6 4 0.061224489795918366 4 11.25
true 100 6 4 0.08163265306122448 1 0.29
true 618 6 4 0.08163265306122448 2 2.6
true 1416 6 4 0.08163265306122448 3 8.66
true 1076 6 4 0.08163265306122448 4 9.39
true 196 6 4 0.10204081632653061 1 0.49
true 468 6 4 0.10204081632653061 2 2.02
true 899 6 4 0.10204081632653061 3 5.53
true 4547 6 4 0.10204081632653061 4 34.42
true 243 6 4 0.12244897959183673 1 0.66
true 591 6 4 0.12244897959183673 2 2.61
true 1283 6 4 0.12244897959183673 3 7.96
true 1680 6 4 0.12244897959183673 4 13.94
true 262 6 4 0.14285714285714285 1 0.72
true 813 6 4 0.14285714285714285 2 3.72
true 1182 6 4 0.14285714285714285 3 7.84
true 1194 6 4 0.14285714285714285 4 11.82
true 114 6 4 0.16326530612244897 1 0.36
true 376 6 4 0.16326530612244897 2 1.88
true 987 6 4 0.16326530612244897 3 7.05
true 1682 6 4 0.16326530612244897 4 14.03
true 126 6 4 0.1836734693877551 1 0.4
true 478 6 4 0.1836734693877551 2 2.29
true 934 6 4 0.1836734693877551 3 6.55
true 1458 6 4 0.1836734693877551 4 12.74
true 113 6 4 0.20408163265306123 1 0.37
true 566 6 4 0.20408163265306123 2 2.73
true 1104 6 4 0.20408163265306123 3 7.43
true 1784 6 4 0.20408163265306123 4 14.88
true 125 6 4 0.22448979591836735 1 0.4
true 698 6 4 0.22448979591836735 2 3.2
true 1771 6 4 0.22448979591836735 3 11.54
true 3494 6 4 0.22448979591836735 4 27.03
true 240 6 4 0.24489795918367346 1 0.69
true 370 6 4 0.24489795918367346 2 2.1
true 1212 6 4 0.24489795918367346 3 8.1
true 3302 6 4 0.24489795918367346 4 25.25
true 153 6 4 0.2653061224489796 1 0.45
true 438 6 4 0.2653061224489796 2 2.16
true 2477 6 4 0.2653061224489796 3 15.0
true 3335 6 4 0.2653061224489796 4 25.57
true 121 6 4 0.2857142857142857 1 0.39
true 421 6 4 0.2857142857142857 2 2.26
true 4365 6 4 0.2857142857142857 3 27.31
true 2514 6 4 0.2857142857142857 4 20.52
true 168 6 4 0.30612244897959184 1 0.53
true 630 6 4 0.30612244897959184 2 3.02
true 2785 6 4 0.30612244897959184 3 17.72
true 7312 6 4 0.30612244897959184 4 57.74
true 189 6 4 0.32653061224489793 1 0.57
true 682 6 4 0.32653061224489793 2 3.32
true 3369 6 4 0.32653061224489793 3 21.53
true 4776 6 4 0.32653061224489793 4 38.05
true 152 6 4 0.3469387755102041 1 0.46
true 535 6 4 0.3469387755102041 2 2.61
true 4516 6 4 0.3469387755102041 3 27.93
true 7828 6 4 0.3469387755102041 4 60.34
true 143 6 4 0.3673469387755102 1 0.46
true 830 6 4 0.3673469387755102 2 3.84
true 2746 6 4 0.3673469387755102 3 17.58
true 8100 6 4 0.3673469387755102 4 61.71
true 141 6 4 0.3877551020408163 1 0.46
true 675 6 4 0.3877551020408163 2 3.18
true 1713 6 4 0.3877551020408163 3 10.89
true 6167 6 4 0.3877551020408163 4 48.37
true 110 6 4 0.40816326530612246 1 0.35
true 654 6 4 0.40816326530612246 2 3.2
true 1779 6 4 0.40816326530612246 3 11.3
true 804 6 4 0.40816326530612246 4 7.8
true 147 6 4 0.42857142857142855 1 0.48
true 437 6 4 0.42857142857142855 2 2.16
true 3151 6 4 0.42857142857142855 3 19.35
true 3311 6 4 0.42857142857142855 4 25.64
true 136 6 4 0.4489795918367347 1 0.46
true 463 6 4 0.4489795918367347 2 2.31
true 968 6 4 0.4489795918367347 3 6.5
true 2991 6 4 0.4489795918367347 4 23.35
true 164 6 4 0.46938775510204084 1 0.51
true 459 6 4 0.46938775510204084 2 2.38
true 1691 6 4 0.46938775510204084 3 10.46
true 1974 6 4 0.46938775510204084 4 15.87
true 130 6 4 0.4897959183673469 1 0.42
true 1210 6 4 0.4897959183673469 2 5.52
true 4110 6 4 0.4897959183673469 3 25.12
true 975 6 4 0.4897959183673469 4 9.87
true 133 6 4 0.5102040816326531 1 0.43
true 621 6 4 0.5102040816326531 2 3.06
true 2837 6 4 0.5102040816326531 3 17.78
true 2188 6 4 0.5102040816326531 4 17.59
true 116 6 4 0.5306122448979592 1 0.41
true 716 6 4 0.5306122448979592 2 3.3
true 3835 6 4 0.5306122448979592 3 24.25
true 7195 6 4 0.5306122448979592 4 57.95
true 128 6 4 0.5510204081632653 1 0.38
true 794 6 4 0.5510204081632653 2 3.84
true 5205 6 4 0.5510204081632653 3 31.4
true 8104 6 4 0.5510204081632653 4 67.19
true 148 6 4 0.5714285714285714 1 0.78
true 455 6 4 0.5714285714285714 2 4.0
true 3383 6 4 0.5714285714285714 3 35.3
true 6616 6 4 0.5714285714285714 4 86.47
true 138 6 4 0.5918367346938775 1 0.73
true 1089 6 4 0.5918367346938775 2 9.14
true 5580 6 4 0.5918367346938775 3 58.06
true 4519 6 4 0.5918367346938775 4 61.57
true 295 6 4 0.6122448979591837 1 1.5
true 606 6 4 0.6122448979591837 2 4.99
true 2179 6 4 0.6122448979591837 3 23.41
true 3517 6 4 0.6122448979591837 4 47.3
true 233 6 4 0.6326530612244898 1 1.19
true 336 6 4 0.6326530612244898 2 3.1
true 1959 6 4 0.6326530612244898 3 20.54
true 3580 6 4 0.6326530612244898 4 48.71
true 122 6 4 0.6530612244897959 1 0.69
true 1022 6 4 0.6530612244897959 2 8.6
true 2943 6 4 0.6530612244897959 3 32.23
true 6839 6 4 0.6530612244897959 4 88.92
true 195 6 4 0.673469387755102 1 0.93
true 1791 6 4 0.673469387755102 2 13.93
true 1711 6 4 0.673469387755102 3 18.03
true 3052 6 4 0.673469387755102 4 40.97
true 212 6 4 0.6938775510204082 1 1.07
true 987 6 4 0.6938775510204082 2 7.62
true 3803 6 4 0.6938775510204082 3 40.58
true 6011 6 4 0.6938775510204082 4 79.93
true 239 6 4 0.7142857142857143 1 1.21
true 1290 6 4 0.7142857142857143 2 10.07
true 1186 6 4 0.7142857142857143 3 13.53
true 4096 6 4 0.7142857142857143 4 57.67
true 131 6 4 0.7346938775510204 1 0.71
true 561 6 4 0.7346938775510204 2 4.53
true 5491 6 4 0.7346938775510204 3 58.71
true 4553 6 4 0.7346938775510204 4 61.44
true 141 6 4 0.7551020408163265 1 0.76
true 828 6 4 0.7551020408163265 2 7.03
true 2064 6 4 0.7551020408163265 3 22.39
true 5880 6 4 0.7551020408163265 4 77.2
true 196 6 4 0.7755102040816326 1 1.06
true 1013 6 4 0.7755102040816326 2 8.44
true 4180 6 4 0.7755102040816326 3 45.3
true 13960 6 4 0.7755102040816326 4 185.89
true 174 6 4 0.7959183673469388 1 0.88
true 1033 6 4 0.7959183673469388 2 8.59
true 3243 6 4 0.7959183673469388 3 35.12
true 8020 6 4 0.7959183673469388 4 103.73
true 132 6 4 0.8163265306122449 1 0.7
true 498 6 4 0.8163265306122449 2 4.47
true 2544 6 4 0.8163265306122449 3 27.52
true 5560 6 4 0.8163265306122449 4 71.62
true 197 6 4 0.8367346938775511 1 0.99
true 464 6 4 0.8367346938775511 2 4.16
true 2759 6 4 0.8367346938775511 3 28.89
true 5255 6 4 0.8367346938775511 4 70.77
true 208 6 4 0.8571428571428571 1 1.02
true 846 6 4 0.8571428571428571 2 7.09
true 4025 6 4 0.8571428571428571 3 43.3
true 6018 6 4 0.8571428571428571 4 79.92
true 115 6 4 0.8775510204081632 1 0.63
true 767 6 4 0.8775510204081632 2 6.26
true 2439 6 4 0.8775510204081632 3 25.81
true 3727 6 4 0.8775510204081632 4 49.9
true 144 6 4 0.8979591836734694 1 0.77
true 1486 6 4 0.8979591836734694 2 11.31
true 2491 6 4 0.8979591836734694 3 25.66
true 2806 6 4 0.8979591836734694 4 37.42
true 208 6 4 0.9183673469387755 1 1.06
true 580 6 4 0.9183673469387755 2 4.6
true 2614 6 4 0.9183673469387755 3 27.53
true 3141 6 4 0.9183673469387755 4 41.63
true 251 6 4 0.9387755102040817 1 1.26
true 991 6 4 0.9387755102040817 2 7.56
true 2066 6 4 0.9387755102040817 3 21.88
true 9091 6 4 0.9387755102040817 4 118.24
true 118 6 4 0.9591836734693877 1 0.69
true 1072 6 4 0.9591836734693877 2 8.34
true 1380 6 4 0.9591836734693877 3 14.99
true 5370 6 4 0.9591836734693877 4 72.75
true 166 6 4 0.9795918367346939 1 0.87
true 866 6 4 0.9795918367346939 2 6.64
true 4310 6 4 0.9795918367346939 3 46.86
true 11196 6 4 0.9795918367346939 4 145.62
true 115 6 4 1.0 1 0.61
true 1010 6 4 1.0 2 7.92
true 831 6 4 1.0 3 10.67
true 5755 6 4 1.0 4 76.15
true 180 6 5 0.0 1 0.82
true 1451 6 5 0.0 2 10.86
true 874 6 5 0.0 3 10.39
true 835 6 5 0.0 4 13.48
true 125 6 5 0.02040816326530612 1 0.61
true 616 6 5 0.02040816326530612 2 4.71
true 1000 6 5 0.02040816326530612 3 11.15
true 2134 6 5 0.02040816326530612 4 28.11
true 193 6 5 0.04081632653061224 1 0.97
true 572 6 5 0.04081632653061224 2 4.58
true 1170 6 5 0.04081632653061224 3 12.62
true 3033 6 5 0.04081632653061224 4 38.62
true 141 6 5 0.061224489795918366 1 0.7
true 357 6 5 0.061224489795918366 2 3.03
true 1204 6 5 0.061224489795918366 3 12.77
true 1902 6 5 0.061224489795918366 4 27.21
true 178 6 5 0.08163265306122448 1 0.89
true 624 6 5 0.08163265306122448 2 5.04
true 2085 6 5 0.08163265306122448 3 21.44
true 1398 6 5 0.08163265306122448 4 20.63
true 128 6 5 0.10204081632653061 1 0.69
true 366 6 5 0.10204081632653061 2 3.22
true 1238 6 5 0.10204081632653061 3 13.42
true 1604 6 5 0.10204081632653061 4 22.8
true 118 6 5 0.12244897959183673 1 0.66
true 1252 6 5 0.12244897959183673 2 9.84
true 1425 6 5 0.12244897959183673 3 15.71
true 1556 6 5 0.12244897959183673 4 22.88
true 141 6 5 0.14285714285714285 1 0.73
true 370 6 5 0.14285714285714285 2 3.33
true 1678 6 5 0.14285714285714285 3 18.34
true 1911 6 5 0.14285714285714285 4 26.71
true 235 6 5 0.16326530612244897 1 1.21
true 1219 6 5 0.16326530612244897 2 9.85
true 2413 6 5 0.16326530612244897 3 26.18
true 822 6 5 0.16326530612244897 4 14.43
true 112 6 5 0.1836734693877551 1 0.64
true 782 6 5 0.1836734693877551 2 6.27
true 456 6 5 0.1836734693877551 3 6.86
true 1423 6 5 0.1836734693877551 4 21.18
true 131 6 5 0.20408163265306123 1 0.72
true 678 6 5 0.20408163265306123 2 5.43
true 623 6 5 0.20408163265306123 3 8.04
true 1203 6 5 0.20408163265306123 4 18.26
true 129 6 5 0.22448979591836735 1 0.74
true 858 6 5 0.22448979591836735 2 6.76
true 2219 6 5 0.22448979591836735 3 23.4
true 1782 6 5 0.22448979591836735 4 25.52
true 165 6 5 0.24489795918367346 1 0.9
true 638 6 5 0.24489795918367346 2 5.32
true 1304 6 5 0.24489795918367346 3 15.45
true 7116 6 5 0.24489795918367346 4 97.18
true 121 6 5 0.2653061224489796 1 0.66
true 329 6 5 0.2653061224489796 2 3.06
true 1539 6 5 0.2653061224489796 3 17.21
true 1445 6 5 0.2653061224489796 4 22.58
true 138 6 5 0.2857142857142857 1 0.74
true 1349 6 5 0.2857142857142857 2 10.96
true 996 6 5 0.2857142857142857 3 11.69
true 2077 6 5 0.2857142857142857 4 30.84
true 109 6 5 0.30612244897959184 1 0.64
true 568 6 5 0.30612244897959184 2 4.7
true 4893 6 5 0.30612244897959184 3 51.79
true 5356 6 5 0.30612244897959184 4 72.32
true 135 6 5 0.32653061224489793 1 0.73
true 346 6 5 0.32653061224489793 2 3.21
true 2168 6 5 0.32653061224489793 3 23.87
true 2790 6 5 0.32653061224489793 4 37.87
true 173 6 5 0.3469387755102041 1 0.88
true 684 6 5 0.3469387755102041 2 5.48
true 1236 6 5 0.3469387755102041 3 13.95
true 1111 6 5 0.3469387755102041 4 17.05
true 246 6 5 0.3673469387755102 1 1.32
true 885 6 5 0.3673469387755102 2 7.01
true 2143 6 5 0.3673469387755102 3 22.42
true 3353 6 5 0.3673469387755102 4 44.77
true 97 6 5 0.3877551020408163 1 0.56
true 1129 6 5 0.3877551020408163 2 9.35
true 1377 6 5 0.3877551020408163 3 15.66
true 8648 6 5 0.3877551020408163 4 111.38
true 183 6 5 0.40816326530612246 1 0.95
true 345 6 5 0.40816326530612246 2 3.18
true 1342 6 5 0.40816326530612246 3 15.25
true 5523 6 5 0.40816326530612246 4 72.69
true 133 6 5 0.42857142857142855 1 0.78
true 554 6 5 0.42857142857142855 2 4.71
true 3611 6 5 0.42857142857142855 3 28.55
true 6989 6 5 0.42857142857142855 4 54.39
true 128 6 5 0.4489795918367347 1 0.43
true 1252 6 5 0.4489795918367347 2 5.67
true 2013 6 5 0.4489795918367347 3 13.41
true 5720 6 5 0.4489795918367347 4 43.03
true 127 6 5 0.46938775510204084 1 0.42
true 1407 6 5 0.46938775510204084 2 6.62
true 3498 6 5 0.46938775510204084 3 21.03
true 5141 6 5 0.46938775510204084 4 40.07
true 170 6 5 0.4897959183673469 1 0.5
true 462 6 5 0.4897959183673469 2 2.44
true 4187 6 5 0.4897959183673469 3 27.52
true 9032 6 5 0.4897959183673469 4 70.83
true 202 6 5 0.5102040816326531 1 0.61
true 878 6 5 0.5102040816326531 2 4.14
true 3016 6 5 0.5102040816326531 3 18.75
true 4204 6 5 0.5102040816326531 4 33.78
true 261 6 5 0.5306122448979592 1 0.82
true 735 6 5 0.5306122448979592 2 3.48
true 2633 6 5 0.5306122448979592 3 16.58
true 10073 6 5 0.5306122448979592 4 77.54
true 102 6 5 0.5510204081632653 1 0.36
true 1159 6 5 0.5510204081632653 2 5.3
true 3367 6 5 0.5510204081632653 3 20.67
true 3623 6 5 0.5510204081632653 4 27.26
true 116 6 5 0.5714285714285714 1 0.39
true 275 6 5 0.5714285714285714 2 1.56
true 2203 6 5 0.5714285714285714 3 13.56
true 4713 6 5 0.5714285714285714 4 35.09
true 135 6 5 0.5918367346938775 1 0.46
true 562 6 5 0.5918367346938775 2 2.67
true 4024 6 5 0.5918367346938775 3 23.27
true 3821 6 5 0.5918367346938775 4 29.86
true 170 6 5 0.6122448979591837 1 0.56
true 1661 6 5 0.6122448979591837 2 7.79
true 4021 6 5 0.6122448979591837 3 25.64
true 3652 6 5 0.6122448979591837 4 27.95
true 174 6 5 0.6326530612244898 1 0.52
true 885 6 5 0.6326530612244898 2 4.03
true 2541 6 5 0.6326530612244898 3 16.64
true 4783 6 5 0.6326530612244898 4 35.75
true 228 6 5 0.6530612244897959 1 0.71
true 552 6 5 0.6530612244897959 2 2.68
true 1460 6 5 0.6530612244897959 3 9.43
true 7277 6 5 0.6530612244897959 4 57.72
true 175 6 5 0.673469387755102 1 0.55
true 309 6 5 0.673469387755102 2 1.69
true 3932 6 5 0.673469387755102 3 23.01
true 7191 6 5 0.673469387755102 4 54.74
true 198 6 5 0.6938775510204082 1 0.6
true 668 6 5 0.6938775510204082 2 3.08
true 2643 6 5 0.6938775510204082 3 15.88
true 3378 6 5 0.6938775510204082 4 26.58
true 174 6 5 0.7142857142857143 1 0.5
true 1112 6 5 0.7142857142857143 2 5.26
true 1434 6 5 0.7142857142857143 3 9.88
true 5832 6 5 0.7142857142857143 4 44.42
true 227 6 5 0.7346938775510204 1 0.71
true 1357 6 5 0.7346938775510204 2 6.45
true 1587 6 5 0.7346938775510204 3 9.93
true 3837 6 5 0.7346938775510204 4 28.87
true 160 6 5 0.7551020408163265 1 0.49
true 827 6 5 0.7551020408163265 2 4.06
true 2384 6 5 0.7551020408163265 3 15.03
true 6741 6 5 0.7551020408163265 4 50.31
true 152 6 5 0.7755102040816326 1 0.46
true 763 6 5 0.7755102040816326 2 3.56
true 4571 6 5 0.7755102040816326 3 27.07
true 5204 6 5 0.7755102040816326 4 39.85
true 205 6 5 0.7959183673469388 1 0.63
true 760 6 5 0.7959183673469388 2 3.68
true 2254 6 5 0.7959183673469388 3 13.62
true 3327 6 5 0.7959183673469388 4 26.18
true 227 6 5 0.8163265306122449 1 0.72
true 459 6 5 0.8163265306122449 2 2.35
true 1836 6 5 0.8163265306122449 3 11.79
true 3441 6 5 0.8163265306122449 4 26.35
true 150 6 5 0.8367346938775511 1 0.45
true 1689 6 5 0.8367346938775511 2 7.74
true 3214 6 5 0.8367346938775511 3 20.34
true 5869 6 5 0.8367346938775511 4 45.21
true 170 6 5 0.8571428571428571 1 0.54
true 1234 6 5 0.8571428571428571 2 5.65
true 2654 6 5 0.8571428571428571 3 16.98
true 4147 6 5 0.8571428571428571 4 31.62
true 249 6 5 0.8775510204081632 1 0.76
true 1013 6 5 0.8775510204081632 2 4.76
true 2942 6 5 0.8775510204081632 3 17.81
true 8204 6 5 0.8775510204081632 4 62.94
true 129 6 5 0.8979591836734694 1 0.42
true 581 6 5 0.8979591836734694 2 2.83
true 3200 6 5 0.8979591836734694 3 19.59
true 8573 6 5 0.8979591836734694 4 65.33
true 184 6 5 0.9183673469387755 1 0.56
true 658 6 5 0.9183673469387755 2 3.14
true 5666 6 5 0.9183673469387755 3 35.12
true 4212 6 5 0.9183673469387755 4 32.77
true 145 6 5 0.9387755102040817 1 0.49
true 514 6 5 0.9387755102040817 2 2.5
true 3472 6 5 0.9387755102040817 3 21.76
true 5350 6 5 0.9387755102040817 4 40.18
true 186 6 5 0.9591836734693877 1 0.55
true 975 6 5 0.9591836734693877 2 4.56
true 1586 6 5 0.9591836734693877 3 10.08
true 9154 6 5 0.9591836734693877 4 70.44
true 170 6 5 0.9795918367346939 1 0.5
true 1044 6 5 0.9795918367346939 2 4.79
true 2124 6 5 0.9795918367346939 3 13.26
true 3312 6 5 0.9795918367346939 4 25.38
true 169 6 5 1.0 1 0.51
true 857 6 5 1.0 2 4.13
true 3393 6 5 1.0 3 21.41
true 10235 6 5 1.0 4 79.26
true 138 6 6 0.0 1 0.39
true 734 6 6 0.0 2 2.89
true 974 6 6 0.0 3 6.0
true 2595 6 6 0.0 4 18.28
true 216 6 6 0.02040816326530612 1 0.54
true 1406 6 6 0.02040816326530612 2 6.04
true 1823 6 6 0.02040816326530612 3 10.35
true 1480 6 6 0.02040816326530612 4 11.45
true 134 6 6 0.04081632653061224 1 0.37
true 351 6 6 0.04081632653061224 2 1.63
true 1146 6 6 0.04081632653061224 3 6.68
true 2684 6 6 0.04081632653061224 4 19.72
true 257 6 6 0.061224489795918366 1 0.63
true 615 6 6 0.061224489795918366 2 2.44
true 865 6 6 0.061224489795918366 3 5.36
true 3250 6 6 0.061224489795918366 4 23.88
true 121 6 6 0.08163265306122448 1 0.35
true 521 6 6 0.08163265306122448 2 2.3
true 1796 6 6 0.08163265306122448 3 10.28
true 1343 6 6 0.08163265306122448 4 10.53
true 197 6 6 0.10204081632653061 1 0.53
true 808 6 6 0.10204081632653061 2 3.27
true 1170 6 6 0.10204081632653061 3 6.97
true 2261 6 6 0.10204081632653061 4 17.08
true 250 6 6 0.12244897959183673 1 0.71
true 865 6 6 0.12244897959183673 2 3.59
true 703 6 6 0.12244897959183673 3 4.87
true 2877 6 6 0.12244897959183673 4 21.64
true 202 6 6 0.14285714285714285 1 0.62
true 590 6 6 0.14285714285714285 2 2.88
true 845 6 6 0.14285714285714285 3 5.59
true 1503 6 6 0.14285714285714285 4 12.5
true 166 6 6 0.16326530612244897 1 0.5
true 936 6 6 0.16326530612244897 2 4.27
true 1114 6 6 0.16326530612244897 3 7.11
true 2715 6 6 0.16326530612244897 4 21.08
true 227 6 6 0.1836734693877551 1 0.68
true 891 6 6 0.1836734693877551 2 4.29
true 1395 6 6 0.1836734693877551 3 8.66
true 1294 6 6 0.1836734693877551 4 11.02
true 162 6 6 0.20408163265306123 1 0.52
true 604 6 6 0.20408163265306123 2 2.98
true 962 6 6 0.20408163265306123 3 6.53
true 2386 6 6 0.20408163265306123 4 19.17
true 180 6 6 0.22448979591836735 1 0.52
true 1435 6 6 0.22448979591836735 2 6.63
true 5958 6 6 0.22448979591836735 3 35.04
true 3359 6 6 0.22448979591836735 4 26.61
true 139 6 6 0.24489795918367346 1 0.44
true 843 6 6 0.24489795918367346 2 4.03
true 3858 6 6 0.24489795918367346 3 22.19
true 4492 6 6 0.24489795918367346 4 33.92
true 206 6 6 0.2653061224489796 1 0.63
true 1252 6 6 0.2653061224489796 2 5.63
true 3319 6 6 0.2653061224489796 3 19.4
true 2825 6 6 0.2653061224489796 4 21.23
true 220 6 6 0.2857142857142857 1 0.68
true 1160 6 6 0.2857142857142857 2 5.45
true 2489 6 6 0.2857142857142857 3 15.15
true 14480 6 6 0.2857142857142857 4 110.72
true 223 6 6 0.30612244897959184 1 0.7
true 467 6 6 0.30612244897959184 2 2.31
true 765 6 6 0.30612244897959184 3 5.31
true 3685 6 6 0.30612244897959184 4 29.19
true 201 6 6 0.32653061224489793 1 0.6
true 1082 6 6 0.32653061224489793 2 4.79
true 4875 6 6 0.32653061224489793 3 31.01
true 4162 6 6 0.32653061224489793 4 32.15
true 144 6 6 0.3469387755102041 1 0.47
true 1147 6 6 0.3469387755102041 2 5.32
true 2678 6 6 0.3469387755102041 3 16.02
true 1909 6 6 0.3469387755102041 4 15.96
true 206 6 6 0.3673469387755102 1 0.62
true 453 6 6 0.3673469387755102 2 2.21
true 880 6 6 0.3673469387755102 3 6.01
true 2271 6 6 0.3673469387755102 4 18.05
true 148 6 6 0.3877551020408163 1 0.52
true 942 6 6 0.3877551020408163 2 4.24
true 2356 6 6 0.3877551020408163 3 13.93
true 5894 6 6 0.3877551020408163 4 44.57
true 182 6 6 0.40816326530612246 1 0.55
true 818 6 6 0.40816326530612246 2 3.67
true 3210 6 6 0.40816326530612246 3 19.85
true 10611 6 6 0.40816326530612246 4 78.83
true 228 6 6 0.42857142857142855 1 0.69
true 1433 6 6 0.42857142857142855 2 6.69
true 3035 6 6 0.42857142857142855 3 18.67
true 7607 6 6 0.42857142857142855 4 58.14
true 286 6 6 0.4489795918367347 1 0.86
true 386 6 6 0.4489795918367347 2 2.02
true 2177 6 6 0.4489795918367347 3 13.11
true 6702 6 6 0.4489795918367347 4 52.03
true 159 6 6 0.46938775510204084 1 0.5
true 707 6 6 0.46938775510204084 2 3.4
true 2186 6 6 0.46938775510204084 3 14.28
true 1346 6 6 0.46938775510204084 4 11.78
true 165 6 6 0.4897959183673469 1 0.49
true 902 6 6 0.4897959183673469 2 4.26
true 4959 6 6 0.4897959183673469 3 30.1
true 4945 6 6 0.4897959183673469 4 37.51
true 273 6 6 0.5102040816326531 1 0.82
true 1469 6 6 0.5102040816326531 2 6.78
true 3631 6 6 0.5102040816326531 3 21.04
true 3037 6 6 0.5102040816326531 4 23.14
true 170 6 6 0.5306122448979592 1 0.51
true 1912 6 6 0.5306122448979592 2 8.98
true 3719 6 6 0.5306122448979592 3 23.47
true 5686 6 6 0.5306122448979592 4 44.33
true 212 6 6 0.5510204081632653 1 0.63
true 906 6 6 0.5510204081632653 2 4.31
true 8059 6 6 0.5510204081632653 3 48.78
true 9297 6 6 0.5510204081632653 4 71.17
true 257 6 6 0.5714285714285714 1 0.79
true 686 6 6 0.5714285714285714 2 3.29
true 7702 6 6 0.5714285714285714 3 45.83
true 9255 6 6 0.5714285714285714 4 71.79
true 187 6 6 0.5918367346938775 1 0.57
true 1520 6 6 0.5918367346938775 2 6.99
true 5123 6 6 0.5918367346938775 3 30.39
true 10132 6 6 0.5918367346938775 4 78.29
true 148 6 6 0.6122448979591837 1 0.49
true 1614 6 6 0.6122448979591837 2 7.64
true 996 6 6 0.6122448979591837 3 6.69
true 2819 6 6 0.6122448979591837 4 22.32
true 258 6 6 0.6326530612244898 1 0.8
true 1089 6 6 0.6326530612244898 2 5.27
true 6518 6 6 0.6326530612244898 3 38.7
true 10484 6 6 0.6326530612244898 4 81.5
true 216 6 6 0.6530612244897959 1 0.68
true 716 6 6 0.6530612244897959 2 3.46
true 913 6 6 0.6530612244897959 3 6.3
true 9899 6 6 0.6530612244897959 4 77.42
true 203 6 6 0.673469387755102 1 0.65
true 1416 6 6 0.673469387755102 2 6.59
true 1735 6 6 0.673469387755102 3 10.94
true 11639 6 6 0.673469387755102 4 87.88
true 365 6 6 0.6938775510204082 1 1.1
true 916 6 6 0.6938775510204082 2 4.63
true 2298 6 6 0.6938775510204082 3 14.8
true 8812 6 6 0.6938775510204082 4 66.32
true 181 6 6 0.7142857142857143 1 0.58
true 942 6 6 0.7142857142857143 2 4.35
true 2210 6 6 0.7142857142857143 3 13.56
true 4901 6 6 0.7142857142857143 4 38.34
true 152 6 6 0.7346938775510204 1 0.77
true 1459 6 6 0.7346938775510204 2 11.76
true 2638 6 6 0.7346938775510204 3 27.49
true 4357 6 6 0.7346938775510204 4 58.76
true 187 6 6 0.7551020408163265 1 0.95
true 1645 6 6 0.7551020408163265 2 12.84
true 5625 6 6 0.7551020408163265 3 57.97
true 5876 6 6 0.7551020408163265 4 59.03
true 154 6 6 0.7755102040816326 1 0.52
true 861 6 6 0.7755102040816326 2 4.0
true 2759 6 6 0.7755102040816326 3 17.06
true 8694 6 6 0.7755102040816326 4 66.82
true 231 6 6 0.7959183673469388 1 0.74
true 628 6 6 0.7959183673469388 2 3.17
true 1578 6 6 0.7959183673469388 3 10.12
true 7677 6 6 0.7959183673469388 4 59.08
true 229 6 6 0.8163265306122449 1 0.73
true 1517 6 6 0.8163265306122449 2 7.17
true 4418 6 6 0.8163265306122449 3 26.82
true 9481 6 6 0.8163265306122449 4 76.17
true 240 6 6 0.8367346938775511 1 0.76
true 828 6 6 0.8367346938775511 2 4.01
true 4743 6 6 0.8367346938775511 3 28.92
true 4326 6 6 0.8367346938775511 4 34.42
true 211 6 6 0.8571428571428571 1 0.68
true 1058 6 6 0.8571428571428571 2 4.71
true 4882 6 6 0.8571428571428571 3 30.5
true 5888 6 6 0.8571428571428571 4 44.43
true 248 6 6 0.8775510204081632 1 0.73
true 1688 6 6 0.8775510204081632 2 8.17
true 3414 6 6 0.8775510204081632 3 21.69
true 3764 6 6 0.8775510204081632 4 29.99
true 281 6 6 0.8979591836734694 1 0.83
true 1046 6 6 0.8979591836734694 2 4.75
true 10291 6 6 0.8979591836734694 3 62.46
true 5194 6 6 0.8979591836734694 4 40.03
true 196 6 6 0.9183673469387755 1 0.62
true 1428 6 6 0.9183673469387755 2 6.66
true 2612 6 6 0.9183673469387755 3 16.89
true 13182 6 6 0.9183673469387755 4 100.31
true 150 6 6 0.9387755102040817 1 0.5
true 1198 6 6 0.9387755102040817 2 5.61
true 1698 6 6 0.9387755102040817 3 10.85
true 4613 6 6 0.9387755102040817 4 35.38
true 243 6 6 0.9591836734693877 1 0.73
true 949 6 6 0.9591836734693877 2 4.14
true 2971 6 6 0.9591836734693877 3 18.45
true 4778 6 6 0.9591836734693877 4 35.89
true 181 6 6 0.9795918367346939 1 0.56
true 878 6 6 0.9795918367346939 2 4.01
true 2282 6 6 0.9795918367346939 3 14.78
true 9493 6 6 0.9795918367346939 4 68.72
true 225 6 6 1.0 1 0.68
true 1791 6 6 1.0 2 7.64
true 4152 6 6 1.0 3 25.14
true 10011 6 6 1.0 4 76.82
true 126 7 1 0.0 1 0.35
true 402 7 1 0.0 2 1.97
true 697 7 1 0.0 3 5.26
true 1560 7 1 0.0 4 14.08
true 134 7 1 0.02040816326530612 1 0.36
true 328 7 1 0.02040816326530612 2 1.71
true 948 7 1 0.02040816326530612 3 6.61
true 1211 7 1 0.02040816326530612 4 11.46
true 182 7 1 0.04081632653061224 1 0.47
true 312 7 1 0.04081632653061224 2 1.75
true 627 7 1 0.04081632653061224 3 4.9
true 908 7 1 0.04081632653061224 4 9.72
true 116 7 1 0.061224489795918366 1 0.34
true 288 7 1 0.061224489795918366 2 1.86
true 686 7 1 0.061224489795918366 3 5.12
true 838 7 1 0.061224489795918366 4 9.17