g_converged min_loss iter nsites nqubits0 h nlayers SvN time
true 1.2743041932772314e-7 267 4 1 0.0 3 0.0 1.81
true 1.081254592860681e-6 687 4 1 0.0 4 0.0 5.2
true 1.445401473620933e-6 265 4 2 0.0 3 0.0 1.73
true 2.9505579139665894e-6 686 4 2 0.0 4 0.0 5.03
true 1.345536403037547e-7 396 4 3 0.0 3 0.0 2.39
true 5.309536441344687e-6 751 4 3 0.0 4 0.0 5.53
true 4.446413214177769e-5 396 4 4 0.0 3 0.0 2.56
true 4.048793900715553e-6 819 4 4 0.0 4 0.0 5.88
true 1.449261856079076e-7 233 4 1 0.04 3 5.221054521751489e-7 1.57
true 1.0225828150911553e-7 351 4 1 0.04 4 5.221054521751489e-7 3.11
true 2.0955658710242187e-6 270 4 2 0.04 3 5.221054521751489e-7 1.86
true 1.891724036265363e-5 450 4 2 0.04 4 5.221054521751489e-7 3.79
true 5.044463604035136e-6 552 4 3 0.04 3 5.221054521751489e-7 3.24
true 7.037431558794734e-7 571 4 3 0.04 4 5.221054521751489e-7 4.45
true 3.0244268311302447e-6 612 4 4 0.04 3 5.221054521751489e-7 3.72
true 2.265782910612635e-6 813 4 4 0.04 4 5.221054521751489e-7 6.33
true 1.0725380267251339e-6 262 4 1 0.08 3 0.00031555771092967207 1.74
true 7.491923702862557e-6 386 4 1 0.08 4 0.00031555771092967207 3.81
true 2.1936136543498908e-5 460 4 2 0.08 3 0.00031555771092967207 2.76
true 2.4766580781071523e-5 518 4 2 0.08 4 0.00031555771092967207 4.19
true 1.4603606233343225e-5 409 4 3 0.08 3 0.00031555771092967207 2.49
true 7.165241561879476e-5 599 4 3 0.08 4 0.00031555771092967207 4.72
true 1.5967380292594702e-5 287 4 4 0.08 3 0.00031555771092967207 2.23
true 2.0951696618767834e-5 1121 4 4 0.08 4 0.00031555771092967207 8.08
true 0.0002759961111849507 324 4 1 0.12 3 0.002857451366537061 2.2
true 5.8615176067089436e-5 589 4 1 0.12 4 0.002857451366537061 4.68
true 9.804124077145149e-5 295 4 2 0.12 3 0.002857451366537061 1.88
true 0.00017131442847048706 453 4 2 0.12 4 0.002857451366537061 3.85
true 0.0001736715921725196 301 4 3 0.12 3 0.002857451366537061 2.26
true 0.0003107724140391325 533 4 3 0.12 4 0.002857451366537061 5.54
true 0.00014390152780939525 690 4 4 0.12 3 0.002857451366537061 4.83
true 9.139605168145826e-5 640 4 4 0.12 4 0.002857451366537061 5.95
true 2.99527695984958e-5 244 4 1 0.16 3 0.009312166724123666 1.73
true 1.1443031180891072e-5 345 4 1 0.16 4 0.009312166724123666 3.24
true 0.0006059169716224333 311 4 2 0.16 3 0.009312166724123666 1.99
true 3.561385991573962e-5 590 4 2 0.16 4 0.009312166724123666 5.05
true 0.0004244707940409172 387 4 3 0.16 3 0.009312166724123666 2.39
true 0.00017850561202775728 853 4 3 0.16 4 0.009312166724123666 6.21
true 0.0007922639564546946 336 4 4 0.16 3 0.009312166724123666 2.29
true 5.784613771167568e-6 1179 4 4 0.16 4 0.009312166724123666 8.46
true 6.26874632503327e-5 593 4 1 0.2 3 0.028809882776728333 3.24
true 4.327521829550207e-6 1233 4 1 0.2 4 0.028809882776728333 8.56
true 7.745741156478525e-5 714 4 2 0.2 3 0.028809882776728333 3.89
true 3.143925819798499e-5 1068 4 2 0.2 4 0.028809882776728333 7.54
true 8.74056905135941e-5 532 4 3 0.2 3 0.028809882776728333 3.15
true 2.89768737098961e-5 1372 4 3 0.2 4 0.028809882776728333 9.22
true 6.620700976348037e-5 1100 4 4 0.2 3 0.028809882776728333 6.22
true 8.718159435429362e-5 943 4 4 0.2 4 0.028809882776728333 7.31
true 1.6661000584394792e-5 706 4 1 0.24 3 0.08188079160576314 3.97
true 8.127472812535785e-7 785 4 1 0.24 4 0.08188079160576314 5.65
true 7.740512340162486e-5 440 4 2 0.24 3 0.08188079160576314 2.79
true 3.348910477340983e-5 1949 4 2 0.24 4 0.08188079160576314 13.0
true 5.2419785433928855e-5 880 4 3 0.24 3 0.08188079160576314 4.75
true 4.952168681848779e-6 1126 4 3 0.24 4 0.08188079160576314 8.1
true 4.471413016968184e-5 685 4 4 0.24 3 0.08188079160576314 3.99
true 0.00019967900819414797 1349 4 4 0.24 4 0.08188079160576314 9.48
true 1.5401900689826498e-6 1158 4 1 0.28 3 0.1955000413843353 6.07
true 1.532725334929541e-6 827 4 1 0.28 4 0.1955000413843353 5.85
true 0.001965918303628078 1361 4 2 0.28 3 0.1955000413843353 7.22
true 7.637678415672866e-5 1070 4 2 0.28 4 0.1955000413843353 7.57
true 0.000504112037589044 396 4 3 0.28 3 0.1955000413843353 2.39
true 0.00046316501546546834 972 4 3 0.28 4 0.1955000413843353 7.39
true 0.011435932111666755 699 4 4 0.28 3 0.1955000413843353 4.0
true 0.0001504311529878649 805 4 4 0.28 4 0.1955000413843353 5.92
true 1.4034907413584818e-5 761 4 1 0.32 3 0.3673031991535092 4.23
true 1.182023283030631e-6 682 4 1 0.32 4 0.3673031991535092 5.23
true 0.006388081473547663 312 4 2 0.32 3 0.3673031991535092 2.08
true 1.0116153358552538e-5 1983 4 2 0.32 4 0.3673031991535092 12.93
true 0.0002861610969142429 687 4 3 0.32 3 0.3673031991535092 3.93
true 2.0016508008979805e-5 1108 4 3 0.32 4 0.3673031991535092 7.82
true 0.03023438166712293 1043 4 4 0.32 3 0.3673031991535092 5.79
true 1.2240002725205645e-5 2018 4 4 0.32 4 0.3673031991535092 13.69
true 2.5731548916718694e-5 1600 4 1 0.36 3 0.5242078864035358 8.1
true 5.587368848702923e-7 447 4 1 0.36 4 0.5242078864035358 3.69
true 8.407706483917754e-5 903 4 2 0.36 3 0.5242078864035358 5.05
true 3.4505734259282494e-5 1152 4 2 0.36 4 0.5242078864035358 8.28
true 7.413732368081553e-5 675 4 3 0.36 3 0.5242078864035358 3.86
true 0.0002696071914876641 2620 4 3 0.36 4 0.5242078864035358 17.54
true 0.00015229976703831638 483 4 4 0.36 3 0.5242078864035358 3.04
true 4.477827168899995e-5 1423 4 4 0.36 4 0.5242078864035358 9.96
true 0.001004148034472796 467 4 1 0.4 3 0.6032626509160969 2.66
true 2.8921627204248068e-8 446 4 1 0.4 4 0.6032626509160969 3.76
true 0.016415500086191304 1155 4 2 0.4 3 0.6032626509160969 6.16
true 1.0966783019428217e-5 677 4 2 0.4 4 0.6032626509160969 5.23
true 0.004231510831869585 478 4 3 0.4 3 0.6032626509160969 3.04
true 5.9913891784391105e-5 824 4 3 0.4 4 0.6032626509160969 6.44
true 9.971134734154674e-5 1260 4 4 0.4 3 0.6032626509160969 7.32
true 0.001624765596446212 844 4 4 0.4 4 0.6032626509160969 6.6
true 0.0013955340995639443 403 4 1 0.44 3 0.6197629413526827 2.65
true 5.216238885275004e-8 525 4 1 0.44 4 0.6197629413526827 4.11
true 0.02030921916569972 640 4 2 0.44 3 0.6197629413526827 3.7
true 6.588631720372273e-6 1495 4 2 0.44 4 0.6197629413526827 10.52
true 5.0050116789546184e-5 970 4 3 0.44 3 0.6197629413526827 5.29
true 1.1692940335613263e-5 1987 4 3 0.44 4 0.6197629413526827 13.52
true 0.00012477949759689966 1620 4 4 0.44 3 0.6197629413526827 8.9
true 8.359703727825463e-6 2612 4 4 0.44 4 0.6197629413526827 17.94
true 0.0014301403998654427 406 4 1 0.48 3 0.6083694839555642 2.47
true 2.7417805642526716e-7 593 4 1 0.48 4 0.6083694839555642 4.37
true 6.419766041379504e-5 315 4 2 0.48 3 0.6083694839555642 2.08
true 4.496151141952787e-6 1701 4 2 0.48 4 0.6083694839555642 11.76
true 4.720174713015076e-5 672 4 3 0.48 3 0.6083694839555642 4.08
true 1.7534367692621327e-6 1065 4 3 0.48 4 0.6083694839555642 7.82
true 0.00013622842012346592 2128 4 4 0.48 3 0.6083694839555642 11.66
true 4.159370768100357e-6 1682 4 4 0.48 4 0.6083694839555642 12.05
true 9.166857146691854e-7 1275 4 1 0.52 3 0.5868107723568018 6.74
true 1.8857713457443026e-7 359 4 1 0.52 4 0.5868107723568018 3.14
true 0.00021522775089249935 1029 4 2 0.52 3 0.5868107723568018 5.62
true 7.839483467747543e-6 697 4 2 0.52 4 0.5868107723568018 5.38
true 4.2526247915027536e-5 1360 4 3 0.52 3 0.5868107723568018 7.59
true 2.7682759861295352e-5 1242 4 3 0.52 4 0.5868107723568018 8.66
true 0.0001609463095195024 553 4 4 0.52 3 0.5868107723568018 3.46
true 0.004010757238646148 1542 4 4 0.52 4 0.5868107723568018 10.8
true 1.8743832089773704e-6 1446 4 1 0.56 3 0.5611752507606665 7.51
true 8.992231309568055e-8 390 4 1 0.56 4 0.5611752507606665 3.36
true 0.02672026365770075 1539 4 2 0.56 3 0.5611752507606665 8.16
true 3.056210985646901e-6 856 4 2 0.56 4 0.5611752507606665 5.98
true 0.003204135272725154 454 4 3 0.56 3 0.5611752507606665 2.81
true 1.2013083827625929e-5 2626 4 3 0.56 4 0.5611752507606665 17.6
true 0.0001674394307538546 1866 4 4 0.56 3 0.5611752507606665 9.89
true 3.26189424264961e-5 1718 4 4 0.56 4 0.5611752507606665 12.0
true 8.766222370226728e-8 820 4 1 0.6 3 0.533549180191324 4.59
true 1.8679341184935083e-7 365 4 1 0.6 4 0.533549180191324 3.15
true 0.003820191227879549 510 4 2 0.6 3 0.533549180191324 2.99
true 3.2458546708746816e-7 1399 4 2 0.6 4 0.533549180191324 9.39
true 0.003757131934176372 506 4 3 0.6 3 0.533549180191324 2.95
true 0.0024551966449752696 1270 4 3 0.6 4 0.533549180191324 8.83
true 0.00012611304624787767 415 4 4 0.6 3 0.533549180191324 2.63
true 0.0047315955946892335 2363 4 4 0.6 4 0.533549180191324 15.97
true 9.509581499367314e-6 1252 4 1 0.64 3 0.5049645940759805 6.75
true 4.298570699390325e-8 564 4 1 0.64 4 0.5049645940759805 4.63
true 0.02918722141505045 1355 4 2 0.64 3 0.5049645940759805 7.34
true 2.1932846304251186e-5 971 4 2 0.64 4 0.5049645940759805 6.92
true 4.3288522583617706e-5 1511 4 3 0.64 3 0.5049645940759805 8.13
true 3.567794506411278e-5 2012 4 3 0.64 4 0.5049645940759805 13.41
true 0.00030102648461929893 1522 4 4 0.64 3 0.5049645940759805 8.2
true 0.00443177713547821 1750 4 4 0.64 4 0.5049645940759805 12.38
true 9.066915857003366e-7 1140 4 1 0.68 3 0.4761670391572981 6.08
true 9.540461869406158e-7 557 4 1 0.68 4 0.4761670391572981 4.53
true 0.03268529481874488 782 4 2 0.68 3 0.4761670391572981 4.12
true 5.137000993915564e-6 959 4 2 0.68 4 0.4761670391572981 6.88
true 0.00028579972487441374 1225 4 3 0.68 3 0.4761670391572981 6.61
true 1.3681589699314026e-5 2229 4 3 0.68 4 0.4761670391572981 15.29
true 0.00031014025005891843 595 4 4 0.68 3 0.4761670391572981 3.43
true 0.00011046132011685583 1193 4 4 0.68 4 0.4761670391572981 8.9
true 1.4942660325756307e-7 789 4 1 0.72 3 0.4477581467864862 4.22
true 1.6239940451301393e-6 764 4 1 0.72 4 0.4477581467864862 5.6
true 0.03200583857766162 928 4 2 0.72 3 0.4477581467864862 5.06
true 1.6523471012275248e-6 807 4 2 0.72 4 0.4477581467864862 5.96
true 0.0002256613659223546 839 4 3 0.72 3 0.4477581467864862 4.78
true 2.654943537398295e-5 5123 4 3 0.72 4 0.4477581467864862 33.4
true 0.00027961488574608506 1239 4 4 0.72 3 0.4477581467864862 6.86
true 3.633711377878934e-5 2544 4 4 0.72 4 0.4477581467864862 17.27
true 4.563045504946128e-6 591 4 1 0.76 3 0.4202082855607151 3.31
true 6.895008181073692e-8 419 4 1 0.76 4 0.4202082855607151 3.57
true 2.4778558289917374e-5 837 4 2 0.76 3 0.4202082855607151 4.56
true 1.0954979243193996e-6 885 4 2 0.76 4 0.4202082855607151 6.35
true 0.0002293091496635332 483 4 3 0.76 3 0.4202082855607151 2.93
true 0.00036398508679900504 1685 4 3 0.76 4 0.4202082855607151 11.64
true 5.023660254353801e-5 505 4 4 0.76 3 0.4202082855607151 3.0
true 2.679080131307021e-5 2150 4 4 0.76 4 0.4202082855607151 14.21
true 4.913413097829e-6 1106 4 1 0.8 3 0.3938585502319869 5.81
true 4.591580193835654e-8 369 4 1 0.8 4 0.3938585502319869 3.28
true 2.9128227893443492e-5 703 4 2 0.8 3 0.3938585502319869 3.78
true 3.137447743245536e-6 969 4 2 0.8 4 0.3938585502319869 6.72
true 0.0002558831138306979 999 4 3 0.8 3 0.3938585502319869 5.49
true 0.0017114807229707263 879 4 3 0.8 4 0.3938585502319869 6.35
true 0.0032190781570684834 1368 4 4 0.8 3 0.3938585502319869 7.58
true 0.00025700887302668174 1816 4 4 0.8 4 0.3938585502319869 12.65
true 7.420723593942746e-7 877 4 1 0.84 3 0.36893192506274924 4.68
true 1.5165122271842968e-6 377 4 1 0.84 4 0.36893192506274924 3.43
true 0.00029733928260361475 1007 4 2 0.84 3 0.36893192506274924 5.74
true 0.0001887812457036786 1250 4 2 0.84 4 0.36893192506274924 8.54
true 0.0002486748156899828 598 4 3 0.84 3 0.36893192506274924 3.37
true 0.00019719255507224162 911 4 3 0.84 4 0.36893192506274924 6.77
true 0.00025018619835555367 2683 4 4 0.84 3 0.36893192506274924 14.5
true 0.0011976623460252106 1398 4 4 0.84 4 0.36893192506274924 9.83
true 1.757417691317098e-6 893 4 1 0.88 3 0.34555187407953597 4.83
true 8.819626018397031e-8 428 4 1 0.88 4 0.34555187407953597 3.48
true 0.00020026962379657287 1836 4 2 0.88 3 0.34555187407953597 9.56
true 1.3608883699667285e-5 1037 4 2 0.88 4 0.34555187407953597 7.37
true 0.00016843059140999225 542 4 3 0.88 3 0.34555187407953597 3.14
true 0.00018693444218810992 1920 4 3 0.88 4 0.34555187407953597 12.86
true 2.579614802580843e-5 1589 4 4 0.88 3 0.34555187407953597 8.43
true 5.913522190817422e-5 1334 4 4 0.88 4 0.34555187407953597 9.87
true 0.0008092147950269912 768 4 1 0.92 3 0.32376370904828605 4.39
true 7.050069891212374e-7 560 4 1 0.92 4 0.32376370904828605 4.25
true 1.966381481818824e-5 941 4 2 0.92 3 0.32376370904828605 5.25
true 1.1423093641271809e-5 2275 4 2 0.92 4 0.32376370904828605 15.51
true 0.0003423312332270223 871 4 3 0.92 3 0.32376370904828605 4.8
true 0.0006513475277530878 1611 4 3 0.92 4 0.32376370904828605 11.17
true 2.1098718722592502e-5 1013 4 4 0.92 3 0.32376370904828605 5.57
true 3.2860683213079e-5 1758 4 4 0.92 4 0.32376370904828605 12.36
true 3.192732494267103e-5 463 4 1 0.96 3 0.30355517414078803 2.64
true 2.1939299108542087e-6 826 4 1 0.96 4 0.30355517414078803 6.43
true 8.811203655159638e-5 1879 4 2 0.96 3 0.30355517414078803 10.03
true 0.00030566469296464116 2339 4 2 0.96 4 0.30355517414078803 16.1
true 0.0020582707075678663 536 4 3 0.96 3 0.30355517414078803 3.2
true 0.0009882270195944454 2146 4 3 0.96 4 0.30355517414078803 14.75
true 3.7021589946381606e-5 1538 4 4 0.96 3 0.30355517414078803 8.4
true 5.874573059144739e-6 1686 4 4 0.96 4 0.30355517414078803 12.22
true 0.001985292459388721 738 4 1 1.0 3 0.28487427258540376 4.04
true 2.5106580447964433e-7 501 4 1 1.0 4 0.28487427258540376 3.89
true 8.621479219736439e-5 448 4 2 1.0 3 0.28487427258540376 2.64
true 4.687565287872508e-5 1333 4 2 1.0 4 0.28487427258540376 9.22
true 0.00025108633028477395 2505 4 3 1.0 3 0.28487427258540376 13.24
true 0.00034713189110531967 1719 4 3 1.0 4 0.28487427258540376 11.33
true 0.0001972344176366797 1237 4 4 1.0 3 0.28487427258540376 6.87
true 0.0006876105152920781 1347 4 4 1.0 4 0.28487427258540376 9.64