changes = Time vs nsites = 4 vs nqubits0 vs h vs nlayers

g_converged min_loss iter nsites nqubits0 h nlayers SvN time
true 6.523740714303727e-8 52 4 1 0.0 1 0.0 5.28
true 4.866559819016736e-7 159 4 1 0.0 2 0.0 0.61
true 3.0435377829096666e-8 237 4 1 0.0 3 0.0 1.28
true 2.4880803406457375e-7 348 4 1 0.0 4 0.0 2.44
true 2.5716047574730894e-7 80 4 2 0.0 1 0.0 0.17
true 1.4688146907082533e-7 162 4 2 0.0 2 0.0 0.59
true 5.05576311865541e-6 585 4 2 0.0 3 0.0 2.43
true 4.2304748110177925e-7 548 4 2 0.0 4 0.0 3.33
true 8.443865516053843e-8 161 4 3 0.0 1 0.0 0.28
true 4.094270594778848e-8 277 4 3 0.0 2 0.0 0.88
true 1.1632218965829111e-8 581 4 3 0.0 3 0.0 2.64
true 9.521193258810179e-7 373 4 3 0.0 4 0.0 2.43
true 4.919962069693806e-8 87 4 4 0.0 1 0.0 0.16
true 6.138058861598905e-7 617 4 4 0.0 2 0.0 1.97
true 1.278002780630283e-6 457 4 4 0.0 3 0.0 2.22
true 1.5329242610023774e-5 719 4 4 0.0 4 0.0 4.48
true 3.1022940216729467e-7 53 4 1 0.02 1 1.5519341457791147e-8 0.12
true 1.0610444978187417e-7 130 4 1 0.02 2 1.5519341457791147e-8 0.45
true 1.1232988827991619e-7 264 4 1 0.02 3 1.5519341457791147e-8 1.33
true 2.156873296688122e-6 361 4 1 0.02 4 1.5519341457791147e-8 2.31
true 5.107357770595122e-7 70 4 2 0.02 1 1.5519341457791147e-8 0.13
true 1.8785194352832768e-7 180 4 2 0.02 2 1.5519341457791147e-8 0.56
true 8.006248526926107e-7 374 4 2 0.02 3 1.5519341457791147e-8 1.78
true 5.07746859132463e-5 475 4 2 0.02 4 1.5519341457791147e-8 3.01
true 0.33333363678835526 62 4 3 0.02 1 1.5519341457791147e-8 0.12
true 2.715961798238631e-7 177 4 3 0.02 2 1.5519341457791147e-8 0.65
true 3.1830255797782314e-6 629 4 3 0.02 3 1.5519341457791147e-8 2.77
true 8.427889264879992e-6 977 4 3 0.02 4 1.5519341457791147e-8 5.49
true 2.612702344889639e-7 239 4 4 0.02 1 1.5519341457791147e-8 0.43
true 0.00010637411360936433 180 4 4 0.02 2 1.5519341457791147e-8 0.63
true 6.348169682701688e-7 465 4 4 0.02 3 1.5519341457791147e-8 2.13
true 9.465648930367943e-7 841 4 4 0.02 4 1.5519341457791147e-8 4.91
true 2.7735186641786314e-7 105 4 1 0.04 1 5.221054521751489e-7 0.25
true 4.47948096338191e-7 153 4 1 0.04 2 5.221054521751489e-7 0.5
true 1.676611726120214e-7 281 4 1 0.04 3 5.221054521751489e-7 1.39
true 1.285243713677886e-7 339 4 1 0.04 4 5.221054521751489e-7 2.49
true 3.3679897193383823e-7 73 4 2 0.04 1 5.221054521751489e-7 0.14
true 4.5483091512532603e-7 196 4 2 0.04 2 5.221054521751489e-7 0.7
true 5.990407263872788e-6 678 4 2 0.04 3 5.221054521751489e-7 2.82
true 1.0392459166563839e-6 411 4 2 0.04 4 5.221054521751489e-7 2.74
true 0.3333334162635467 58 4 3 0.04 1 5.221054521751489e-7 0.12
true 4.900562540951133e-8 327 4 3 0.04 2 5.221054521751489e-7 1.02
true 5.421815164663446e-6 500 4 3 0.04 3 5.221054521751489e-7 2.27
true 4.442472270974977e-6 797 4 3 0.04 4 5.221054521751489e-7 4.62
true 0.2500003655726559 75 4 4 0.04 1 5.221054521751489e-7 0.14
true 3.7739881007803344e-7 252 4 4 0.04 2 5.221054521751489e-7 0.85
true 5.441512180154318e-6 601 4 4 0.04 3 5.221054521751489e-7 2.67
true 2.1409578682823893e-6 969 4 4 0.04 4 5.221054521751489e-7 5.45
true 1.9977953841232576e-7 74 4 1 0.06 1 3.2712639605332464e-5 0.2
true 2.328043668897717e-6 159 4 1 0.06 2 3.2712639605332464e-5 0.55
true 9.706792106767281e-7 217 4 1 0.06 3 3.2712639605332464e-5 1.16
true 5.321602352559296e-6 485 4 1 0.06 4 3.2712639605332464e-5 2.91
true 1.815691665546515e-6 72 4 2 0.06 1 3.2712639605332464e-5 0.14
true 3.2462717574621713e-6 197 4 2 0.06 2 3.2712639605332464e-5 0.65
true 2.1698891477794913e-6 360 4 2 0.06 3 3.2712639605332464e-5 1.71
true 1.2092435985044947e-6 368 4 2 0.06 4 3.2712639605332464e-5 2.53
true 2.335149565509583e-6 57 4 3 0.06 1 3.2712639605332464e-5 0.12
true 5.205152303809172e-5 179 4 3 0.06 2 3.2712639605332464e-5 0.63
true 1.5799722672589962e-6 526 4 3 0.06 3 3.2712639605332464e-5 2.47
true 4.29922399297622e-6 941 4 3 0.06 4 3.2712639605332464e-5 5.28
true 2.3094043700155886e-6 101 4 4 0.06 1 3.2712639605332464e-5 0.2
true 0.00018086391992661044 180 4 4 0.06 2 3.2712639605332464e-5 0.68
true 8.725814262548759e-5 400 4 4 0.06 3 3.2712639605332464e-5 1.94
true 1.5758317368150254e-5 877 4 4 0.06 4 3.2712639605332464e-5 4.84
true 5.371772077156223e-7 55 4 1 0.08 1 0.00031555771092967207 0.12
true 2.724253640284946e-5 211 4 1 0.08 2 0.00031555771092967207 0.7
true 2.575945470761898e-6 355 4 1 0.08 3 0.00031555771092967207 1.65
true 1.0268408970171006e-5 395 4 1 0.08 4 0.00031555771092967207 2.52
true 1.558331287068726e-5 75 4 2 0.08 1 0.00031555771092967207 0.19
true 1.2935069566566426e-5 234 4 2 0.08 2 0.00031555771092967207 0.78
true 1.5428569824116334e-5 544 4 2 0.08 3 0.00031555771092967207 2.45
true 2.005236163143964e-6 664 4 2 0.08 4 0.00031555771092967207 3.9
true 2.0167668228895003e-5 72 4 3 0.08 1 0.00031555771092967207 0.14
true 1.906809879026472e-5 247 4 3 0.08 2 0.00031555771092967207 0.84
true 2.10992409490444e-5 291 4 3 0.08 3 0.00031555771092967207 1.56
true 1.4265930204741355e-6 573 4 3 0.08 4 0.00031555771092967207 3.61
true 1.5473340016475268e-5 75 4 4 0.08 1 0.00031555771092967207 0.17
true 2.192846057416653e-6 234 4 4 0.08 2 0.00031555771092967207 0.76
true 9.1540083363012e-6 409 4 4 0.08 3 0.00031555771092967207 1.96
true 2.328336204143744e-5 842 4 4 0.08 4 0.00031555771092967207 4.76
true 4.034089669757712e-6 64 4 1 0.1 1 0.0012584685665444728 0.16
true 7.4684089761967165e-6 158 4 1 0.1 2 0.0012584685665444728 0.5
true 3.610773681261836e-5 257 4 1 0.1 3 0.0012584685665444728 1.34
true 8.749312186029368e-6 427 4 1 0.1 4 0.0012584685665444728 3.04
true 6.724506701530353e-5 62 4 2 0.1 1 0.0012584685665444728 0.12
true 6.396341519024351e-5 290 4 2 0.1 2 0.0012584685665444728 0.91
true 6.913897456101159e-5 636 4 2 0.1 3 0.0012584685665444728 2.78
true 3.616220472157927e-5 695 4 2 0.1 4 0.0012584685665444728 3.95
true 0.33333428731061415 67 4 3 0.1 1 0.0012584685665444728 0.13
true 0.0001133735763362842 246 4 3 0.1 2 0.0012584685665444728 0.85
true 8.358673399133654e-5 291 4 3 0.1 3 0.0012584685665444728 1.52
true 4.173480187374956e-5 657 4 3 0.1 4 0.0012584685665444728 4.26
true 6.723681547575466e-5 101 4 4 0.1 1 0.0012584685665444728 0.2
true 6.814938749281907e-5 288 4 4 0.1 2 0.0012584685665444728 1.02
true 7.1625568387787e-5 475 4 4 0.1 3 0.0012584685665444728 2.46
true 2.7240935285444134e-5 538 4 4 0.1 4 0.0012584685665444728 3.55
true 8.474389474266708e-6 54 4 1 0.12 1 0.002857451366537061 0.12
true 0.000282109556549337 133 4 1 0.12 2 0.002857451366537061 0.53
true 7.808745174420206e-5 322 4 1 0.12 3 0.002857451366537061 1.5
true 6.353209093667989e-5 344 4 1 0.12 4 0.002857451366537061 2.87
true 0.00016444394610240498 67 4 2 0.12 1 0.002857451366537061 0.12
true 0.00031957609397728626 205 4 2 0.12 2 0.002857451366537061 0.72
true 0.00015891878145496419 472 4 2 0.12 3 0.002857451366537061 2.32
true 3.661091960593943e-6 392 4 2 0.12 4 0.002857451366537061 2.63
true 0.00021760526849373685 74 4 3 0.12 1 0.002857451366537061 0.15
true 0.00011127416997739707 185 4 3 0.12 2 0.002857451366537061 0.66
true 0.00010476561749304485 395 4 3 0.12 3 0.002857451366537061 1.93
true 5.957481530201777e-5 406 4 3 0.12 4 0.002857451366537061 2.76
true 0.00016650975858624462 160 4 4 0.12 1 0.002857451366537061 0.32
true 0.00023076101742312838 236 4 4 0.12 2 0.002857451366537061 0.9
true 0.00017372991733473342 479 4 4 0.12 3 0.002857451366537061 2.19
true 0.00013483545781510509 595 4 4 0.12 4 0.002857451366537061 3.95
true 2.2056962799943403e-5 51 4 1 0.14 1 0.005207607228596099 0.11
true 0.000600000772234266 165 4 1 0.14 2 0.005207607228596099 0.57
true 6.90056796673888e-5 317 4 1 0.14 3 0.005207607228596099 1.53
true 2.5796190270543917e-6 421 4 1 0.14 4 0.005207607228596099 2.94
true 0.0003226967008899406 67 4 2 0.14 1 0.005207607228596099 0.12
true 0.00030531644287221105 177 4 2 0.14 2 0.005207607228596099 0.64
true 0.0003045581045665602 238 4 2 0.14 3 0.005207607228596099 1.32
true 0.00024465837698578463 487 4 2 0.14 4 0.005207607228596099 3.38
true 0.00042416076421453175 80 4 3 0.14 1 0.005207607228596099 0.16
true 0.00048324402105080305 151 4 3 0.14 2 0.005207607228596099 0.53
true 0.00022311894159167864 576 4 3 0.14 3 0.005207607228596099 2.62
true 0.00021505565439627894 466 4 3 0.14 4 0.005207607228596099 3.28
true 0.0003275408811077435 118 4 4 0.14 1 0.005207607228596099 0.22
true 0.00037786551913469857 229 4 4 0.14 2 0.005207607228596099 0.85
true 0.00028350996814961726 509 4 4 0.14 3 0.005207607228596099 2.41
true 0.00014319218756975172 914 4 4 0.14 4 0.005207607228596099 5.15
true 5.349789930680915e-5 56 4 1 0.16 1 0.009312166724123666 0.13
true 3.5782113411431116e-5 301 4 1 0.16 2 0.009312166724123666 0.93
true 3.514404986099118e-5 223 4 1 0.16 3 0.009312166724123666 1.15
true 3.961780194894349e-5 619 4 1 0.16 4 0.009312166724123666 3.69
true 0.0006240639734217679 82 4 2 0.16 1 0.009312166724123666 0.14
true 9.025893936820406e-5 322 4 2 0.16 2 0.009312166724123666 1.08
true 0.0009873483584183218 324 4 2 0.16 3 0.009312166724123666 1.6
true 6.94275587442561e-5 610 4 2 0.16 4 0.009312166724123666 3.59
true 0.0008176650107266278 81 4 3 0.16 1 0.009312166724123666 0.15
true 0.0008015717078529069 425 4 3 0.16 2 0.009312166724123666 1.36
true 2.4339697430301548e-5 937 4 3 0.16 3 0.009312166724123666 4.03
true 0.0007532384151570278 596 4 3 0.16 4 0.009312166724123666 3.56
true 0.000636425567978452 126 4 4 0.16 1 0.009312166724123666 0.3
true 0.000877999445962091 244 4 4 0.16 2 0.009312166724123666 0.83
true 2.490244695020627e-5 599 4 4 0.16 3 0.009312166724123666 2.75
true 0.0007570593874617615 881 4 4 0.16 4 0.009312166724123666 4.96
true 0.0001266388589382661 91 4 1 0.18 1 0.01647603291411175 0.22
true 6.13243294527166e-5 322 4 1 0.18 2 0.01647603291411175 1.05
true 0.000375502700209418 261 4 1 0.18 3 0.01647603291411175 1.44
true 4.41377923162678e-5 952 4 1 0.18 4 0.01647603291411175 5.36
true 0.0012003171552137093 60 4 2 0.18 1 0.01647603291411175 0.11
true 0.00013539150558861124 383 4 2 0.18 2 0.01647603291411175 1.21
true 0.000697019046999453 386 4 2 0.18 3 0.01647603291411175 1.69
true 7.317114402299874e-5 1788 4 2 0.18 4 0.01647603291411175 9.53
true 0.00156823665689045 76 4 3 0.18 1 0.01647603291411175 0.15
true 0.002282434298669015 160 4 3 0.18 2 0.01647603291411175 0.62
true 3.326531192526794e-5 833 4 3 0.18 3 0.01647603291411175 3.57
true 6.080599185387392e-6 2204 4 3 0.18 4 0.01647603291411175 11.72
true 0.2500798391393885 107 4 4 0.18 1 0.01647603291411175 0.2
true 0.0002948633123301958 217 4 4 0.18 2 0.01647603291411175 0.73
true 0.0014305768073069186 338 4 4 0.18 3 0.01647603291411175 1.72
true 0.00038220792958980343 2071 4 4 0.18 4 0.01647603291411175 10.97
true 0.0002920669606424342 66 4 1 0.2 1 0.028809882776728333 0.14
true 0.004436449134255727 125 4 1 0.2 2 0.028809882776728333 0.43
true 7.000025061715265e-5 988 4 1 0.2 3 0.028809882776728333 3.99
true 2.0728939749248276e-5 724 4 1 0.2 4 0.028809882776728333 4.26
true 0.0023005945291094954 62 4 2 0.2 1 0.028809882776728333 0.15
true 4.8704406291982805e-5 254 4 2 0.2 2 0.028809882776728333 0.84
true 0.000250378754841879 1285 4 2 0.2 3 0.028809882776728333 5.25
true 1.9601413190240002e-5 848 4 2 0.2 4 0.028809882776728333 4.8
true 0.0029968828922133004 61 4 3 0.2 1 0.028809882776728333 0.17
true 0.003013683907512018 268 4 3 0.2 2 0.028809882776728333 0.82
true 2.945250905421008e-5 988 4 3 0.2 3 0.028809882776728333 4.32
true 1.2339714990224534e-5 1354 4 3 0.2 4 0.028809882776728333 7.17
true 0.252224011407853 64 4 4 0.2 1 0.028809882776728333 0.14
true 0.25111171631263823 155 4 4 0.2 2 0.028809882776728333 0.6
true 4.4818026694537494e-5 1157 4 4 0.2 3 0.028809882776728333 4.9
true 9.665680321790937e-6 1664 4 4 0.2 4 0.028809882776728333 9.17
true 0.0006467080123688795 54 4 1 0.22 1 0.04938099268332533 0.12
true 0.0001007875699301497 776 4 1 0.22 2 0.04938099268332533 2.3
true 0.00012827238779988814 511 4 1 0.22 3 0.04938099268332533 2.25
true 3.3308461090952868e-6 661 4 1 0.22 4 0.04938099268332533 3.75
true 0.004366033658914109 74 4 2 0.22 1 0.04938099268332533 0.15
true 0.004534133967735804 207 4 2 0.22 2 0.04938099268332533 0.72
true 0.0003895928900948531 271 4 2 0.22 3 0.04938099268332533 1.37
true 8.101103997387726e-5 1627 4 2 0.22 4 0.04938099268332533 8.72
true 0.3334818183037574 64 4 3 0.22 1 0.04938099268332533 0.14
true 0.00018102443323597672 456 4 3 0.22 2 0.04938099268332533 1.46
true 3.9632621593825114e-5 1207 4 3 0.22 3 0.04938099268332533 5.19
true 0.00509684250075317 692 4 3 0.22 4 0.04938099268332533 4.06
true 0.004527001133581676 94 4 4 0.22 1 0.04938099268332533 0.19
true 0.00017812841023664983 734 4 4 0.22 2 0.04938099268332533 2.31
true 0.004360614337273111 1503 4 4 0.22 3 0.04938099268332533 6.4
true 1.2115363750980768e-5 885 4 4 0.22 4 0.04938099268332533 5.19
true 0.0013663813870037345 62 4 1 0.24 1 0.08188079160576314 0.14
true 0.00021247684134162448 588 4 1 0.24 2 0.08188079160576314 1.77
true 0.00112113457723223 339 4 1 0.24 3 0.08188079160576314 1.55
true 1.9043051582900983e-5 509 4 1 0.24 4 0.08188079160576314 3.14
true 0.008093623451488147 58 4 2 0.24 1 0.08188079160576314 0.11
true 0.008503993205794536 195 4 2 0.24 2 0.08188079160576314 0.63
true 0.000757654707769867 409 4 2 0.24 3 0.08188079160576314 1.99
true 0.0002412510285727809 832 4 2 0.24 4 0.08188079160576314 4.46
true 0.010476926096857927 63 4 3 0.24 1 0.08188079160576314 0.14
true 0.010679977919102893 321 4 3 0.24 2 0.08188079160576314 1.06
true 0.005292543911874337 288 4 3 0.24 3 0.08188079160576314 1.48
true 1.730945222905289e-5 1365 4 3 0.24 4 0.08188079160576314 7.29
true 0.008437886960621171 156 4 4 0.24 1 0.08188079160576314 0.29
true 0.0003209444970157377 571 4 4 0.24 2 0.08188079160576314 1.86
true 0.004336333397173028 635 4 4 0.24 3 0.08188079160576314 2.83
true 8.840719774824701e-5 1241 4 4 0.24 4 0.08188079160576314 6.73
true 0.0027432787539048986 50 4 1 0.26 1 0.1297967786166197 0.11
true 0.0029012258327382745 145 4 1 0.26 2 0.1297967786166197 0.48
true 0.00010570903920353869 511 4 1 0.26 3 0.1297967786166197 2.33
true 8.706131984448362e-6 674 4 1 0.26 4 0.1297967786166197 3.94
true 0.01446473880458371 119 4 2 0.26 1 0.1297967786166197 0.3
true 0.014947283880227064 494 4 2 0.26 2 0.1297967786166197 1.5
true 0.0003672067592638273 649 4 2 0.26 3 0.1297967786166197 2.82
true 1.4170679053349122e-5 1029 4 2 0.26 4 0.1297967786166197 5.74
true 0.33393294596146245 60 4 3 0.26 1 0.1297967786166197 0.14
true 0.018704276592812003 396 4 3 0.26 2 0.1297967786166197 1.26
true 0.00011946279711363046 760 4 3 0.26 3 0.1297967786166197 3.3
true 8.152289856994122e-5 2062 4 3 0.26 4 0.1297967786166197 10.94
true 0.015172416785839013 102 4 4 0.26 1 0.1297967786166197 0.24
true 0.0005498233607789949 712 4 4 0.26 2 0.1297967786166197 2.23
true 5.8575202172631013e-5 725 4 4 0.26 3 0.1297967786166197 3.15
true 4.293088284923474e-6 1492 4 4 0.26 4 0.1297967786166197 8.07
true 0.005214522881687167 48 4 1 0.28 1 0.1955000413843353 0.11
true 0.0008111105775531202 245 4 1 0.28 2 0.1955000413843353 0.81
true 0.00012339299781038982 841 4 1 0.28 3 0.1955000413843353 3.41
true 4.958004694799456e-6 1473 4 1 0.28 4 0.1955000413843353 7.71
true 0.024765528034523532 60 4 2 0.28 1 0.1955000413843353 0.12
true 0.025678010953338715 318 4 2 0.28 2 0.1955000413843353 0.98
true 0.0020761478661344146 1324 4 2 0.28 3 0.1955000413843353 5.45
true 1.961928086879894e-6 1630 4 2 0.28 4 0.1955000413843353 8.45
true 0.03180597880614816 121 4 3 0.28 1 0.1955000413843353 0.25
true 0.0008753562926727132 307 4 3 0.28 2 0.1955000413843353 1.02
true 8.473105946293913e-5 525 4 3 0.28 3 0.1955000413843353 2.39
true 1.1664289795043636e-5 1531 4 3 0.28 4 0.1955000413843353 8.14
true 0.02614212100281424 75 4 4 0.28 1 0.1955000413843353 0.16
true 0.0008986139003404336 413 4 4 0.28 2 0.1955000413843353 1.32
true 0.012841656878352925 581 4 4 0.28 3 0.1955000413843353 2.64
true 0.000468254718584013 2921 4 4 0.28 4 0.1955000413843353 15.63
true 0.009288740425213993 48 4 1 0.3 1 0.27725966462546564 0.11
true 0.0014180016591893718 167 4 1 0.3 2 0.27725966462546564 0.54
true 0.0005582948677568256 948 4 1 0.3 3 0.27725966462546564 3.7
true 1.4330857446065437e-5 769 4 1 0.3 4 0.27725966462546564 4.62
true 0.04017605183379949 89 4 2 0.3 1 0.27725966462546564 0.17
true 0.0007892445876215293 242 4 2 0.3 2 0.27725966462546564 0.82
true 0.00011376692985320958 1045 4 2 0.3 3 0.27725966462546564 4.33
true 2.0239274224620463e-6 1260 4 2 0.3 4 0.27725966462546564 7.02
true 0.05134832754193178 60 4 3 0.3 1 0.27725966462546564 0.13
true 0.001373135213687704 205 4 3 0.3 2 0.27725966462546564 0.67
true 0.026359944351790305 921 4 3 0.3 3 0.27725966462546564 3.93
true 0.0012915860587587868 2617 4 3 0.3 4 0.27725966462546564 13.18
true 0.2562404679993032 83 4 4 0.3 1 0.27725966462546564 0.16
true 0.03961681923686387 357 4 4 0.3 2 0.27725966462546564 1.16
true 0.020024304334141263 1357 4 4 0.3 3 0.27725966462546564 5.82
true 0.00010398789949825349 806 4 4 0.3 4 0.27725966462546564 4.43
true 0.015317432370408834 60 4 1 0.32 1 0.3673031991535092 0.14
true 0.00227704203144391 268 4 1 0.32 2 0.3673031991535092 0.77
true 0.0005814251011614369 1698 4 1 0.32 3 0.3673031991535092 6.68
true 3.511689304902532e-7 418 4 1 0.32 4 0.3673031991535092 2.74
true 0.06102539721665687 101 4 2 0.32 1 0.3673031991535092 0.18
true 0.06310390057715956 558 4 2 0.32 2 0.3673031991535092 1.72
true 0.005628835269422899 828 4 2 0.32 3 0.3673031991535092 3.39
true 4.4526079803708374e-5 663 4 2 0.32 4 0.3673031991535092 4.09
true 0.07755934446702271 85 4 3 0.32 1 0.3673031991535092 0.17
true 0.00200059118800483 270 4 3 0.32 2 0.3673031991535092 0.85
true 0.040135458366149734 820 4 3 0.32 3 0.3673031991535092 3.54
true 3.4912761946744496e-5 1191 4 3 0.32 4 0.3673031991535092 6.75
true 0.06529180103191363 97 4 4 0.32 1 0.3673031991535092 0.29
true 0.001860667733982288 394 4 4 0.32 2 0.3673031991535092 1.31
true 9.56070738556275e-5 599 4 4 0.32 3 0.3673031991535092 2.87
true 2.6481900267938396e-6 490 4 4 0.32 4 0.3673031991535092 3.39
true 0.023208048069607856 49 4 1 0.34 1 0.4534331841925793 0.15
true 0.0033200451573454637 365 4 1 0.34 2 0.4534331841925793 1.2
true 6.38029336751944e-5 317 4 1 0.34 3 0.4534331841925793 1.56
true 3.3786064634888646e-7 553 4 1 0.34 4 0.4534331841925793 4.02
true 0.08611033479929306 59 4 2 0.34 1 0.4534331841925793 0.11
true 0.08819276372027068 206 4 2 0.34 2 0.4534331841925793 0.74
true 0.009530617746000891 970 4 2 0.34 3 0.4534331841925793 4.02
true 1.562175393204912e-5 1191 4 2 0.34 4 0.4534331841925793 6.43
true 0.10873111375583021 59 4 3 0.34 1 0.4534331841925793 0.13
true 0.10666516552775933 299 4 3 0.34 2 0.4534331841925793 0.97
true 0.05592378114500254 893 4 3 0.34 3 0.4534331841925793 3.82
true 3.710890600607438e-5 836 4 3 0.34 4 0.4534331841925793 4.8
true 0.415281167602065 59 4 4 0.34 1 0.4534331841925793 0.18
true 0.002350902003926042 558 4 4 0.34 2 0.4534331841925793 1.8
true 9.485238569828525e-5 1341 4 4 0.34 3 0.4534331841925793 6.11
true 1.8776578055851312e-6 916 4 4 0.34 4 0.4534331841925793 5.22
true 0.03233985973279807 59 4 1 0.36 1 0.5242078864035358 0.13
true 0.004407362675205084 278 4 1 0.36 2 0.5242078864035358 0.92
true 1.076011379774755e-6 961 4 1 0.36 3 0.5242078864035358 4.13
true 1.0347216602979437e-6 436 4 1 0.36 4 0.5242078864035358 2.81
true 0.11275105089129353 70 4 2 0.36 1 0.5242078864035358 0.13
true 0.11325625028717151 354 4 2 0.36 2 0.5242078864035358 1.04
true 0.0026160847901388895 469 4 2 0.36 3 0.5242078864035358 2.29
true 1.101088752492041e-5 1346 4 2 0.36 4 0.5242078864035358 7.18
true 0.1413038566560411 71 4 3 0.36 1 0.5242078864035358 0.18
true 0.0033450320990485727 199 4 3 0.36 2 0.5242078864035358 0.68
true 0.0017641792498864033 875 4 3 0.36 3 0.5242078864035358 3.8
true 8.72675387079506e-6 2557 4 3 0.36 4 0.5242078864035358 13.22
true 0.12260560336202805 149 4 4 0.36 1 0.5242078864035358 0.29
true 0.002773852301786728 393 4 4 0.36 2 0.5242078864035358 1.24
true 6.1129230275625e-5 2413 4 4 0.36 3 0.5242078864035358 10.52
true 3.441300628641286e-5 981 4 4 0.36 4 0.5242078864035358 5.48
true 0.04185354346516401 57 4 1 0.38 1 0.5738898971784198 0.13
true 0.005396626272128946 211 4 1 0.38 2 0.5738898971784198 0.75
true 6.080548667219965e-5 823 4 1 0.38 3 0.5738898971784198 3.35
true 1.0438477221486053e-6 471 4 1 0.38 4 0.5738898971784198 3.1
true 0.13781304956965362 62 4 2 0.38 1 0.5738898971784198 0.12
true 0.002754190687094704 230 4 2 0.38 2 0.5738898971784198 0.75
true 6.834987862172626e-5 400 4 2 0.38 3 0.5738898971784198 1.9
true 1.792750306170432e-5 972 4 2 0.38 4 0.5738898971784198 5.4
true 0.33897031111931747 60 4 3 0.38 1 0.5738898971784198 0.14
true 0.003906185341933377 576 4 3 0.38 2 0.5738898971784198 1.81
true 5.709162431988268e-5 1732 4 3 0.38 3 0.5738898971784198 7.3
true 0.00016825788236884964 1522 4 3 0.38 4 0.5738898971784198 8.4
true 0.27701919457523194 87 4 4 0.38 1 0.5738898971784198 0.18
true 0.003115710816186154 333 4 4 0.38 2 0.5738898971784198 1.09
true 0.00013512537374647804 1504 4 4 0.38 3 0.5738898971784198 6.18
true 0.001988526708129268 750 4 4 0.38 4 0.5738898971784198 4.29
true 0.051074613923961176 49 4 1 0.4 1 0.6032626509160969 0.11
true 0.0062051257720375785 206 4 1 0.4 2 0.6032626509160969 0.7
true 1.4112419216560923e-5 320 4 1 0.4 3 0.6032626509160969 1.5
true 6.4440365599161e-8 454 4 1 0.4 4 0.6032626509160969 2.91
true 0.15897091176647862 68 4 2 0.4 1 0.6032626509160969 0.13
true 0.003150042158122618 208 4 2 0.4 2 0.6032626509160969 0.71
true 0.01620335391923311 1226 4 2 0.4 3 0.6032626509160969 5.02
true 1.5326081063138375e-6 1379 4 2 0.4 4 0.6032626509160969 7.06
true 0.33854169364173897 73 4 3 0.4 1 0.6032626509160969 0.14
true 0.0043527594885061265 290 4 3 0.4 2 0.6032626509160969 0.98
true 0.0001212666908376366 1039 4 3 0.4 3 0.6032626509160969 4.28
true 0.0002952597219597064 1584 4 3 0.4 4 0.6032626509160969 8.4
true 0.176053808936517 88 4 4 0.4 1 0.6032626509160969 0.17
true 0.0033840273464675052 255 4 4 0.4 2 0.6032626509160969 0.88
true 0.0001283676826298319 2308 4 4 0.4 3 0.6032626509160969 9.37
true 0.00048219048596422065 3106 4 4 0.4 4 0.6032626509160969 15.69
true 0.059718548846643627 52 4 1 0.42 1 0.6168497726156195 0.12
true 0.006818268985083087 214 4 1 0.42 2 0.6168497726156195 0.72
true 3.301586275450408e-5 953 4 1 0.42 3 0.6168497726156195 4.1
true 1.2206933069913717e-7 323 4 1 0.42 4 0.6168497726156195 2.2
true 0.1752939547646475 66 4 2 0.42 1 0.6168497726156195 0.14
true 0.003452077860727404 217 4 2 0.42 2 0.6168497726156195 0.72
true 8.746737616957545e-5 810 4 2 0.42 3 0.6168497726156195 3.38
true 4.746042240322268e-7 742 4 2 0.42 4 0.6168497726156195 4.5
true 0.21321329628722788 59 4 3 0.42 1 0.6168497726156195 0.11
true 0.004693618049094572 169 4 3 0.42 2 0.6168497726156195 0.63
true 0.10634504090538745 606 4 3 0.42 3 0.6168497726156195 2.57
true 0.00017698003044909946 1170 4 3 0.42 4 0.6168497726156195 6.21
true 0.19543255179210978 91 4 4 0.42 1 0.6168497726156195 0.17
true 0.24956071997894486 290 4 4 0.42 2 0.6168497726156195 0.97
true 0.08012549304320957 707 4 4 0.42 3 0.6168497726156195 2.96
true 3.1167035534004905e-5 3135 4 4 0.42 4 0.6168497726156195 15.92
true 0.0678110297396829 68 4 1 0.44 1 0.6197629413526827 0.15
true 0.007262154568765167 169 4 1 0.44 2 0.6197629413526827 0.57
true 1.2982618646795174e-6 423 4 1 0.44 3 0.6197629413526827 1.96
true 2.105527744933333e-6 1013 4 1 0.44 4 0.6197629413526827 5.09
true 0.18699733959546952 63 4 2 0.44 1 0.6197629413526827 0.11
true 0.0036737589460546782 307 4 2 0.44 2 0.6197629413526827 0.98
true 0.020384141604346318 720 4 2 0.44 3 0.6197629413526827 2.96
true 1.7312993314533287e-6 700 4 2 0.44 4 0.6197629413526827 4.0
true 0.22443004682721246 97 4 3 0.44 1 0.6197629413526827 0.18
true 0.004949027544587962 603 4 3 0.44 2 0.6197629413526827 1.96
true 0.08268324572686148 880 4 3 0.44 3 0.6197629413526827 3.78
true 0.00048345573675897163 1501 4 3 0.44 4 0.6197629413526827 8.05
true 0.2993966864806098 111 4 4 0.44 1 0.6197629413526827 0.2
true 0.0037621830048019667 420 4 4 0.44 2 0.6197629413526827 1.3
true 0.0004165087268822032 953 4 4 0.44 3 0.6197629413526827 4.34
true 0.003015615259608015 1332 4 4 0.44 4 0.6197629413526827 7.26
true 0.07551732045819798 56 4 1 0.46 1 0.6160458563573982 0.11
true 0.007571100290200472 157 4 1 0.46 2 0.6160458563573982 0.58
true 7.38425775970164e-7 375 4 1 0.46 3 0.6160458563573982 1.76
true 2.3744041789952597e-6 398 4 1 0.46 4 0.6160458563573982 2.68
true 0.19484168877168748 57 4 2 0.46 1 0.6160458563573982 0.15
true 0.003832566624174971 302 4 2 0.46 2 0.6160458563573982 1.03
true 0.02197820610781745 1424 4 2 0.46 3 0.6160458563573982 8.17
true 1.7166309010385739e-6 1311 4 2 0.46 4 0.6160458563573982 11.75
true 0.23022091474519554 85 4 3 0.46 1 0.6160458563573982 0.3
true 0.0051368322117038385 322 4 3 0.46 2 0.6160458563573982 1.75
true 4.938518871757299e-5 429 4 3 0.46 3 0.6160458563573982 3.46
true 0.00016196921904287898 2769 4 3 0.46 4 0.6160458563573982 27.84
true 0.2005091753924273 104 4 4 0.46 1 0.6160458563573982 0.41
true 0.003890473950763154 379 4 4 0.46 2 0.6160458563573982 2.39
true 0.0001501613887033293 2748 4 4 0.46 3 0.6160458563573982 22.75
true 3.0083531341776326e-5 528 4 4 0.46 4 0.6160458563573982 6.83
true 0.08301102895213608 58 4 1 0.48 1 0.6083694839555642 0.23
true 0.007775246027001248 204 4 1 0.48 2 0.6083694839555642 1.43
true 7.446732722093952e-5 313 4 1 0.48 3 0.6083694839555642 3.03
true 9.732692296537948e-8 397 4 1 0.48 4 0.6083694839555642 5.29
true 0.1996640135802521 64 4 2 0.48 1 0.6083694839555642 0.25
true 0.003941895867474704 321 4 2 0.48 2 0.6083694839555642 2.05
true 0.02329156796447307 1669 4 2 0.48 3 0.6083694839555642 13.68
true 9.703828999771402e-5 948 4 2 0.48 4 0.6083694839555642 10.54
true 0.23171857551059252 61 4 3 0.48 1 0.6083694839555642 0.24
true 0.005269301875202174 328 4 3 0.48 2 0.6083694839555642 2.11
true 0.07824255019377119 413 4 3 0.48 3 0.6083694839555642 3.9
true 0.0002895359379099978 1643 4 3 0.48 4 0.6083694839555642 17.8
true 0.1928064753478651 68 4 4 0.48 1 0.6083694839555642 0.29
true 0.003985689014289903 357 4 4 0.48 2 0.6083694839555642 2.35
true 0.00014166799519212125 2350 4 4 0.48 3 0.6083694839555642 19.38
true 0.00012467269554905513 1167 4 4 0.48 4 0.6083694839555642 12.99
true 0.09042099885011345 51 4 1 0.5 1 0.5983249863531529 0.2
true 0.007894332942913085 155 4 1 0.5 2 0.5983249863531529 1.1
true 3.9006141919206705e-6 1289 4 1 0.5 3 0.5983249863531529 10.37
true 5.972503636098025e-8 377 4 1 0.5 4 0.5983249863531529 5.35
true 0.20214966786097072 88 4 2 0.5 1 0.5983249863531529 0.34
true 0.004010922141965273 203 4 2 0.5 2 0.5983249863531529 1.39
true 0.00016364130655843745 794 4 2 0.5 3 0.5983249863531529 6.97
true 1.0757972197267263e-5 692 4 2 0.5 4 0.5983249863531529 8.36
true 0.22993248185114382 52 4 3 0.5 1 0.5983249863531529 0.22
true 0.005354040021200657 243 4 3 0.5 2 0.5983249863531529 1.68
true 0.003051622846114858 282 4 3 0.5 3 0.5983249863531529 2.96
true 9.653639715987798e-5 1690 4 3 0.5 4 0.5983249863531529 18.42
true 0.18466324597612443 75 4 4 0.5 1 0.5983249863531529 0.31
true 0.004050540761281654 387 4 4 0.5 2 0.5983249863531529 2.58
true 0.0031102040847021395 1650 4 4 0.5 3 0.5983249863531529 14.2
true 9.560878177133914e-6 2774 4 4 0.5 4 0.5983249863531529 28.34
true 0.09782349616567387 90 4 1 0.52 1 0.5868107723568018 0.33
true 0.007942769961057305 257 4 1 0.52 2 0.5868107723568018 1.68
true 2.4482104613032796e-6 1260 4 1 0.52 3 0.5868107723568018 10.31
true 7.031947318880682e-8 356 4 1 0.52 4 0.5868107723568018 4.85
true 0.20280210498455664 79 4 2 0.52 1 0.5868107723568018 0.29
true 0.12871028857448816 226 4 2 0.52 2 0.5868107723568018 1.51
true 6.025156633976403e-6 940 4 2 0.52 3 0.5868107723568018 7.84
true 5.941969646316991e-6 852 4 2 0.52 4 0.5868107723568018 9.93
true 0.22566156124368597 102 4 3 0.52 1 0.5868107723568018 0.41
true 0.0053974283105209615 286 4 3 0.52 2 0.5868107723568018 2.01
true 4.652557258955081e-5 1251 4 3 0.52 3 0.5868107723568018 10.56
true 0.0009494331649558633 1233 4 3 0.52 4 0.5868107723568018 13.11
true 0.28994854457965213 78 4 4 0.52 1 0.5868107723568018 0.36
true 0.004086706497170328 490 4 4 0.52 2 0.5868107723568018 3.17
true 0.00013593054284577466 486 4 4 0.52 3 0.5868107723568018 4.56
true 0.00023626016260801241 1805 4 4 0.52 4 0.5868107723568018 18.65
true 0.1052537806502587 52 4 1 0.54 1 0.5743296695059446 0.22
true 0.007929953786766808 171 4 1 0.54 2 0.5743296695059446 1.17
true 1.5107012913961881e-6 987 4 1 0.54 3 0.5743296695059446 7.82
true 4.461555119239513e-7 665 4 1 0.54 4 0.5743296695059446 7.72
true 0.20196506428818117 107 4 2 0.54 1 0.5743296695059446 0.41
true 0.0040510065330728595 275 4 2 0.54 2 0.5743296695059446 1.78
true 0.025943289126140023 1174 4 2 0.54 3 0.5743296695059446 9.21
true 4.527654101194045e-5 602 4 2 0.54 4 0.5743296695059446 6.91
true 0.21949786786244307 80 4 3 0.54 1 0.5743296695059446 0.32
true 0.005402449611393727 512 4 3 0.54 2 0.5743296695059446 3.16
true 0.00010457014536271088 320 4 3 0.54 3 0.5743296695059446 3.16
true 0.0009383959245545063 1096 4 3 0.54 4 0.5743296695059446 11.55
true 0.1683037754964102 113 4 4 0.54 1 0.5743296695059446 0.45
true 0.25011327397831506 285 4 4 0.54 2 0.5743296695059446 1.88
true 0.00024358812702379717 858 4 4 0.54 3 0.5743296695059446 7.1
true 0.00014563445089234295 832 4 4 0.54 4 0.5743296695059446 9.34
true 0.11271780353543814 49 4 1 0.56 1 0.5611752507606665 0.2
true 0.007862993486085768 343 4 1 0.56 2 0.5611752507606665 2.18
true 8.231684000709061e-5 393 4 1 0.56 3 0.5611752507606665 3.68
true 2.8587541534008665e-7 361 4 1 0.56 4 0.5611752507606665 4.89
true 0.20554738783871057 59 4 2 0.56 1 0.5611752507606665 0.23
true 0.004028623241747686 361 4 2 0.56 2 0.5611752507606665 2.26
true 3.877308069483165e-5 880 4 2 0.56 3 0.5611752507606665 7.32
true 4.154558670144137e-6 942 4 2 0.56 4 0.5611752507606665 10.24
true 0.21185755445772067 62 4 3 0.56 1 0.5611752507606665 0.25
true 0.005372211197082459 322 4 3 0.56 2 0.5611752507606665 2.27
true 0.00019321155246163993 1188 4 3 0.56 3 0.5611752507606665 10.04
true 0.0023685051756806943 1349 4 3 0.56 4 0.5611752507606665 14.5
true 0.16035600651889878 135 4 4 0.56 1 0.5611752507606665 0.57
true 0.004078891987210495 313 4 4 0.56 2 0.5611752507606665 2.13
true 0.00010287373529882515 858 4 4 0.56 3 0.5611752507606665 7.73
true 0.0007148024470996633 2272 4 4 0.56 4 0.5611752507606665 24.63
true 0.12020481203297517 58 4 1 0.58 1 0.5475360323215799 0.22
true 0.007748435789332431 195 4 1 0.58 2 0.5475360323215799 1.32
true 0.0020887996528490826 686 4 1 0.58 3 0.5475360323215799 6.11
true 5.936601217282345e-7 825 4 1 0.58 4 0.5475360323215799 9.08
true 0.19663652174728816 87 4 2 0.58 1 0.5475360323215799 0.32
true 0.00398266110927914 476 4 2 0.58 2 0.5475360323215799 2.96
true 5.883195300848687e-5 340 4 2 0.58 3 0.5475360323215799 3.34
true 3.4551480473932195e-7 1008 4 2 0.58 4 0.5475360323215799 10.95
true 0.2030545394004717 86 4 3 0.58 1 0.5475360323215799 0.34
true 0.005310931622577841 1072 4 3 0.58 2 0.5475360323215799 7.05
true 0.0001907213270818294 1258 4 3 0.58 3 0.5475360323215799 10.23
true 0.0004493033643768925 1405 4 3 0.58 4 0.5475360323215799 15.4
true 0.15264895170898066 90 4 4 0.58 1 0.5475360323215799 0.38
true 0.00403634074661037 590 4 4 0.58 2 0.5475360323215799 3.88
true 0.00021174169659002318 1521 4 4 0.58 3 0.5475360323215799 12.95
true 1.4810632674347457e-5 2870 4 4 0.58 4 0.5475360323215799 28.99
true 0.12769440952221844 61 4 1 0.6 1 0.533549180191324 0.25
true 0.0075926918740186755 228 4 1 0.6 2 0.533549180191324 1.51
true 4.202466822866846e-7 915 4 1 0.6 3 0.533549180191324 7.48
true 5.753782424400278e-7 403 4 1 0.6 4 0.533549180191324 5.3
true 0.19446565268871013 62 4 2 0.6 1 0.533549180191324 0.25
true 0.003915074306728494 348 4 2 0.6 2 0.533549180191324 2.19
true 0.0037548830887910445 547 4 2 0.6 3 0.533549180191324 4.93
true 9.378110945174045e-6 2069 4 2 0.6 4 0.533549180191324 22.55
true 0.19354364269704116 75 4 3 0.6 1 0.533549180191324 0.31
true 0.005220166004815545 202 4 3 0.6 2 0.533549180191324 1.43
true 0.00021934638468751322 1254 4 3 0.6 3 0.533549180191324 10.28
true 5.139515434127162e-6 2726 4 3 0.6 4 0.533549180191324 27.64
true 0.1452159435454365 133 4 4 0.6 1 0.533549180191324 0.55
true 0.0039735052332661586 280 4 4 0.6 2 0.533549180191324 1.94
true 0.00018665984459628748 1230 4 4 0.6 3 0.533549180191324 10.68
true 5.632574970355908e-5 2073 4 4 0.6 4 0.533549180191324 21.85
true 0.13516324840959903 59 4 1 0.62 1 0.5193262561278011 0.23
true 0.007402268949054769 208 4 1 0.62 2 0.5193262561278011 1.34
true 1.5786728405631223e-6 1719 4 1 0.62 3 0.5193262561278011 13.74
true 2.0825801616553008e-7 581 4 1 0.62 4 0.5193262561278011 6.72
true 0.1881722554375715 86 4 2 0.62 1 0.5193262561278011 0.32
true 0.12357933777354285 429 4 2 0.62 2 0.5193262561278011 2.72
true 0.02912836080271214 640 4 2 0.62 3 0.5193262561278011 5.4
true 2.1649670776224816e-5 1923 4 2 0.62 4 0.5193262561278011 19.49
true 0.18408113355333708 66 4 3 0.62 1 0.5193262561278011 0.27
true 0.0051055090514626755 294 4 3 0.62 2 0.5193262561278011 1.96
true 0.0006836559128704326 563 4 3 0.62 3 0.5193262561278011 5.14
true 5.029312739934788e-6 976 4 3 0.62 4 0.5193262561278011 10.94
true 0.13807280754535872 77 4 4 0.62 1 0.5193262561278011 0.34
true 0.004078122629560657 388 4 4 0.62 2 0.5193262561278011 2.65
true 5.280977844536461e-5 679 4 4 0.62 3 0.5193262561278011 6.02
true 2.046135169592178e-5 2620 4 4 0.62 4 0.5193262561278011 27.89
true 0.14258569521467945 55 4 1 0.64 1 0.5049645940759805 0.22
true 0.00718267303639597 151 4 1 0.64 2 0.5049645940759805 1.02
true 1.0023112346213559e-6 550 4 1 0.64 3 0.5049645940759805 4.79
true 1.9000550771641755e-7 941 4 1 0.64 4 0.5049645940759805 10.4
true 0.1810640807450217 81 4 2 0.64 1 0.5049645940759805 0.32
true 0.0037270260643032516 267 4 2 0.64 2 0.5049645940759805 1.66
true 2.4903521171404375e-5 1401 4 2 0.64 3 0.5049645940759805 11.42
true 1.3076497624997518e-6 1327 4 2 0.64 4 0.5049645940759805 13.95
true 0.17497635378672105 67 4 3 0.64 1 0.5049645940759805 0.29
true 0.004969857427127244 403 4 3 0.64 2 0.5049645940759805 2.75
true 0.00031601019333780495 326 4 3 0.64 3 0.5049645940759805 3.28
true 3.1906658697770464e-5 869 4 3 0.64 4 0.5049645940759805 10.28
true 0.13123548619875103 114 4 4 0.64 1 0.5049645940759805 0.45
true 0.0038106216756141897 246 4 4 0.64 2 0.5049645940759805 1.66
true 0.004062911600771338 1460 4 4 0.64 3 0.5049645940759805 12.58
true 1.3429370646925176e-5 1230 4 4 0.64 4 0.5049645940759805 13.43
true 0.14993862798334012 60 4 1 0.66 1 0.49055177436486347 0.23
true 0.00693976173819455 288 4 1 0.66 2 0.49055177436486347 1.82
true 1.3840402642073535e-5 784 4 1 0.66 3 0.49055177436486347 6.44
true 3.7657133351576277e-6 521 4 1 0.66 4 0.49055177436486347 6.51
true 0.17272071479210313 55 4 2 0.66 1 0.49055177436486347 0.23
true 0.003612761081170396 229 4 2 0.66 2 0.49055177436486347 1.52
true 0.02880891121967788 769 4 2 0.66 3 0.49055177436486347 6.51
true 8.308084979147257e-7 1054 4 2 0.66 4 0.49055177436486347 11.14
true 0.16627719670399746 67 4 3 0.66 1 0.49055177436486347 0.29
true 0.004817515744086768 231 4 3 0.66 2 0.49055177436486347 1.64
true 0.05039089157234126 556 4 3 0.66 3 0.49055177436486347 5.38
true 0.0017539372548007008 2302 4 3 0.66 4 0.49055177436486347 23.2
true 0.12470891157979425 100 4 4 0.66 1 0.49055177436486347 0.4
true 0.003683528176477588 793 4 4 0.66 2 0.49055177436486347 5.1
true 0.00022061569467721198 2054 4 4 0.66 3 0.49055177436486347 17.37
true 4.803033604339202e-6 1576 4 4 0.66 4 0.49055177436486347 16.61
true 0.1571990486968377 64 4 1 0.68 1 0.4761670391572981 0.24
true 0.17056476840372814 192 4 1 0.68 2 0.4761670391572981 1.34
true 2.5178307226925156e-6 1149 4 1 0.68 3 0.4761670391572981 9.46
true 6.432727901461988e-7 413 4 1 0.68 4 0.4761670391572981 4.95
true 0.16416123054047402 84 4 2 0.68 1 0.4761670391572981 0.33
true 0.08649672612390863 181 4 2 0.68 2 0.4761670391572981 1.3
true 0.07163449746894934 690 4 2 0.68 3 0.4761670391572981 5.93
true 2.9404110372666104e-5 1770 4 2 0.68 4 0.4761670391572981 17.98
true 0.15799349428285245 73 4 3 0.68 1 0.4761670391572981 0.28
true 0.004653114498179178 510 4 3 0.68 2 0.4761670391572981 3.16
true 0.0002538920119671458 497 4 3 0.68 3 0.4761670391572981 4.38
true 1.1844309820430166e-5 1578 4 3 0.68 4 0.4761670391572981 16.34
true 0.2771603999660575 85 4 4 0.68 1 0.4761670391572981 0.34
true 0.003562301603881546 377 4 4 0.68 2 0.4761670391572981 2.37
true 0.00022544780504496487 454 4 4 0.68 3 0.4761670391572981 4.2
true 0.0017301820256049594 1063 4 4 0.68 4 0.4761670391572981 11.94
true 0.1643488785178746 80 4 1 0.7 1 0.46188152135118604 0.28
true 0.006407741624287033 176 4 1 0.7 2 0.46188152135118604 1.17
true 1.9173089206403482e-5 379 4 1 0.7 3 0.46188152135118604 3.47
true 7.619457661478535e-7 496 4 1 0.7 4 0.46188152135118604 6.0
true 0.15592925687035428 73 4 2 0.7 1 0.46188152135118604 0.26
true 0.0033565518267502092 204 4 2 0.7 2 0.46188152135118604 1.4
true 3.63519721396921e-5 1414 4 2 0.7 3 0.46188152135118604 11.3
true 4.721225084491909e-7 490 4 2 0.7 4 0.46188152135118604 6.07
true 0.1501255051412532 80 4 3 0.7 1 0.46188152135118604 0.32
true 0.004475069069510766 316 4 3 0.7 2 0.46188152135118604 2.1
true 5.994372035413494e-5 1240 4 3 0.7 3 0.46188152135118604 10.37
true 4.94724686478191e-5 5649 4 3 0.7 4 0.46188152135118604 57.92
true 0.1125932356951273 84 4 4 0.7 1 0.46188152135118604 0.35
true 0.0034313636118868535 782 4 4 0.7 2 0.46188152135118604 4.9
true 5.145506414094836e-5 919 4 4 0.7 3 0.46188152135118604 7.89
true 7.249707547775375e-5 2303 4 4 0.7 4 0.46188152135118604 23.89
true 0.1644912297156908 54 4 1 0.72 1 0.4477581467864862 0.71
true 0.006128028990546874 193 4 1 0.72 2 0.4477581467864862 1.3
true 7.328763539593552e-6 938 4 1 0.72 3 0.4477581467864862 7.52
true 3.3574135682723494e-7 347 4 1 0.72 4 0.4477581467864862 4.82
true 0.1481209335847261 67 4 2 0.72 1 0.4477581467864862 0.27
true 0.0032187963858065494 376 4 2 0.72 2 0.4477581467864862 2.43
true 9.941097648763497e-5 492 4 2 0.72 3 0.4477581467864862 4.51
true 7.08418116612819e-7 841 4 2 0.72 4 0.4477581467864862 9.25
true 0.14266447879938898 64 4 3 0.72 1 0.4477581467864862 0.27
true 0.004292257046765835 170 4 3 0.72 2 0.4477581467864862 1.26
true 0.0001149876085703716 435 4 3 0.72 3 0.4477581467864862 4.08
true 0.0019283255609941115 1009 4 3 0.72 4 0.4477581467864862 11.06
true 0.10699838254855307 80 4 4 0.72 1 0.4477581467864862 0.34
true 0.003295263048427477 491 4 4 0.72 2 0.4477581467864862 3.26
true 4.478654559915418e-5 868 4 4 0.72 3 0.4477581467864862 7.34
true 0.0012822327849270204 1042 4 4 0.72 4 0.4477581467864862 12.18
true 0.15610683995036617 56 4 1 0.74 1 0.433851572131634 0.22
true 0.005844914661815803 225 4 1 0.74 2 0.433851572131634 1.54
true 9.150431193538644e-6 421 4 1 0.74 3 0.433851572131634 3.85
true 4.952877543651368e-7 581 4 1 0.74 4 0.433851572131634 6.75
true 0.14072959053691547 88 4 2 0.74 1 0.433851572131634 0.33
true 0.07411466756432672 291 4 2 0.74 2 0.433851572131634 1.87
true 2.790308969247146e-5 1352 4 2 0.74 3 0.433851572131634 11.03
true 2.703752502580814e-6 413 4 2 0.74 4 0.433851572131634 5.34
true 0.13560332604092332 67 4 3 0.74 1 0.433851572131634 0.3
true 0.004105372157206429 279 4 3 0.74 2 0.433851572131634 1.87
true 5.4444911367616346e-5 832 4 3 0.74 3 0.433851572131634 7.38
true 8.639714777602947e-5 692 4 3 0.74 4 0.433851572131634 8.11
true 0.10170289961158141 133 4 4 0.74 1 0.433851572131634 0.55
true 0.1066750652959057 257 4 4 0.74 2 0.433851572131634 1.73
true 0.00021998537429675225 562 4 4 0.74 3 0.433851572131634 5.02
true 2.9948330344392593e-5 1378 4 4 0.74 4 0.433851572131634 15.27
true 0.14817860407047134 59 4 1 0.76 1 0.4202082855607151 0.22
true 0.005561914962717962 173 4 1 0.76 2 0.4202082855607151 1.27
true 3.7175114517284946e-6 706 4 1 0.76 3 0.4202082855607151 5.79
true 2.059096791962034e-7 376 4 1 0.76 4 0.4202082855607151 4.85
true 0.13374315975004075 74 4 2 0.76 1 0.4202082855607151 0.28
true 0.0029365455157794595 319 4 2 0.76 2 0.4202082855607151 2.01
true 0.0008332793580052289 477 4 2 0.76 3 0.4202082855607151 4.6
true 1.2604599678722739e-6 1270 4 2 0.76 4 0.4202082855607151 13.32
true 0.12893127911880906 69 4 3 0.76 1 0.4202082855607151 0.3
true 0.003916995891608895 219 4 3 0.76 2 0.4202082855607151 1.51
true 5.984391848912196e-5 700 4 3 0.76 3 0.4202082855607151 6.06
true 0.00013405376805599353 794 4 3 0.76 4 0.4202082855607151 9.41
true 0.09669876403715526 100 4 4 0.76 1 0.4202082855607151 0.43
true 0.003015217538837517 470 4 4 0.76 2 0.4202082855607151 3.21
true 4.722656704411743e-5 1180 4 4 0.76 3 0.4202082855607151 10.0
true 0.00016299414081383246 1896 4 4 0.76 4 0.4202082855607151 20.2
true 0.14069236857971834 55 4 1 0.78 1 0.4068668907949228 0.21
true 0.0052818761543180215 242 4 1 0.78 2 0.4068668907949228 1.53
true 1.1965767027222185e-7 489 4 1 0.78 3 0.4068668907949228 4.13
true 1.0676905093376376e-7 718 4 1 0.78 4 0.4068668907949228 8.26
true 0.12714845934814853 74 4 2 0.78 1 0.4068668907949228 0.29
true 0.0027955546890345573 390 4 2 0.78 2 0.4068668907949228 2.36
true 7.334860975338753e-5 1178 4 2 0.78 3 0.4068668907949228 9.8
true 8.109288985674867e-6 1485 4 2 0.78 4 0.4068668907949228 15.2
true 0.12263503975631107 70 4 3 0.78 1 0.4068668907949228 0.3
true 0.0037283787597480003 309 4 3 0.78 2 0.4068668907949228 2.08
true 6.070807881606669e-5 568 4 3 0.78 3 0.4068668907949228 5.11
true 3.2359467702932264e-5 4144 4 3 0.78 4 0.4068668907949228 42.58
true 0.09197553716126043 89 4 4 0.78 1 0.4068668907949228 0.35
true 0.0028721877109231936 365 4 4 0.78 2 0.4068668907949228 2.41
true 0.00022156555764765717 1686 4 4 0.78 3 0.4068668907949228 13.83
true 3.4465875015099456e-6 1247 4 4 0.78 4 0.4068668907949228 12.81
true 0.13363286545856812 68 4 1 0.8 1 0.3938585502319869 0.23
true 0.0050075122510833125 205 4 1 0.8 2 0.3938585502319869 1.21
true 1.3382138375372943e-5 514 4 1 0.8 3 0.3938585502319869 4.36
true 2.7275136743609707e-7 432 4 1 0.8 4 0.3938585502319869 5.32
true 0.12092935805494631 81 4 2 0.8 1 0.3938585502319869 0.31
true 0.0026557909769908405 349 4 2 0.8 2 0.3938585502319869 2.04
true 0.027774131114195216 1048 4 2 0.8 3 0.3938585502319869 8.31
true 2.517655422695775e-6 1779 4 2 0.8 4 0.3938585502319869 17.47
true 0.11669547413955134 73 4 3 0.8 1 0.3938585502319869 0.31
true 0.0035414492089745155 325 4 3 0.8 2 0.3938585502319869 2.04
true 4.463055252588536e-5 2936 4 3 0.8 3 0.3938585502319869 23.12
true 0.0015339068250383447 2490 4 3 0.8 4 0.3938585502319869 25.58
true 0.0875212441460573 86 4 4 0.8 1 0.3938585502319869 0.35
true 0.002731657102421181 357 4 4 0.8 2 0.3938585502319869 2.36
true 0.00024567605720170194 1431 4 4 0.8 3 0.3938585502319869 11.58
true 1.9428340344698758e-5 1553 4 4 0.8 4 0.3938585502319869 15.71
true 0.1269820776410443 48 4 1 0.82 1 0.38120754717639876 0.18
true 0.004739787761613101 212 4 1 0.82 2 0.38120754717639876 1.29
true 1.2872852339640417e-6 856 4 1 0.82 3 0.38120754717639876 6.84
true 5.276295031997336e-7 452 4 1 0.82 4 0.38120754717639876 5.91
true 0.11507050117635131 95 4 2 0.82 1 0.38120754717639876 0.35
true 0.0025209002643261924 333 4 2 0.82 2 0.38120754717639876 1.99
true 2.482839278358795e-5 1602 4 2 0.82 3 0.38120754717639876 12.5
true 3.013672336954487e-5 972 4 2 0.82 4 0.38120754717639876 9.82
true 0.11109942431207535 96 4 3 0.82 1 0.38120754717639876 0.37
true 0.0033597533660313186 281 4 3 0.82 2 0.38120754717639876 1.82
true 0.002678105086985868 388 4 3 0.82 3 0.38120754717639876 3.85
true 9.580442055440175e-5 3229 4 3 0.82 4 0.38120754717639876 31.45
true 0.08332519034309724 85 4 4 0.82 1 0.38120754717639876 0.32
true 0.002593184132838655 386 4 4 0.82 2 0.38120754717639876 2.42
true 0.00022811990272536553 1799 4 4 0.82 3 0.38120754717639876 14.31
true 3.7440635286128954e-6 1626 4 4 0.82 4 0.38120754717639876 16.95
true 0.1207213054579942 63 4 1 0.84 1 0.36893192506274924 0.23
true 0.004480939497666314 225 4 1 0.84 2 0.36893192506274924 1.4
true 3.1788334564630816e-7 448 4 1 0.84 3 0.36893192506274924 3.84
true 5.470440016530631e-7 565 4 1 0.84 4 0.36893192506274924 7.1
true 0.109552893632551 68 4 2 0.84 1 0.36893192506274924 0.25
true 0.002385846818725973 326 4 2 0.84 2 0.36893192506274924 1.99
true 7.629954515331328e-5 926 4 2 0.84 3 0.36893192506274924 7.49
true 2.383461092697603e-5 1721 4 2 0.84 4 0.36893192506274924 17.65
true 0.10583035110222695 81 4 3 0.84 1 0.36893192506274924 0.31
true 0.0031814077607577964 343 4 3 0.84 2 0.36893192506274924 2.07
true 0.0002617215612582176 1381 4 3 0.84 3 0.36893192506274924 11.32
true 2.4360992432230038e-5 1656 4 3 0.84 4 0.36893192506274924 16.98
true 0.07937253597124054 90 4 4 0.84 1 0.36893192506274924 0.36
true 0.0024580316429673177 477 4 4 0.84 2 0.36893192506274924 2.97
true 0.000241399943824952 1250 4 4 0.84 3 0.36893192506274924 10.3
true 0.001167543632461715 1887 4 4 0.84 4 0.36893192506274924 18.39
true 0.11483022108893409 41 4 1 0.86 1 0.35704416557853136 0.16
true 0.004231926274364306 206 4 1 0.86 2 0.35704416557853136 1.29
true 9.531302254117691e-7 654 4 1 0.86 3 0.35704416557853136 5.28
true 1.9092460707414993e-6 451 4 1 0.86 4 0.35704416557853136 5.53
true 0.1043599687540798 65 4 2 0.86 1 0.35704416557853136 0.23
true 0.05481202230390991 267 4 2 0.86 2 0.35704416557853136 1.64
true 0.00028659418971260786 744 4 2 0.86 3 0.35704416557853136 6.02
true 2.92109470578783e-6 1871 4 2 0.86 4 0.35704416557853136 18.57
true 0.10087139200579191 62 4 3 0.86 1 0.35704416557853136 0.28
true 0.0030094601549884117 600 4 3 0.86 2 0.35704416557853136 3.6
true 0.000255357472593587 1502 4 3 0.86 3 0.35704416557853136 11.26
true 0.0003797015490431173 931 4 3 0.86 4 0.35704416557853136 10.08
true 0.07565290277783332 80 4 4 0.86 1 0.35704416557853136 0.32
true 0.002327524827278396 339 4 4 0.86 2 0.35704416557853136 2.18
true 0.00010432382358020742 1022 4 4 0.86 3 0.35704416557853136 8.34
true 0.00018096801635089643 1566 4 4 0.86 4 0.35704416557853136 15.84
true 0.1092907567260521 57 4 1 0.88 1 0.34555187407953597 0.2
true 0.003993222442364774 273 4 1 0.88 2 0.34555187407953597 1.63
true 2.5324859864450655e-5 661 4 1 0.88 3 0.34555187407953597 5.29
true 5.578406370165823e-7 910 4 1 0.88 4 0.34555187407953597 9.6
true 0.09947394666350248 66 4 2 0.88 1 0.34555187407953597 0.23
true 0.0021326655444711407 248 4 2 0.88 2 0.34555187407953597 1.56
true 0.00021856719543256187 1068 4 2 0.88 3 0.34555187407953597 8.38
true 7.210275278113354e-6 2007 4 2 0.88 4 0.34555187407953597 19.29
true 0.09620229439147841 77 4 3 0.88 1 0.34555187407953597 0.31
true 0.0028440308003722845 337 4 3 0.88 2 0.34555187407953597 2.1
true 4.602062468358111e-5 1306 4 3 0.88 3 0.34555187407953597 10.69
true 0.0001243834608983622 1087 4 3 0.88 4 0.34555187407953597 12.04
true 0.4726775383075279 63 4 4 0.88 1 0.34555187407953597 0.28
true 0.002200781288227052 383 4 4 0.88 2 0.34555187407953597 2.56
true 0.00010909039986456426 628 4 4 0.88 3 0.34555187407953597 5.86
true 0.0004778345717584148 1211 4 4 0.88 4 0.34555187407953597 13.65
true 0.10408249506513406 75 4 1 0.9 1 0.3344584477916396 0.3
true 0.003765483064561592 207 4 1 0.9 2 0.3344584477916396 1.45
true 1.090479263959887e-5 979 4 1 0.9 3 0.3344584477916396 7.93
true 4.330885871650647e-6 766 4 1 0.9 4 0.3344584477916396 8.69
true 0.09487735164621017 56 4 2 0.9 1 0.3344584477916396 0.22
true 0.0020148717371022695 241 4 2 0.9 2 0.3344584477916396 1.55
true 0.00018949298215112376 1178 4 2 0.9 3 0.3344584477916396 9.5
true 9.783988944189748e-6 645 4 2 0.9 4 0.3344584477916396 7.37
true 0.09180896760756342 78 4 3 0.9 1 0.3344584477916396 0.35
true 0.002685887952065332 275 4 3 0.9 2 0.3344584477916396 1.81
true 0.00025112608971374534 1469 4 3 0.9 3 0.3344584477916396 11.89
true 3.367980896336794e-5 1374 4 3 0.9 4 0.3344584477916396 14.75
true 0.06885692719878983 78 4 4 0.9 1 0.3344584477916396 0.34
true 0.0020822581317102434 270 4 4 0.9 2 0.3344584477916396 1.93
true 0.00016258468294966244 460 4 4 0.9 3 0.3344584477916396 4.3
true 0.000895796699544163 2040 4 4 0.9 4 0.3344584477916396 20.46
true 0.09918618667607643 56 4 1 0.92 1 0.32376370904828605 0.21
true 0.0035491149466112537 222 4 1 0.92 2 0.32376370904828605 1.37
true 7.702872204529143e-7 461 4 1 0.92 3 0.32376370904828605 3.79
true 9.775982319215615e-7 852 4 1 0.92 4 0.32376370904828605 9.2
true 0.0905534795265073 74 4 2 0.92 1 0.32376370904828605 0.8
true 0.0019004287135780673 435 4 2 0.92 2 0.32376370904828605 2.68
true 2.177447922940834e-5 979 4 2 0.92 3 0.32376370904828605 7.66
true 5.455797173953281e-5 1393 4 2 0.92 4 0.32376370904828605 14.39
true 0.08767528789227001 83 4 3 0.92 1 0.32376370904828605 0.33
true 0.002533822558141311 267 4 3 0.92 2 0.32376370904828605 1.7
true 0.0006163961053982647 2545 4 3 0.92 3 0.32376370904828605 20.32
true 0.0011560090563978258 1228 4 3 0.92 4 0.32376370904828605 12.62
true 0.06575655397271188 100 4 4 0.92 1 0.32376370904828605 0.43
true 0.0019632634373438623 339 4 4 0.92 2 0.32376370904828605 2.29
true 1.807468136130752e-5 698 4 4 0.92 3 0.32376370904828605 5.97
true 5.772450658560191e-5 1557 4 4 0.92 4 0.32376370904828605 16.05
true 0.0945835164652939 89 4 1 0.94 1 0.313464491748325 0.31
true 0.0033448387121200462 352 4 1 0.94 2 0.313464491748325 2.15
true 7.354372238643769e-6 736 4 1 0.94 3 0.313464491748325 6.26
true 1.0236176239963868e-7 615 4 1 0.94 4 0.313464491748325 7.14
true 0.08648486778766673 59 4 2 0.94 1 0.313464491748325 0.25
true 0.0017920237645563108 323 4 2 0.94 2 0.313464491748325 2.05
true 0.00013816411696151998 829 4 2 0.94 3 0.313464491748325 6.72
true 7.350218851231993e-5 553 4 2 0.94 4 0.313464491748325 6.92
true 0.08378442372694493 72 4 3 0.94 1 0.313464491748325 0.31
true 0.0023900744086084815 525 4 3 0.94 2 0.313464491748325 3.28
true 0.0002343429502828324 1141 4 3 0.94 3 0.313464491748325 9.27
true 3.491148520819628e-5 2002 4 3 0.94 4 0.313464491748325 19.84
true 0.06283835884210677 122 4 4 0.94 1 0.313464491748325 0.48
true 0.0018522491656979279 276 4 4 0.94 2 0.313464491748325 1.89
true 0.0002135763001079316 1085 4 4 0.94 3 0.313464491748325 8.71
true 4.5943132948589316e-5 1463 4 4 0.94 4 0.313464491748325 15.35
true 0.09025613877540495 54 4 1 0.96 1 0.30355517414078803 0.21
true 0.0031495841066266905 260 4 1 0.96 2 0.30355517414078803 1.6
true 1.663611161162315e-6 1165 4 1 0.96 3 0.30355517414078803 9.1
true 2.103748547033213e-6 704 4 1 0.96 4 0.30355517414078803 7.93
true 0.08265561311047645 133 4 2 0.96 1 0.30355517414078803 0.49
true 0.0016896390101884817 236 4 2 0.96 2 0.30355517414078803 1.56
true 9.187957728062912e-5 1124 4 2 0.96 3 0.30355517414078803 8.98
true 0.0006460712670635915 1067 4 2 0.96 4 0.30355517414078803 11.05
true 0.08012274275058284 58 4 3 0.96 1 0.30355517414078803 0.25
true 0.002252472869552454 396 4 3 0.96 2 0.30355517414078803 2.45
true 0.0004509254920418056 634 4 3 0.96 3 0.30355517414078803 5.52
true 2.3633420480469642e-5 2708 4 3 0.96 4 0.30355517414078803 26.95
true 0.2649637376988061 94 4 4 0.96 1 0.30355517414078803 0.37
true 0.001747013823394955 417 4 4 0.96 2 0.30355517414078803 2.78
true 3.095002018188575e-5 799 4 4 0.96 3 0.30355517414078803 6.57
true 9.949416186635918e-6 2219 4 4 0.96 4 0.30355517414078803 22.35
true 0.08618678929791718 58 4 1 0.98 1 0.2940281549265302 0.22
true 0.002966225804031386 318 4 1 0.98 2 0.2940281549265302 1.98
true 4.8353709083959195e-6 1305 4 1 0.98 3 0.2940281549265302 10.21
true 4.1569528774765274e-7 658 4 1 0.98 4 0.2940281549265302 7.9
true 0.07905164437776968 61 4 2 0.98 1 0.2940281549265302 0.24
true 0.0015921315292166949 523 4 2 0.98 2 0.2940281549265302 3.21
true 0.035453418851144225 1108 4 2 0.98 3 0.2940281549265302 9.43
true 7.68288292965491e-6 740 4 2 0.98 4 0.2940281549265302 8.54
true 0.07667360768980062 57 4 3 0.98 1 0.2940281549265302 0.23
true 0.0021228521867094527 223 4 3 0.98 2 0.2940281549265302 1.48
true 2.1295165124020816e-5 948 4 3 0.98 3 0.2940281549265302 7.39
true 0.000372854537462645 2329 4 3 0.98 4 0.2940281549265302 23.54
true 0.05750541961155274 87 4 4 0.98 1 0.2940281549265302 0.34
true 0.001646732432970005 735 4 4 0.98 2 0.2940281549265302 4.68
true 0.0009801092097115882 1317 4 4 0.98 3 0.2940281549265302 10.62
true 0.000845125559353177 1524 4 4 0.98 4 0.2940281549265302 15.7
true 0.08235885020462541 62 4 1 1.0 1 0.28487427258540376 0.22
true 0.0027931873850342015 379 4 1 1.0 2 0.28487427258540376 2.23
true 6.361794399611931e-7 959 4 1 1.0 3 0.28487427258540376 7.69
true 2.1423394220676517e-5 735 4 1 1.0 4 0.28487427258540376 8.4
true 0.07565858944175513 63 4 2 1.0 1 0.28487427258540376 0.23
true 0.0015004187452197226 274 4 2 1.0 2 0.28487427258540376 1.72
true 5.9732838098180974e-5 1998 4 2 1.0 3 0.28487427258540376 15.59
true 1.754206342580167e-5 918 4 2 1.0 4 0.28487427258540376 9.88
true 0.07342487349486128 59 4 3 1.0 1 0.28487427258540376 0.25
true 0.0020004497268767776 331 4 3 1.0 2 0.28487427258540376 1.99
true 0.00019107890954741155 1014 4 3 1.0 3 0.28487427258540376 8.48
true 0.000135068310163818 1874 4 3 1.0 4 0.28487427258540376 13.23
true 0.055068718157442215 100 4 4 1.0 1 0.28487427258540376 0.25
true 0.0015522133939747107 658 4 4 1.0 2 0.28487427258540376 2.33
true 0.00019507495609345782 2311 4 4 1.0 3 0.28487427258540376 10.42
true 0.0007225825168657579 2466 4 4 1.0 4 0.28487427258540376 13.97