g_converged min_loss iter nsites nqubits0 h nlayers SvN time
true 9.068012785107271e-8 227 4 1 0.0 3 0.0 1.56
true 3.7986592404948283e-7 340 4 1 0.0 4 0.0 3.02
true 0.0001257784920202787 733 4 2 0.0 3 0.0 4.39
true 4.521531272727586e-7 438 4 2 0.0 4 0.0 3.61
true 3.245349937193905e-6 730 4 3 0.0 3 0.0 3.97
true 2.7306760883953157e-7 583 4 3 0.0 4 0.0 4.68
true 1.626669533821845e-6 445 4 4 0.0 3 0.0 2.74
true 4.658217210615212e-6 498 4 4 0.0 4 0.0 3.99
true 2.4135634524302674e-7 322 4 1 0.04 3 5.221054521751489e-7 2.18
true 3.2277307894235108e-6 414 4 1 0.04 4 5.221054521751489e-7 3.33
true 1.8106689725350122e-7 322 4 2 0.04 3 5.221054521751489e-7 2.19
true 7.389253164102882e-5 746 4 2 0.04 4 5.221054521751489e-7 5.86
true 1.4389742556408791e-6 1167 4 3 0.04 3 5.221054521751489e-7 6.55
true 4.104408456255075e-7 463 4 3 0.04 4 5.221054521751489e-7 4.02
true 4.552626790860215e-6 641 4 4 0.04 3 5.221054521751489e-7 3.77
true 4.460400120018249e-6 580 4 4 0.04 4 5.221054521751489e-7 4.61
true 9.357674740528843e-6 280 4 1 0.08 3 0.00031555771092967207 1.89
true 4.5012669969146657e-7 486 4 1 0.08 4 0.00031555771092967207 4.22
true 1.4704393671849392e-5 330 4 2 0.08 3 0.00031555771092967207 2.38
true 2.5209368789524955e-5 475 4 2 0.08 4 0.00031555771092967207 3.83
true 1.078610665383728e-5 285 4 3 0.08 3 0.00031555771092967207 1.97
true 1.2411152977213439e-5 907 4 3 0.08 4 0.00031555771092967207 7.19
true 7.883880616926797e-6 474 4 4 0.08 3 0.00031555771092967207 2.97
true 1.955401378729571e-5 818 4 4 0.08 4 0.00031555771092967207 6.01
true 0.0002651171526961704 388 4 1 0.12 3 0.002857451366537061 2.5
true 5.240570419617896e-6 974 4 1 0.12 4 0.002857451366537061 7.56
true 8.196271610111383e-5 487 4 2 0.12 3 0.002857451366537061 2.93
true 0.00017677660304771248 521 4 2 0.12 4 0.002857451366537061 4.25
true 0.0002142315841061985 334 4 3 0.12 3 0.002857451366537061 2.18
true 4.016940798183081e-5 967 4 3 0.12 4 0.002857451366537061 6.97
true 4.9727539886162964e-5 504 4 4 0.12 3 0.002857451366537061 3.2
true 0.00022904409833103545 568 4 4 0.12 4 0.002857451366537061 4.9
true 6.19840248447523e-5 906 4 1 0.16 3 0.009312166724123666 5.14
true 7.498812684580969e-6 1131 4 1 0.16 4 0.009312166724123666 7.92
true 3.418073204322636e-5 1171 4 2 0.16 3 0.009312166724123666 6.41
true 0.0003246189350849804 583 4 2 0.16 4 0.009312166724123666 4.55
true 0.00015874256775200157 266 4 3 0.16 3 0.009312166724123666 1.81
true 0.00018329406736598367 1863 4 3 0.16 4 0.009312166724123666 12.86
true 0.0007830835890916266 723 4 4 0.16 3 0.009312166724123666 4.1
true 0.0007873711628473834 1546 4 4 0.16 4 0.009312166724123666 11.15
true 0.00017429526199014278 734 4 1 0.2 3 0.028809882776728333 3.97
true 2.229969572026258e-5 374 4 1 0.2 4 0.028809882776728333 3.32
true 0.00014396759102103251 1664 4 2 0.2 3 0.028809882776728333 9.05
true 4.629541857067987e-5 1720 4 2 0.2 4 0.028809882776728333 12.02
true 3.0908430540580824e-5 795 4 3 0.2 3 0.028809882776728333 4.46
true 2.398747200943463e-5 1576 4 3 0.2 4 0.028809882776728333 11.54
true 4.58785800771383e-5 643 4 4 0.2 3 0.028809882776728333 4.0
true 0.00019216311644712492 1438 4 4 0.2 4 0.028809882776728333 10.29
true 4.344873810357974e-5 517 4 1 0.24 3 0.08188079160576314 2.95
true 6.9424763318171046e-6 639 4 1 0.24 4 0.08188079160576314 4.79
true 0.007433510916662861 291 4 2 0.24 3 0.08188079160576314 1.98
true 6.533498987243425e-6 1611 4 2 0.24 4 0.08188079160576314 11.11
true 0.005241924677939047 990 4 3 0.24 3 0.08188079160576314 5.65
true 0.00016460295247959036 2876 4 3 0.24 4 0.08188079160576314 20.38
true 0.00017166472265056631 756 4 4 0.24 3 0.08188079160576314 4.46
true 2.165093419466413e-5 2915 4 4 0.24 4 0.08188079160576314 20.26
true 7.435338458927632e-5 555 4 1 0.28 3 0.1955000413843353 3.25
true 2.806151672807289e-6 780 4 1 0.28 4 0.1955000413843353 5.88
true 0.0020460463457686595 1707 4 2 0.28 3 0.1955000413843353 9.55
true 6.274444015907932e-6 1126 4 2 0.28 4 0.1955000413843353 8.25
true 8.22520796426492e-5 667 4 3 0.28 3 0.1955000413843353 3.94
true 0.0005410120807720816 971 4 3 0.28 4 0.1955000413843353 7.26
true 0.0005808328434645932 993 4 4 0.28 3 0.1955000413843353 5.69
true 0.00015086603345358662 1307 4 4 0.28 4 0.1955000413843353 9.53
true 1.5349669192921134e-6 681 4 1 0.32 3 0.3673031991535092 3.62
true 1.1279935486219195e-6 1025 4 1 0.32 4 0.3673031991535092 7.22
true 0.007359468482195347 784 4 2 0.32 3 0.3673031991535092 4.46
true 4.3766331424555105e-6 1082 4 2 0.32 4 0.3673031991535092 7.5
true 0.0009311326973175197 1000 4 3 0.32 3 0.3673031991535092 5.88
true 0.00037584296734771705 2503 4 3 0.32 4 0.3673031991535092 17.86
true 7.513597343483669e-5 1634 4 4 0.32 3 0.3673031991535092 9.4
true 3.4654432695055415e-5 1445 4 4 0.32 4 0.3673031991535092 10.53
true 5.5088179451878716e-5 1383 4 1 0.36 3 0.5242078864035358 7.66
true 1.6278967429617097e-7 439 4 1 0.36 4 0.5242078864035358 3.79
true 0.011123440544134167 1141 4 2 0.36 3 0.5242078864035358 6.09
true 7.743522020542404e-7 1036 4 2 0.36 4 0.5242078864035358 7.78
true 0.003349885173874375 882 4 3 0.36 3 0.5242078864035358 5.04
true 1.0988055079078999e-5 1321 4 3 0.36 4 0.5242078864035358 9.68
true 0.0545299389928417 1243 4 4 0.36 3 0.5242078864035358 7.23
true 0.00036369204212699513 766 4 4 0.36 4 0.5242078864035358 5.65
true 0.0007335466570604909 1203 4 1 0.4 3 0.6032626509160969 6.76
true 1.732250721198092e-7 475 4 1 0.4 4 0.6032626509160969 4.09
true 0.01632788482733008 997 4 2 0.4 3 0.6032626509160969 5.78
true 3.527201062392127e-6 837 4 2 0.4 4 0.6032626509160969 6.01
true 6.235262960011904e-5 1312 4 3 0.4 3 0.6032626509160969 7.6
true 6.624763539149943e-6 3511 4 3 0.4 4 0.6032626509160969 23.31
true 6.242255225386018e-5 484 4 4 0.4 3 0.6032626509160969 2.97
true 6.238797418936515e-5 1441 4 4 0.4 4 0.6032626509160969 10.05
true 3.9180936007687794e-5 454 4 1 0.44 3 0.6197629413526827 2.78
true 4.9489049913642447e-8 455 4 1 0.44 4 0.6197629413526827 3.97
true 0.024344341746644488 1638 4 2 0.44 3 0.6197629413526827 9.23
true 9.523236502495536e-6 706 4 2 0.44 4 0.6197629413526827 5.59
true 0.0001088840251282086 1579 4 3 0.44 3 0.6197629413526827 9.13
true 0.00017114946532964526 1452 4 3 0.44 4 0.6197629413526827 10.24
true 6.381318018616744e-5 1330 4 4 0.44 3 0.6197629413526827 7.36
true 1.3409294438992969e-5 1737 4 4 0.44 4 0.6197629413526827 12.29
true 2.6078885968505716e-6 333 4 1 0.48 3 0.6083694839555642 2.25
true 5.9138376085066113e-8 565 4 1 0.48 4 0.6083694839555642 4.4
true 0.02655608457352565 820 4 2 0.48 3 0.6083694839555642 4.82
true 9.861008972433805e-7 1075 4 2 0.48 4 0.6083694839555642 7.9
true 0.00012905821730953745 1429 4 3 0.48 3 0.6083694839555642 7.39
true 7.662372084623245e-6 763 4 3 0.48 4 0.6083694839555642 5.52
true 0.000249621419577864 540 4 4 0.48 3 0.6083694839555642 3.14
true 2.0865144849099848e-5 2836 4 4 0.48 4 0.6083694839555642 19.84
true 3.307323779844218e-7 437 4 1 0.52 3 0.5868107723568018 2.5
true 8.203361397951525e-7 526 4 1 0.52 4 0.5868107723568018 4.21
true 0.02565927798007095 787 4 2 0.52 3 0.5868107723568018 4.46
true 2.9995894840206816e-6 898 4 2 0.52 4 0.5868107723568018 7.04
true 4.1351801654080735e-5 788 4 3 0.52 3 0.5868107723568018 4.53
true 7.913135041189475e-6 953 4 3 0.52 4 0.5868107723568018 7.14
true 4.699956961078111e-5 483 4 4 0.52 3 0.5868107723568018 3.39
true 0.0011850793489731754 1840 4 4 0.52 4 0.5868107723568018 12.37
true 4.6213914367543296e-7 927 4 1 0.56 3 0.5611752507606665 4.81
true 7.128638412901012e-8 458 4 1 0.56 4 0.5611752507606665 4.28
true 0.027288123243847467 1263 4 2 0.56 3 0.5611752507606665 8.71
true 1.743410208421281e-7 781 4 2 0.56 4 0.5611752507606665 6.42
true 0.0007323424682726584 975 4 3 0.56 3 0.5611752507606665 5.73
true 0.0004538744909755958 1192 4 3 0.56 4 0.5611752507606665 9.28
true 0.00010498165885079735 1329 4 4 0.56 3 0.5611752507606665 8.1
true 9.2583623087103e-5 3113 4 4 0.56 4 0.5611752507606665 22.11
true 2.969683230991116e-7 914 4 1 0.6 3 0.533549180191324 5.02
true 1.000493716762918e-7 535 4 1 0.6 4 0.533549180191324 4.41
true 0.028383695462276287 975 4 2 0.6 3 0.533549180191324 3.29
true 0.0001076536972998976 1188 4 2 0.6 4 0.533549180191324 5.05
true 0.00019597496580769924 287 4 3 0.6 3 0.533549180191324 1.17
true 0.00029855043683951754 767 4 3 0.6 4 0.533549180191324 3.41
true 0.00018172582454829833 1353 4 4 0.6 3 0.533549180191324 4.35
true 0.001697276768081027 1716 4 4 0.6 4 0.533549180191324 7.0
true 2.6208506955394117e-5 636 4 1 0.64 3 0.5049645940759805 2.24
true 9.165041048309064e-8 382 4 1 0.64 4 0.5049645940759805 1.98
true 0.028607668844490064 1354 4 2 0.64 3 0.5049645940759805 4.11
true 4.3501857374672603e-7 1106 4 2 0.64 4 0.5049645940759805 4.38
true 0.0002171389645866014 2311 4 3 0.64 3 0.5049645940759805 7.1
true 5.40426881906475e-6 1807 4 3 0.64 4 0.5049645940759805 6.9
true 0.00022594256385841116 2600 4 4 0.64 3 0.5049645940759805 8.08
true 0.0005041263031166088 2753 4 4 0.64 4 0.5049645940759805 10.69
true 0.00021699242690748077 783 4 1 0.68 3 0.4761670391572981 2.69
true 5.130658508378794e-6 488 4 1 0.68 4 0.4761670391572981 2.36
true 0.0033529852566597518 520 4 2 0.68 3 0.4761670391572981 1.86
true 4.80882490414003e-6 1018 4 2 0.68 4 0.4761670391572981 4.41
true 0.00028312362904233296 1855 4 3 0.68 3 0.4761670391572981 5.8
true 1.6882209043611596e-5 906 4 3 0.68 4 0.4761670391572981 3.8
true 0.00028697758810926344 990 4 4 0.68 3 0.4761670391572981 3.52
true 6.07319005410667e-6 2613 4 4 0.68 4 0.4761670391572981 10.43
true 6.583635832835277e-6 497 4 1 0.72 3 0.4477581467864862 1.78
true 1.487372494057837e-7 514 4 1 0.72 4 0.4477581467864862 2.35
true 3.926746564594796e-5 785 4 2 0.72 3 0.4477581467864862 2.54
true 1.6246385529383733e-6 1064 4 2 0.72 4 0.4477581467864862 4.72
true 0.0003425370618732604 682 4 3 0.72 3 0.4477581467864862 2.14
true 1.3042136269606855e-5 1987 4 3 0.72 4 0.4477581467864862 7.87
true 3.733136552643013e-5 1494 4 4 0.72 3 0.4477581467864862 4.51
true 2.8589215354313247e-5 1114 4 4 0.72 4 0.4477581467864862 4.65
true 4.582833067479086e-7 996 4 1 0.76 3 0.4202082855607151 3.01
true 2.7161320492741226e-7 580 4 1 0.76 4 0.4202082855607151 2.48
true 5.2989591024510396e-5 1408 4 2 0.76 3 0.4202082855607151 4.14
true 0.0001489035471944622 750 4 2 0.76 4 0.4202082855607151 3.24
true 0.0003168065457979467 1174 4 3 0.76 3 0.4202082855607151 3.66
true 0.00023767217145916528 1955 4 3 0.76 4 0.4202082855607151 7.63
true 0.00016992380552086073 964 4 4 0.76 3 0.4202082855607151 2.95
true 0.0002682105783549521 2641 4 4 0.76 4 0.4202082855607151 9.98
true 3.8576623673236554e-7 1307 4 1 0.8 3 0.3938585502319869 3.77
true 1.721997759940308e-7 422 4 1 0.8 4 0.3938585502319869 2.11
true 6.2667829316964685e-6 1461 4 2 0.8 3 0.3938585502319869 4.29
true 5.032752327133183e-6 1657 4 2 0.8 4 0.3938585502319869 6.16
true 0.00011835212963852888 450 4 3 0.8 3 0.3938585502319869 1.59
true 0.00010053214949889977 915 4 3 0.8 4 0.3938585502319869 3.74
true 0.0002705532621585932 1031 4 4 0.8 3 0.3938585502319869 3.09
true 0.00011903316095704386 1373 4 4 0.8 4 0.3938585502319869 5.28
true 2.965462519333162e-5 1025 4 1 0.84 3 0.36893192506274924 3.09
true 9.045799370666074e-8 1055 4 1 0.84 4 0.36893192506274924 4.42
true 0.0003773467253420093 1136 4 2 0.84 3 0.36893192506274924 3.77
true 9.35986484447704e-5 1881 4 2 0.84 4 0.36893192506274924 7.18
true 0.0003640061721426798 1054 4 3 0.84 3 0.36893192506274924 3.34
true 0.0013611135595598678 618 4 3 0.84 4 0.36893192506274924 2.68
true 0.0001297406671061374 2012 4 4 0.84 3 0.36893192506274924 6.0
true 2.0548550602253468e-5 4178 4 4 0.84 4 0.36893192506274924 15.59
true 3.520032161125064e-5 384 4 1 0.88 3 0.34555187407953597 1.27
true 8.543866584359572e-5 562 4 1 0.88 4 0.34555187407953597 2.74
true 7.449035448026109e-6 655 4 2 0.88 3 0.34555187407953597 2.01
true 1.7830492954562516e-5 2100 4 2 0.88 4 0.34555187407953597 7.66
true 0.0002195033685684448 653 4 3 0.88 3 0.34555187407953597 2.06
true 0.00024892236456425243 3153 4 3 0.88 4 0.34555187407953597 11.89
true 0.00018327563143126502 913 4 4 0.88 3 0.34555187407953597 2.91
true 6.3816283215056835e-6 1931 4 4 0.88 4 0.34555187407953597 7.68
true 3.743570357594983e-7 736 4 1 0.92 3 0.32376370904828605 2.23
true 5.683259928501716e-6 1294 4 1 0.92 4 0.32376370904828605 5.09
true 0.02496650906297146 2095 4 2 0.92 3 0.32376370904828605 6.5
true 3.1244931073814985e-6 1184 4 2 0.92 4 0.32376370904828605 5.59
true 0.00020779666343575162 585 4 3 0.92 3 0.32376370904828605 1.91
true 2.7360934623484507e-5 2293 4 3 0.92 4 0.32376370904828605 9.17
true 0.0002218098880533842 1829 4 4 0.92 3 0.32376370904828605 5.63
true 0.00018132816451299494 577 4 4 0.92 4 0.32376370904828605 2.6
true 2.416485723094608e-5 1047 4 1 0.96 3 0.30355517414078803 3.35
true 1.1027739432734052e-7 477 4 1 0.96 4 0.30355517414078803 2.26
true 1.6190088041878603e-6 1656 4 2 0.96 3 0.30355517414078803 5.12
true 3.495299053468681e-6 1070 4 2 0.96 4 0.30355517414078803 4.37
true 2.0315135300208453e-5 1002 4 3 0.96 3 0.30355517414078803 3.03
true 0.000993781984851912 1299 4 3 0.96 4 0.30355517414078803 5.49
true 0.00011539171535995818 670 4 4 0.96 3 0.30355517414078803 2.39
true 0.0003683120215201563 1870 4 4 0.96 4 0.30355517414078803 7.7
true 2.9650062559893886e-5 533 4 1 1.0 3 0.28487427258540376 1.83
true 1.0812356758815866e-6 400 4 1 1.0 4 0.28487427258540376 1.94
true 6.752370238274907e-5 1090 4 2 1.0 3 0.28487427258540376 3.34
true 3.263041476689321e-5 1792 4 2 1.0 4 0.28487427258540376 7.11
true 0.00020662414654213737 957 4 3 1.0 3 0.28487427258540376 2.96
true 0.0009194931212505401 2002 4 3 1.0 4 0.28487427258540376 7.67
true 0.00020015912879230158 1338 4 4 1.0 3 0.28487427258540376 4.29
true 4.2860181327389335e-5 1312 4 4 1.0 4 0.28487427258540376 5.27