

g_converged min_loss iter nsites nqubits0 h nlayers SvN time
true 1.3511712371183648e-7 239 4 1 0.0 3 0.0 1.32
true 1.2801281940033604e-7 415 4 1 0.0 4 0.0 2.86
true 1.2337491716030158e-6 611 4 2 0.0 3 0.0 2.58
true 1.0527482708078129e-6 496 4 2 0.0 4 0.0 3.08
true 4.971898437215276e-6 578 4 3 0.0 3 0.0 2.48
true 3.1362183200063973e-6 931 4 3 0.0 4 0.0 5.63
true 6.646990874131786e-5 367 4 4 0.0 3 0.0 1.84
true 1.0483724724175136e-6 531 4 4 0.0 4 0.0 3.47
true 3.5579179857858634e-7 216 4 1 0.04 3 5.221054521751489e-7 1.19
true 1.9833382109424313e-6 427 4 1 0.04 4 5.221054521751489e-7 2.89
true 3.4649841734735176e-6 276 4 2 0.04 3 5.221054521751489e-7 1.47
true 6.760006893663517e-5 427 4 2 0.04 4 5.221054521751489e-7 2.87
true 4.011465555286975e-7 241 4 3 0.04 3 5.221054521751489e-7 1.33
true 6.080395639744089e-6 738 4 3 0.04 4 5.221054521751489e-7 4.42
true 1.7744634933231085e-6 390 4 4 0.04 3 5.221054521751489e-7 1.88
true 1.1483068318940415e-5 856 4 4 0.04 4 5.221054521751489e-7 4.82
true 6.728483278761743e-6 289 4 1 0.08 3 0.00031555771092967207 1.43
true 2.2079684543097056e-5 339 4 1 0.08 4 0.00031555771092967207 2.63
true 7.971263917605498e-6 272 4 2 0.08 3 0.00031555771092967207 1.39
true 5.171293961436785e-6 505 4 2 0.08 4 0.00031555771092967207 3.11
true 2.1411893658359233e-5 635 4 3 0.08 3 0.00031555771092967207 2.5
true 5.9146092666328975e-6 499 4 3 0.08 4 0.00031555771092967207 2.24
true 2.8865306506226096e-5 1096 4 4 0.08 3 0.00031555771092967207 3.38
true 1.958961738407483e-5 868 4 4 0.08 4 0.00031555771092967207 3.83
true 0.00021092409895345776 324 4 1 0.12 3 0.002857451366537061 1.15
true 6.034430440837735e-5 378 4 1 0.12 4 0.002857451366537061 1.85
true 8.305845715755877e-5 421 4 2 0.12 3 0.002857451366537061 1.39
true 0.00013322771496290797 558 4 2 0.12 4 0.002857451366537061 2.48
true 0.00012370236542819102 603 4 3 0.12 3 0.002857451366537061 1.89
true 0.00015105126207975994 551 4 3 0.12 4 0.002857451366537061 2.49
true 7.906800718132656e-6 733 4 4 0.12 3 0.002857451366537061 2.46
true 1.3892919629998612e-5 834 4 4 0.12 4 0.002857451366537061 3.74
true 6.607152339810352e-5 333 4 1 0.16 3 0.009312166724123666 1.09
true 0.00010132036167836977 370 4 1 0.16 4 0.009312166724123666 2.06
true 0.0005604402620785209 319 4 2 0.16 3 0.009312166724123666 1.18
true 6.729803197411122e-5 1061 4 2 0.16 4 0.009312166724123666 4.18
true 0.00013243189211429676 550 4 3 0.16 3 0.009312166724123666 1.83
true 1.3207563873129935e-5 1404 4 3 0.16 4 0.009312166724123666 5.54
true 0.0005622497369073692 442 4 4 0.16 3 0.009312166724123666 1.56
true 0.00015658252787587035 1167 4 4 0.16 4 0.009312166724123666 4.78
true 4.980076295846292e-6 880 4 1 0.2 3 0.028809882776728333 2.82
true 2.9651244825956713e-5 585 4 1 0.2 4 0.028809882776728333 2.51
true 0.00016633709086671944 1183 4 2 0.2 3 0.028809882776728333 3.6
true 8.404651361204607e-6 1786 4 2 0.2 4 0.028809882776728333 6.72
true 0.001763475851878286 662 4 3 0.2 3 0.028809882776728333 2.17
true 3.173534230412519e-5 1611 4 3 0.2 4 0.028809882776728333 6.12
true 0.0024685917548995934 667 4 4 0.2 3 0.028809882776728333 2.14
true 0.00011611642242641274 661 4 4 0.2 4 0.028809882776728333 2.94
true 0.00025086466692120224 268 4 1 0.24 3 0.08188079160576314 0.97
true 1.0031056453252418e-5 629 4 1 0.24 4 0.08188079160576314 2.76
true 0.0007822644099786669 908 4 2 0.24 3 0.08188079160576314 2.92
true 8.096328087331406e-5 831 4 2 0.24 4 0.08188079160576314 3.37
true 0.005117363273408855 615 4 3 0.24 3 0.08188079160576314 2.01
true 5.613326422867123e-5 2261 4 3 0.24 4 0.08188079160576314 8.79
true 0.00016307323478147173 890 4 4 0.24 3 0.08188079160576314 2.87
true 0.00019113678958222746 967 4 4 0.24 4 0.08188079160576314 3.89
true 0.00013549173718052643 371 4 1 0.28 3 0.1955000413843353 1.32
true 2.1740483078236394e-6 651 4 1 0.28 4 0.1955000413843353 2.64
true 0.022564960989140043 314 4 2 0.28 3 0.1955000413843353 1.2
true 4.225274528812939e-6 2399 4 2 0.28 4 0.1955000413843353 9.05
true 0.000857607660188738 1965 4 3 0.28 3 0.1955000413843353 5.99
true 8.800826535974397e-5 990 4 3 0.28 4 0.1955000413843353 4.0
true 0.0005588877131558756 960 4 4 0.28 3 0.1955000413843353 2.97
true 1.8990759905107568e-5 1303 4 4 0.28 4 0.1955000413843353 5.13
true 0.00010543683462177489 309 4 1 0.32 3 0.3673031991535092 1.1
true 1.9965508291086564e-7 620 4 1 0.32 4 0.3673031991535092 2.74
true 0.0056751107939843615 1039 4 2 0.32 3 0.3673031991535092 3.13
true 5.884468058400816e-5 1118 4 2 0.32 4 0.3673031991535092 4.26
true 8.957555166921871e-5 387 4 3 0.32 3 0.3673031991535092 1.39
true 0.0002036013206676568 621 4 3 0.32 4 0.3673031991535092 2.69
true 0.00012118585385867409 926 4 4 0.32 3 0.3673031991535092 2.9
true 0.000943876824907805 982 4 4 0.32 4 0.3673031991535092 3.95
true 0.0003489124164403612 477 4 1 0.36 3 0.5242078864035358 1.51
true 7.239339170905801e-7 512 4 1 0.36 4 0.5242078864035358 2.2
true 0.0004255569545534299 353 4 2 0.36 3 0.5242078864035358 1.18
true 8.726963597227577e-5 1147 4 2 0.36 4 0.5242078864035358 4.45
true 7.549643905670662e-5 379 4 3 0.36 3 0.5242078864035358 1.29
true 0.0015445674663048063 504 4 3 0.36 4 0.5242078864035358 2.4
true 7.988818756354821e-5 1267 4 4 0.36 3 0.5242078864035358 4.02
true 0.00013823442332017155 1055 4 4 0.36 4 0.5242078864035358 4.22
true 6.280879854481114e-5 507 4 1 0.4 3 0.6032626509160969 1.66
true 2.43545419997826e-7 644 4 1 0.4 4 0.6032626509160969 2.68
true 0.016371875414718073 628 4 2 0.4 3 0.6032626509160969 1.97
true 3.193835530823641e-6 1083 4 2 0.4 4 0.6032626509160969 4.14
true 0.00021288646878164785 799 4 3 0.4 3 0.6032626509160969 2.32
true 0.0002442476490816155 871 4 3 0.4 4 0.6032626509160969 3.61
true 5.32731914947987e-5 466 4 4 0.4 3 0.6032626509160969 1.55
true 0.0003767762715650713 1408 4 4 0.4 4 0.6032626509160969 5.45
true 9.639857401322338e-6 325 4 1 0.44 3 0.6197629413526827 1.11
true 1.0110088410897333e-7 370 4 1 0.44 4 0.6197629413526827 1.75
true 0.029536788330610547 1470 4 2 0.44 3 0.6197629413526827 4.59
true 6.012624730600269e-7 1076 4 2 0.44 4 0.6197629413526827 4.1
true 0.00012991844806488814 2067 4 3 0.44 3 0.6197629413526827 5.9
true 0.00011373130604587962 1826 4 3 0.44 4 0.6197629413526827 6.8
true 0.0001034692090522843 1429 4 4 0.44 3 0.6197629413526827 4.25
true 2.4372350025073097e-5 1607 4 4 0.44 4 0.6197629413526827 6.11
true 3.9929089524159966e-5 1074 4 1 0.48 3 0.6083694839555642 3.27
true 1.3128223097513825e-7 390 4 1 0.48 4 0.6083694839555642 1.82
true 0.00392672711637615 708 4 2 0.48 3 0.6083694839555642 2.14
true 2.9102117985180254e-6 1655 4 2 0.48 4 0.6083694839555642 6.08
true 4.2345077458390744e-5 1283 4 3 0.48 3 0.6083694839555642 3.93
true 1.1284868791205938e-5 2103 4 3 0.48 4 0.6083694839555642 7.59
true 4.512394573694123e-5 1017 4 4 0.48 3 0.6083694839555642 3.14
true 1.7038116693943173e-5 1943 4 4 0.48 4 0.6083694839555642 7.48
true 2.51791401195689e-6 1019 4 1 0.52 3 0.5868107723568018 2.97
true 1.187620948250867e-7 373 4 1 0.52 4 0.5868107723568018 1.78
true 0.0003267092946058203 366 4 2 0.52 3 0.5868107723568018 1.22
true 3.8574218430564855e-7 1586 4 2 0.52 4 0.5868107723568018 5.78
true 0.002882051159916336 1786 4 3 0.52 3 0.5868107723568018 5.29
true 0.000590125432053242 3640 4 3 0.52 4 0.5868107723568018 13.62
true 8.883594711853182e-5 666 4 4 0.52 3 0.5868107723568018 2.11
true 2.296964127228296e-5 1296 4 4 0.52 4 0.5868107723568018 5.32
true 9.290629459979272e-6 408 4 1 0.56 3 0.5611752507606665 1.35
true 4.005661546901962e-8 456 4 1 0.56 4 0.5611752507606665 2.03
true 0.00026193862810289237 1414 4 2 0.56 3 0.5611752507606665 4.11
true 9.727889413785329e-5 1196 4 2 0.56 4 0.5611752507606665 4.46
true 4.395055314848628e-5 873 4 3 0.56 3 0.5611752507606665 2.66
true 0.00030386383314164506 813 4 3 0.56 4 0.5611752507606665 3.25
true 0.00018559612482639543 1674 4 4 0.56 3 0.5611752507606665 4.94
true 0.0001282803663993498 1310 4 4 0.56 4 0.5611752507606665 5.05
true 1.648179620783452e-6 1008 4 1 0.6 3 0.533549180191324 3.04
true 7.063585438227271e-7 586 4 1 0.6 4 0.533549180191324 2.46
true 0.028331597552734372 1176 4 2 0.6 3 0.533549180191324 3.3
true 8.276312120358842e-7 1607 4 2 0.6 4 0.533549180191324 5.95
true 0.00019132920678001838 1370 4 3 0.6 3 0.533549180191324 3.91
true 2.3497903556083757e-6 1844 4 3 0.6 4 0.533549180191324 6.81
true 0.0002264861261849771 842 4 4 0.6 3 0.533549180191324 2.72
true 4.842559274825797e-5 1480 4 4 0.6 4 0.533549180191324 5.44
true 1.7537748397966624e-7 283 4 1 0.64 3 0.5049645940759805 0.96
true 6.9658621193458e-7 673 4 1 0.64 4 0.5049645940759805 2.65
true 0.00020759152355215305 404 4 2 0.64 3 0.5049645940759805 1.45
true 2.3806506439238984e-6 523 4 2 0.64 4 0.5049645940759805 2.39
true 0.003484752389146084 683 4 3 0.64 3 0.5049645940759805 2.09
true 2.1834276378029926e-5 1554 4 3 0.64 4 0.5049645940759805 5.67
true 0.0005189267907761003 1288 4 4 0.64 3 0.5049645940759805 3.78
true 1.0286125674996427e-5 3406 4 4 0.64 4 0.5049645940759805 12.4
true 6.731009097649121e-6 420 4 1 0.68 3 0.4761670391572981 1.33
true 2.4453991786521634e-6 472 4 1 0.68 4 0.4761670391572981 2.21
true 0.0002023786078347023 660 4 2 0.68 3 0.4761670391572981 2.1
true 1.8664281471458821e-6 1494 4 2 0.68 4 0.4761670391572981 5.44
true 5.092684416946325e-5 1276 4 3 0.68 3 0.4761670391572981 3.66
true 0.0005441826803043911 2026 4 3 0.68 4 0.4761670391572981 8.27
true 4.038307964494836e-5 1081 4 4 0.68 3 0.4761670391572981 3.17
true 1.894224015820678e-5 2706 4 4 0.68 4 0.4761670391572981 9.68
true 0.0007340536086685723 511 4 1 0.72 3 0.4477581467864862 1.56
true 1.1349284390616e-6 522 4 1 0.72 4 0.4477581467864862 2.33
true 0.00015374278399185592 445 4 2 0.72 3 0.4477581467864862 1.39
true 3.6467430752362695e-6 1577 4 2 0.72 4 0.4477581467864862 5.59
true 3.933651578003072e-5 459 4 3 0.72 3 0.4477581467864862 1.45
true 0.0002745813216720183 1723 4 3 0.72 4 0.4477581467864862 6.18
true 0.0002740925012376799 1179 4 4 0.72 3 0.4477581467864862 3.44
true 0.001582616432790937 1533 4 4 0.72 4 0.4477581467864862 5.53
true 0.002500795171144654 336 4 1 0.76 3 0.4202082855607151 1.17
true 3.099064682321462e-6 405 4 1 0.76 4 0.4202082855607151 1.83
true 0.02849143243701302 1174 4 2 0.76 3 0.4202082855607151 3.45
true 1.6506653284786843e-6 562 4 2 0.76 4 0.4202082855607151 2.33
true 0.00022535854815665854 536 4 3 0.76 3 0.4202082855607151 1.69
true 4.6393556540624825e-5 971 4 3 0.76 4 0.4202082855607151 3.77
true 0.0002933731358453623 873 4 4 0.76 3 0.4202082855607151 2.79
true 3.7598924547133095e-6 1657 4 4 0.76 4 0.4202082855607151 6.36
true 3.0017658664838187e-6 610 4 1 0.8 3 0.3938585502319869 1.8
true 6.203586005448791e-7 547 4 1 0.8 4 0.3938585502319869 2.28
true 0.0002838882145149435 2493 4 2 0.8 3 0.3938585502319869 7.07
true 8.15558642613956e-6 1964 4 2 0.8 4 0.3938585502319869 7.09
true 0.00028014782649354864 1339 4 3 0.8 3 0.3938585502319869 3.73
true 8.082758917484408e-5 2398 4 3 0.8 4 0.3938585502319869 8.96
true 0.00022114580232567016 991 4 4 0.8 3 0.3938585502319869 2.91
true 3.448202208994333e-5 2233 4 4 0.8 4 0.3938585502319869 8.02
true 0.00010719857000685007 328 4 1 0.84 3 0.36893192506274924 1.26
true 2.7091100174292393e-7 432 4 1 0.84 4 0.36893192506274924 1.91
true 4.596515495014497e-5 1240 4 2 0.84 3 0.36893192506274924 3.54
true 1.4719361917242546e-5 787 4 2 0.84 4 0.36893192506274924 3.17
true 0.0031426229948394537 1262 4 3 0.84 3 0.36893192506274924 3.73
true 3.976569282237996e-5 1378 4 3 0.84 4 0.36893192506274924 4.98
true 4.463627424582117e-5 462 4 4 0.84 3 0.36893192506274924 1.57
true 0.0009629487106746631 3193 4 4 0.84 4 0.36893192506274924 11.28
true 0.0005558274222577375 775 4 1 0.88 3 0.34555187407953597 2.2
true 1.8283466862722975e-7 532 4 1 0.88 4 0.34555187407953597 2.32
true 0.02598694564111592 1324 4 2 0.88 3 0.34555187407953597 3.76
true 2.574582570230577e-5 1540 4 2 0.88 4 0.34555187407953597 5.86
true 0.00024442451270719384 1120 4 3 0.88 3 0.34555187407953597 3.1
true 0.0004577320108079171 2565 4 3 0.88 4 0.34555187407953597 9.43
true 0.00017872649935173068 1162 4 4 0.88 3 0.34555187407953597 3.36
true 6.735018343458077e-5 1458 4 4 0.88 4 0.34555187407953597 5.54
true 2.144921643632003e-7 623 4 1 0.92 3 0.32376370904828605 1.85
true 1.7426200529246927e-6 1177 4 1 0.92 4 0.32376370904828605 4.25
true 0.0006812465158901326 1351 4 2 0.92 3 0.32376370904828605 3.79
true 1.2025927697556504e-6 1151 4 2 0.92 4 0.32376370904828605 4.24
true 0.0011912914698471628 800 4 3 0.92 3 0.32376370904828605 2.25
true 1.0566638369994644e-5 3263 4 3 0.92 4 0.32376370904828605 11.16
true 3.4856599800459076e-5 1251 4 4 0.92 3 0.32376370904828605 3.48
true 8.270651161586262e-5 2904 4 4 0.92 4 0.32376370904828605 10.66
true 4.482253722071228e-7 465 4 1 0.96 3 0.30355517414078803 1.4
true 2.0809559125867239e-7 354 4 1 0.96 4 0.30355517414078803 1.81
true 9.825332650353902e-5 1150 4 2 0.96 3 0.30355517414078803 3.39
true 2.2112666570039963e-6 1908 4 2 0.96 4 0.30355517414078803 6.7
true 0.00023697878322620491 919 4 3 0.96 3 0.30355517414078803 2.67
true 1.8205173348495585e-5 1593 4 3 0.96 4 0.30355517414078803 5.7
true 0.00022070410327326706 1608 4 4 0.96 3 0.30355517414078803 4.57
true 0.0007882099619269944 1842 4 4 0.96 4 0.30355517414078803 6.66
true 2.184492735146648e-6 1176 4 1 1.0 3 0.28487427258540376 3.24
true 1.7263037888071153e-6 494 4 1 1.0 4 0.28487427258540376 2.2
true 2.239615304380771e-5 1041 4 2 1.0 3 0.28487427258540376 2.94
true 3.1653768116368663e-6 1405 4 2 1.0 4 0.28487427258540376 4.95
true 1.823921537609981e-5 1057 4 3 1.0 3 0.28487427258540376 3.11
true 0.00012042373398405785 1194 4 3 1.0 4 0.28487427258540376 4.31
true 0.0001618744794189414 501 4 4 1.0 3 0.28487427258540376 1.6
true 0.0005251639789234652 751 4 4 1.0 4 0.28487427258540376 3.13