changes = Time vs nsites = 4 vs nqubits0 vs h vs nlayers

g_converged min_loss iter nsites nqubits0 h nlayers SvN time
true 1.154286559668094e-7 57 4 1 0.0 1 0.0 0.11
true 7.209039337707779e-8 126 4 1 0.0 2 0.0 0.48
true 1.5370068434661377e-7 230 4 1 0.0 3 0.0 1.22
true 1.9017283303668364e-8 355 4 1 0.0 4 0.0 2.53
true 9.028234784769218e-8 72 4 2 0.0 1 0.0 0.27
true 2.9299651141401206e-7 156 4 2 0.0 2 0.0 0.57
true 3.1221199539299693e-6 355 4 2 0.0 3 0.0 1.65
true 2.1441431420354817e-6 501 4 2 0.0 4 0.0 3.49
true 5.50324245451872e-7 77 4 3 0.0 1 0.0 0.15
true 1.2569997433672006e-7 263 4 3 0.0 2 0.0 0.85
true 6.009762142652105e-5 261 4 3 0.0 3 0.0 1.42
true 8.727044994253733e-7 697 4 3 0.0 4 0.0 4.27
true 0.25000059114307793 69 4 4 0.0 1 0.0 0.14
true 3.2225672222385704e-7 364 4 4 0.0 2 0.0 1.17
true 2.3096494866647888e-7 339 4 4 0.0 3 0.0 1.7
true 1.0437122914541686e-7 506 4 4 0.0 4 0.0 3.67
true 2.1075670098014143e-7 54 4 1 0.02 1 1.5519341457791147e-8 0.11
true 7.883214564463614e-8 146 4 1 0.02 2 1.5519341457791147e-8 0.53
true 4.335341722283559e-7 238 4 1 0.02 3 1.5519341457791147e-8 1.24
true 4.744167975134772e-8 424 4 1 0.02 4 1.5519341457791147e-8 3.13
true 4.2957196114135066e-7 74 4 2 0.02 1 1.5519341457791147e-8 0.14
true 2.4219526334468e-7 180 4 2 0.02 2 1.5519341457791147e-8 0.71
true 3.4254750319595573e-7 303 4 2 0.02 3 1.5519341457791147e-8 1.71
true 2.8318618063433165e-5 405 4 2 0.02 4 1.5519341457791147e-8 3.13
true 0.3333334896952103 57 4 3 0.02 1 1.5519341457791147e-8 0.13
true 2.833970038085276e-7 244 4 3 0.02 2 1.5519341457791147e-8 0.9
true 2.4386408277917343e-7 385 4 3 0.02 3 1.5519341457791147e-8 2.02
true 2.2198807733353476e-5 686 4 3 0.02 4 1.5519341457791147e-8 4.15
true 6.572850651670459e-7 89 4 4 0.02 1 1.5519341457791147e-8 0.18
true 1.1020644451187334e-7 198 4 4 0.02 2 1.5519341457791147e-8 0.72
true 3.681486559381497e-6 521 4 4 0.02 3 1.5519341457791147e-8 2.43
true 2.127250260858249e-6 937 4 4 0.02 4 1.5519341457791147e-8 5.37
true 3.687409024233368e-7 65 4 1 0.04 1 5.221054521751489e-7 0.13
true 8.049068950244376e-8 143 4 1 0.04 2 5.221054521751489e-7 0.54
true 2.6697078198134605e-7 241 4 1 0.04 3 5.221054521751489e-7 1.28
true 1.2053100391096194e-6 381 4 1 0.04 4 5.221054521751489e-7 2.88
true 7.141370251817492e-7 79 4 2 0.04 1 5.221054521751489e-7 0.15
true 3.1075956088977286e-7 250 4 2 0.04 2 5.221054521751489e-7 0.89
true 2.5916024740113563e-7 501 4 2 0.04 3 5.221054521751489e-7 2.36
true 5.702835826365549e-5 509 4 2 0.04 4 5.221054521751489e-7 3.49
true 4.816732876999907e-7 63 4 3 0.04 1 5.221054521751489e-7 0.14
true 1.152752332959454e-6 190 4 3 0.04 2 5.221054521751489e-7 0.71
true 7.138298548555374e-7 302 4 3 0.04 3 5.221054521751489e-7 1.58
true 9.715827349802511e-6 730 4 3 0.04 4 5.221054521751489e-7 4.46
true 8.533597411625182e-7 72 4 4 0.04 1 5.221054521751489e-7 0.16
true 2.8410502994624665e-7 610 4 4 0.04 2 5.221054521751489e-7 2.19
true 1.3435862449007185e-7 436 4 4 0.04 3 5.221054521751489e-7 2.19
true 8.807199797788989e-7 1091 4 4 0.04 4 5.221054521751489e-7 6.61
true 5.07243398839563e-7 59 4 1 0.06 1 3.2712639605332464e-5 0.12
true 2.535005169002069e-6 146 4 1 0.06 2 3.2712639605332464e-5 0.52
true 2.912492057527416e-7 252 4 1 0.06 3 3.2712639605332464e-5 1.35
true 1.5587151034335278e-6 418 4 1 0.06 4 3.2712639605332464e-5 2.59
true 1.62025270383781e-6 66 4 2 0.06 1 3.2712639605332464e-5 0.14
true 6.859897511563018e-6 212 4 2 0.06 2 3.2712639605332464e-5 0.73
true 1.3084913336181003e-6 282 4 2 0.06 3 3.2712639605332464e-5 1.5
true 1.741916440423097e-6 662 4 2 0.06 4 3.2712639605332464e-5 4.09
true 2.289595135189041e-6 77 4 3 0.06 1 3.2712639605332464e-5 0.17
true 3.27792555326889e-6 269 4 3 0.06 2 3.2712639605332464e-5 0.93
true 1.225082922264494e-5 662 4 3 0.06 3 3.2712639605332464e-5 2.95
true 2.2805118896074283e-6 560 4 3 0.06 4 3.2712639605332464e-5 3.69
true 0.2500003042465253 72 4 4 0.06 1 3.2712639605332464e-5 0.16
true 1.8122192019381922e-6 395 4 4 0.06 2 3.2712639605332464e-5 1.3
true 1.928399490189192e-6 365 4 4 0.06 3 3.2712639605332464e-5 1.98
true 1.344246627565937e-6 501 4 4 0.06 4 3.2712639605332464e-5 3.52
true 6.875027358521635e-7 54 4 1 0.08 1 0.00031555771092967207 0.12
true 3.55329254714265e-6 130 4 1 0.08 2 0.00031555771092967207 0.49
true 2.025916386427795e-6 242 4 1 0.08 3 0.00031555771092967207 1.32
true 4.3835932611591133e-7 338 4 1 0.08 4 0.00031555771092967207 2.58
true 1.5435525125478966e-5 90 4 2 0.08 1 0.00031555771092967207 0.19
true 2.86769697245004e-5 270 4 2 0.08 2 0.00031555771092967207 0.86
true 1.5398757884421688e-5 306 4 2 0.08 3 0.00031555771092967207 1.63
true 1.4289276327850153e-5 493 4 2 0.08 4 0.00031555771092967207 3.14
true 2.0214166683888795e-5 62 4 3 0.08 1 0.00031555771092967207 0.13
true 5.848513614002219e-5 222 4 3 0.08 2 0.00031555771092967207 0.79
true 1.7935297431344772e-5 351 4 3 0.08 3 0.00031555771092967207 1.92
true 1.1222530742112843e-5 749 4 3 0.08 4 0.00031555771092967207 4.65
true 1.5300819613706107e-5 70 4 4 0.08 1 0.00031555771092967207 0.16
true 1.7827786334370654e-5 285 4 4 0.08 2 0.00031555771092967207 0.95
true 4.450326366271795e-5 402 4 4 0.08 3 0.00031555771092967207 1.93
true 1.0422822872474535e-5 551 4 4 0.08 4 0.00031555771092967207 3.77
true 2.8569364498021166e-6 80 4 1 0.1 1 0.0012584685665444728 0.16
true 2.7567423585117545e-5 139 4 1 0.1 2 0.0012584685665444728 0.52
true 5.1866538974432164e-5 263 4 1 0.1 3 0.0012584685665444728 1.41
true 3.3246528160280064e-5 399 4 1 0.1 4 0.0012584685665444728 2.75
true 6.67474120059075e-5 74 4 2 0.1 1 0.0012584685665444728 0.15
true 1.0651741632977663e-5 151 4 2 0.1 2 0.0012584685665444728 0.59
true 3.44453815451784e-5 455 4 2 0.1 3 0.0012584685665444728 2.36
true 0.00011665833276580662 513 4 2 0.1 4 0.0012584685665444728 3.26
true 8.778112848817354e-5 70 4 3 0.1 1 0.0012584685665444728 0.15
true 8.460826612597765e-5 188 4 3 0.1 2 0.0012584685665444728 0.69
true 8.454050605521957e-5 378 4 3 0.1 3 0.0012584685665444728 1.98
true 8.400313518510301e-5 400 4 3 0.1 4 0.0012584685665444728 2.83
true 6.710960570431579e-5 98 4 4 0.1 1 0.0012584685665444728 0.21
true 0.2500013887394895 169 4 4 0.1 2 0.0012584685665444728 0.67
true 8.886676181878161e-5 442 4 4 0.1 3 0.0012584685665444728 2.21
true 2.3746359065338063e-5 1341 4 4 0.1 4 0.0012584685665444728 7.92
true 8.517329721513534e-6 57 4 1 0.12 1 0.002857451366537061 0.11
true 0.00032400350731948135 142 4 1 0.12 2 0.002857451366537061 0.54
true 0.000319840556288975 209 4 1 0.12 3 0.002857451366537061 1.21
true 2.3161611123201364e-5 442 4 1 0.12 4 0.002857451366537061 3.06
true 0.0001642456317705876 85 4 2 0.12 1 0.002857451366537061 0.18
true 0.00024022007744409213 197 4 2 0.12 2 0.002857451366537061 0.73
true 3.336777616019804e-5 649 4 2 0.12 3 0.002857451366537061 2.86
true 7.031688690625759e-5 1111 4 2 0.12 4 0.002857451366537061 6.18
true 0.00021678271589633166 76 4 3 0.12 1 0.002857451366537061 0.15
true 0.00022010239170353976 214 4 3 0.12 2 0.002857451366537061 0.77
true 0.00012631077393454593 268 4 3 0.12 3 0.002857451366537061 1.49
true 0.00021258721526806745 376 4 3 0.12 4 0.002857451366537061 2.71
true 0.2501618032541505 59 4 4 0.12 1 0.002857451366537061 0.14
true 0.0001006900517735998 218 4 4 0.12 2 0.002857451366537061 0.79
true 0.00017175243230763138 329 4 4 0.12 3 0.002857451366537061 1.7
true 9.389467624217052e-5 678 4 4 0.12 4 0.002857451366537061 4.23
true 2.2205577421663403e-5 64 4 1 0.14 1 0.005207607228596099 0.13
true 0.0005942285646212131 187 4 1 0.14 2 0.005207607228596099 0.64
true 6.751269006960436e-5 263 4 1 0.14 3 0.005207607228596099 1.47
true 0.0002415525616359382 412 4 1 0.14 4 0.005207607228596099 2.86
true 0.00032271430249328215 65 4 2 0.14 1 0.005207607228596099 0.14
true 0.00016498170691361946 161 4 2 0.14 2 0.005207607228596099 0.64
true 1.4250575143898159e-5 1140 4 2 0.14 3 0.005207607228596099 5.05
true 0.0003346622406816824 567 4 2 0.14 4 0.005207607228596099 3.62
true 0.33333994256572935 54 4 3 0.14 1 0.005207607228596099 0.13
true 0.0004144595389710126 259 4 3 0.14 2 0.005207607228596099 0.91
true 0.0004099545386730223 645 4 3 0.14 3 0.005207607228596099 2.96
true 0.00021975037519866847 647 4 3 0.14 4 0.005207607228596099 3.96
true 0.0003278527549771676 112 4 4 0.14 1 0.005207607228596099 0.23
true 0.00031322992506430114 291 4 4 0.14 2 0.005207607228596099 1.02
true 0.0002033950982683469 399 4 4 0.14 3 0.005207607228596099 2.08
true 5.909528872748149e-5 969 4 4 0.14 4 0.005207607228596099 5.85
true 5.3415928454148e-5 56 4 1 0.16 1 0.009312166724123666 0.12
true 0.0011033106371100554 151 4 1 0.16 2 0.009312166724123666 0.53
true 2.2436065510611503e-5 633 4 1 0.16 3 0.009312166724123666 2.81
true 1.7592586347314754e-5 334 4 1 0.16 4 0.009312166724123666 2.46
true 0.0006238650475542951 93 4 2 0.16 1 0.009312166724123666 0.18
true 0.0011611759475076422 164 4 2 0.16 2 0.009312166724123666 0.59
true 0.000636028188194665 244 4 2 0.16 3 0.009312166724123666 1.34
true 0.00010379331956925086 491 4 2 0.16 4 0.009312166724123666 3.14
true 0.33334880450352133 55 4 3 0.16 1 0.009312166724123666 0.12
true 0.00010249265675432717 301 4 3 0.16 2 0.009312166724123666 1.03
true 6.393276300886708e-5 670 4 3 0.16 3 0.009312166724123666 3.08
true 2.2283137349402942e-5 1130 4 3 0.16 4 0.009312166724123666 6.7
true 0.0006362349295745556 85 4 4 0.16 1 0.009312166724123666 0.19
true 3.0864928520502044e-5 526 4 4 0.16 2 0.009312166724123666 1.7
true 0.0007574459526414473 414 4 4 0.16 3 0.009312166724123666 2.0
true 1.2028898022056755e-5 1029 4 4 0.16 4 0.009312166724123666 6.2
true 0.00012659418560417857 49 4 1 0.18 1 0.01647603291411175 0.11
true 0.0023091309497393353 131 4 1 0.18 2 0.01647603291411175 0.51
true 0.0001038728718383286 233 4 1 0.18 3 0.01647603291411175 1.26
true 5.3125046142299404e-5 523 4 1 0.18 4 0.01647603291411175 3.61
true 0.0012002906829581828 68 4 2 0.18 1 0.01647603291411175 0.14
true 0.00016086843050822086 372 4 2 0.18 2 0.01647603291411175 1.15
true 0.0010230452689376779 432 4 2 0.18 3 0.01647603291411175 2.18
true 2.176670811340764e-5 1263 4 2 0.18 4 0.01647603291411175 7.2
true 0.3333655171132926 65 4 3 0.18 1 0.01647603291411175 0.15
true 6.23186443433621e-5 307 4 3 0.18 2 0.01647603291411175 1.09
true 0.00041570947891226656 1581 4 3 0.18 3 0.01647603291411175 7.33
true 1.7520519308311666e-5 1665 4 3 0.18 4 0.01647603291411175 9.64
true 0.001230783975929503 101 4 4 0.18 1 0.01647603291411175 0.24
true 5.5024067355094464e-5 462 4 4 0.18 2 0.01647603291411175 1.6
true 0.001610894910114291 590 4 4 0.18 3 0.01647603291411175 2.72
true 3.4916371772289456e-5 1665 4 4 0.18 4 0.01647603291411175 9.78
true 0.0002917825724712553 64 4 1 0.2 1 0.028809882776728333 0.13
true 0.0042446402969236185 167 4 1 0.2 2 0.028809882776728333 0.67
true 0.00012174794254726784 251 4 1 0.2 3 0.028809882776728333 1.36
true 8.72664577628024e-6 874 4 1 0.2 4 0.028809882776728333 5.0
true 0.0023007659642619582 61 4 2 0.2 1 0.028809882776728333 0.14
true 5.010118852211143e-5 339 4 2 0.2 2 0.028809882776728333 1.13
true 7.945421884683612e-5 845 4 2 0.2 3 0.028809882776728333 3.98
true 1.8686205436851955e-5 1263 4 2 0.2 4 0.028809882776728333 7.06
true 0.0029978789419785232 76 4 3 0.2 1 0.028809882776728333 0.16
true 0.00010556495115663737 303 4 3 0.2 2 0.028809882776728333 1.03
true 0.0026998370897732826 408 4 3 0.2 3 0.028809882776728333 2.0
true 1.6862575838790434e-5 1303 4 3 0.2 4 0.028809882776728333 7.67
true 0.0023717910952564814 76 4 4 0.2 1 0.028809882776728333 0.18
true 0.0022409779849783956 441 4 4 0.2 2 0.028809882776728333 1.62
true 0.003286177032181564 1156 4 4 0.2 3 0.028809882776728333 5.69
true 4.515831672612103e-5 1242 4 4 0.2 4 0.028809882776728333 7.36
true 0.0006463173819990509 54 4 1 0.22 1 0.04938099268332533 0.12
true 0.0001007719125240003 339 4 1 0.22 2 0.04938099268332533 1.1
true 5.436681733472781e-6 499 4 1 0.22 3 0.04938099268332533 2.37
true 1.028598028973704e-7 737 4 1 0.22 4 0.04938099268332533 4.37
true 0.004367273696804147 69 4 2 0.22 1 0.04938099268332533 0.14
true 0.004456399404853623 307 4 2 0.22 2 0.04938099268332533 0.97
true 0.00047621688790724925 329 4 2 0.22 3 0.04938099268332533 1.7
true 2.3912772446760266e-5 1429 4 2 0.22 4 0.04938099268332533 8.24
true 0.005670770343774112 71 4 3 0.22 1 0.04938099268332533 0.16
true 0.005675072739474429 473 4 3 0.22 2 0.04938099268332533 1.57
true 4.141332513076431e-5 2468 4 3 0.22 3 0.04938099268332533 10.74
true 0.00012240889217048542 2518 4 3 0.22 4 0.04938099268332533 13.57
true 0.2504353490705007 71 4 4 0.22 1 0.04938099268332533 0.16
true 0.006225646555032771 299 4 4 0.22 2 0.04938099268332533 1.07
true 7.856612742507263e-5 1386 4 4 0.22 3 0.04938099268332533 6.2
true 1.6930977256496282e-5 1509 4 4 0.22 4 0.04938099268332533 8.48
true 0.0013661077584644632 56 4 1 0.24 1 0.08188079160576314 0.12
true 0.014605256078899675 298 4 1 0.24 2 0.08188079160576314 0.95
true 2.897135484142277e-5 650 4 1 0.24 3 0.08188079160576314 3.0
true 2.072690440524383e-5 376 4 1 0.24 4 0.08188079160576314 2.52
true 0.00809324214493043 75 4 2 0.24 1 0.08188079160576314 0.15
true 0.008721221580015398 536 4 2 0.24 2 0.08188079160576314 1.74
true 8.675536411556495e-5 610 4 2 0.24 3 0.08188079160576314 2.7
true 1.0590218514822114e-5 982 4 2 0.24 4 0.08188079160576314 5.4
true 0.010477023778964182 82 4 3 0.24 1 0.08188079160576314 0.17
true 0.00031245644263618494 204 4 3 0.24 2 0.08188079160576314 0.73
true 5.4856482045081055e-5 1631 4 3 0.24 3 0.08188079160576314 6.98
true 2.233742998096015e-5 2281 4 3 0.24 4 0.08188079160576314 12.65
true 0.008437856712056463 82 4 4 0.24 1 0.08188079160576314 0.18
true 0.00031790241666576624 476 4 4 0.24 2 0.08188079160576314 1.55
true 0.007869220615020392 901 4 4 0.24 3 0.08188079160576314 3.98
true 9.07131515452686e-6 666 4 4 0.24 4 0.08188079160576314 4.2
true 0.0027436013615640964 59 4 1 0.26 1 0.1297967786166197 0.11
true 0.02569666019071193 177 4 1 0.26 2 0.1297967786166197 0.62
true 3.543202633388143e-5 664 4 1 0.26 3 0.1297967786166197 2.91
true 2.7973249812629497e-6 767 4 1 0.26 4 0.1297967786166197 4.68
true 0.014464295686918122 70 4 2 0.26 1 0.1297967786166197 0.15
true 0.00026988788461632107 584 4 2 0.26 2 0.1297967786166197 1.78
true 0.0013511740360691304 1038 4 2 0.26 3 0.1297967786166197 4.42
true 0.000346840925128572 834 4 2 0.26 4 0.1297967786166197 4.84
true 0.018655154923581847 72 4 3 0.26 1 0.1297967786166197 0.15
true 0.0005309762066300627 158 4 3 0.26 2 0.1297967786166197 0.62
true 8.816346040833405e-5 1141 4 3 0.26 3 0.1297967786166197 4.91
true 1.733875847909072e-5 1793 4 3 0.26 4 0.1297967786166197 9.52
true 0.015172487802556853 92 4 4 0.26 1 0.1297967786166197 0.2
true 0.02017446409073821 340 4 4 0.26 2 0.1297967786166197 1.23
true 6.16244078117667e-5 542 4 4 0.26 3 0.1297967786166197 2.51
true 0.0007558920524669832 901 4 4 0.26 4 0.1297967786166197 5.36
true 0.005214243071780256 49 4 1 0.28 1 0.1955000413843353 0.09
true 0.000807512096799301 368 4 1 0.28 2 0.1955000413843353 1.23
true 2.1935561681507565e-5 391 4 1 0.28 3 0.1955000413843353 1.82
true 2.189159575338717e-6 985 4 1 0.28 4 0.1955000413843353 5.93
true 0.024765603200859798 64 4 2 0.28 1 0.1955000413843353 0.13
true 0.0004736848540038141 473 4 2 0.28 2 0.1955000413843353 1.47
true 0.0001054033928221676 524 4 2 0.28 3 0.1955000413843353 2.35
true 1.6613863708270227e-5 728 4 2 0.28 4 0.1955000413843353 4.58
true 0.0318056783199655 59 4 3 0.28 1 0.1955000413843353 0.13
true 0.03197144595543531 283 4 3 0.28 2 0.1955000413843353 0.93
true 0.016538001151433446 1314 4 3 0.28 3 0.1955000413843353 5.67
true 5.669805576384116e-5 1416 4 3 0.28 4 0.1955000413843353 7.65
true 0.27329362288399917 87 4 4 0.28 1 0.1955000413843353 0.18
true 0.0008979004821898506 456 4 4 0.28 2 0.1955000413843353 1.5
true 6.365294450756676e-5 540 4 4 0.28 3 0.1955000413843353 2.54
true 8.490704011659966e-5 2824 4 4 0.28 4 0.1955000413843353 15.0
true 0.009288242272512015 73 4 1 0.3 1 0.27725966462546564 0.14
true 0.0014179692240059993 184 4 1 0.3 2 0.27725966462546564 0.67
true 0.0010582723599467103 579 4 1 0.3 3 0.27725966462546564 2.62
true 1.0752959062054757e-6 354 4 1 0.3 4 0.27725966462546564 2.46
true 0.040176256721853404 77 4 2 0.3 1 0.27725966462546564 0.15
true 0.0007912198253693103 272 4 2 0.3 2 0.27725966462546564 0.93
true 0.00011662063669609646 575 4 2 0.3 3 0.27725966462546564 2.62
true 2.0405626724118164e-5 658 4 2 0.3 4 0.27725966462546564 3.94
true 0.051348095347914756 78 4 3 0.3 1 0.27725966462546564 0.17
true 0.0013724819643492665 298 4 3 0.3 2 0.27725966462546564 1.01
true 0.02637781436715018 717 4 3 0.3 3 0.27725966462546564 3.18
true 0.0005743012596463778 565 4 3 0.3 4 0.27725966462546564 3.77
true 0.04268652354520465 91 4 4 0.3 1 0.27725966462546564 0.2
true 0.0013518590149333154 314 4 4 0.3 2 0.27725966462546564 1.07
true 0.0001206060683195953 1144 4 4 0.3 3 0.27725966462546564 4.91
true 2.2705338276807208e-5 3180 4 4 0.3 4 0.27725966462546564 16.78
true 0.015317294269553916 58 4 1 0.32 1 0.3673031991535092 0.13
true 0.0022769499396023685 300 4 1 0.32 2 0.3673031991535092 1.02
true 0.0002684588812633115 382 4 1 0.32 3 0.3673031991535092 1.93
true 1.7276140470978696e-6 700 4 1 0.32 4 0.3673031991535092 4.02
true 0.06102525018618207 64 4 2 0.32 1 0.3673031991535092 0.13
true 0.0012228641612487268 199 4 2 0.32 2 0.3673031991535092 0.7
true 0.006532021898874474 591 4 2 0.32 3 0.3673031991535092 2.57
true 4.851487809570676e-6 1789 4 2 0.32 4 0.3673031991535092 9.69
true 0.0775595385606146 68 4 3 0.32 1 0.3673031991535092 0.15
true 0.0020007143441272413 225 4 3 0.32 2 0.3673031991535092 0.82
true 0.0001331115140393487 352 4 3 0.32 3 0.3673031991535092 1.89
true 0.0008082289622677874 653 4 3 0.32 4 0.3673031991535092 3.95
true 0.25904666086850364 72 4 4 0.32 1 0.3673031991535092 0.17
true 0.0018603044225213028 392 4 4 0.32 2 0.3673031991535092 1.39
true 8.694137737351448e-5 726 4 4 0.32 3 0.3673031991535092 3.21
true 0.00112814331735632 584 4 4 0.32 4 0.3673031991535092 3.91
true 0.023208336361964454 55 4 1 0.34 1 0.4534331841925793 0.12
true 0.003319660193795815 193 4 1 0.34 2 0.4534331841925793 0.64
true 0.0002359910494962314 483 4 1 0.34 3 0.4534331841925793 2.16
true 7.402674027545686e-6 793 4 1 0.34 4 0.4534331841925793 4.54
true 0.0861102775326785 55 4 2 0.34 1 0.4534331841925793 0.12
true 0.08819255781356383 377 4 2 0.34 2 0.4534331841925793 1.16
true 0.008382707437267545 1348 4 2 0.34 3 0.4534331841925793 5.8
true 5.218880026142125e-5 867 4 2 0.34 4 0.4534331841925793 5.07
true 0.10873163058054414 67 4 3 0.34 1 0.4534331841925793 0.15
true 0.10666348755417593 310 4 3 0.34 2 0.4534331841925793 1.04
true 0.00011544625743524033 795 4 3 0.34 3 0.4534331841925793 3.48
true 0.0014668286695333117 832 4 3 0.34 4 0.4534331841925793 5.14
true 0.32613101447090037 69 4 4 0.34 1 0.4534331841925793 0.15
true 0.08298598567510684 479 4 4 0.34 2 0.4534331841925793 1.53
true 0.0016980369150207814 1407 4 4 0.34 3 0.4534331841925793 6.25
true 0.0018145132608992087 1323 4 4 0.34 4 0.4534331841925793 7.48
true 0.03233981151609422 62 4 1 0.36 1 0.5242078864035358 0.14
true 0.00440730382531479 376 4 1 0.36 2 0.5242078864035358 1.19
true 5.742274625242239e-7 561 4 1 0.36 3 0.5242078864035358 2.48
true 1.4874893849992077e-6 367 4 1 0.36 4 0.5242078864035358 2.69
true 0.11275132791393866 73 4 2 0.36 1 0.5242078864035358 0.15
true 0.002271091165046535 328 4 2 0.36 2 0.5242078864035358 1.05
true 0.011070376124095449 505 4 2 0.36 3 0.5242078864035358 2.34
true 0.0002955608292410927 434 4 2 0.36 4 0.5242078864035358 2.95
true 0.1413039593004763 72 4 3 0.36 1 0.5242078864035358 0.16
true 0.0033448544222242824 449 4 3 0.36 2 0.5242078864035358 1.48
true 8.478029485764482e-5 1024 4 3 0.36 3 0.5242078864035358 4.44
true 0.0006393506335377422 2617 4 3 0.36 4 0.5242078864035358 14.06
true 0.12260563696634495 139 4 4 0.36 1 0.5242078864035358 0.3
true 0.0027742696392552973 245 4 4 0.36 2 0.5242078864035358 0.86
true 0.054530410758295025 1423 4 4 0.36 3 0.5242078864035358 6.05
true 0.001416780110744295 1589 4 4 0.36 4 0.5242078864035358 8.85
true 0.041853571586919824 62 4 1 0.38 1 0.5738898971784198 0.14
true 0.005396691849687607 275 4 1 0.38 2 0.5738898971784198 0.9
true 1.6637101739602755e-6 746 4 1 0.38 3 0.5738898971784198 3.29
true 9.316780069656971e-8 782 4 1 0.38 4 0.5738898971784198 4.27
true 0.13781300595182322 72 4 2 0.38 1 0.5738898971784198 0.14
true 0.13367602711454749 383 4 2 0.38 2 0.5738898971784198 1.17
true 5.703805966797426e-5 512 4 2 0.38 3 0.5738898971784198 2.45
true 1.6422312798247685e-6 776 4 2 0.38 4 0.5738898971784198 4.63
true 0.17122927803550944 66 4 3 0.38 1 0.5738898971784198 0.17
true 0.003906387788655356 333 4 3 0.38 2 0.5738898971784198 1.05
true 0.0021129478439827674 1475 4 3 0.38 3 0.5738898971784198 6.5
true 1.8536681099486547e-5 1588 4 3 0.38 4 0.5738898971784198 8.73
true 0.15125367088862107 83 4 4 0.38 1 0.5738898971784198 0.17
true 0.003115305385099826 650 4 4 0.38 2 0.5738898971784198 2.17
true 0.00013075232614637167 1667 4 4 0.38 3 0.5738898971784198 7.02
true 4.6950688247657246e-5 2980 4 4 0.38 4 0.5738898971784198 15.86
true 0.05107450188015317 52 4 1 0.4 1 0.6032626509160969 0.11
true 0.00620472171695069 159 4 1 0.4 2 0.6032626509160969 0.56
true 0.0008980893197106932 316 4 1 0.4 3 0.6032626509160969 1.6
true 2.5403044651151063e-7 619 4 1 0.4 4 0.6032626509160969 3.48
true 0.15897199776024978 51 4 2 0.4 1 0.6032626509160969 0.11
true 0.14592921281139692 244 4 2 0.4 2 0.6032626509160969 0.79
true 0.00015079791104707918 707 4 2 0.4 3 0.6032626509160969 2.92
true 4.3064113441904084e-7 595 4 2 0.4 4 0.6032626509160969 3.58
true 0.19557662924108343 58 4 3 0.4 1 0.6032626509160969 0.13
true 0.004352457989951357 217 4 3 0.4 2 0.6032626509160969 0.76
true 0.00016430602197749686 1424 4 3 0.4 3 0.6032626509160969 6.08
true 6.671058956832694e-5 4198 4 3 0.4 4 0.6032626509160969 21.25
true 0.4090585280693881 75 4 4 0.4 1 0.6032626509160969 0.16
true 0.0033839759551678866 580 4 4 0.4 2 0.6032626509160969 1.94
true 6.671853710996101e-5 1044 4 4 0.4 3 0.6032626509160969 4.36
true 1.600573879401157e-5 1684 4 4 0.4 4 0.6032626509160969 8.94
true 0.05971797413571989 48 4 1 0.42 1 0.6168497726156195 0.1
true 0.006817903158798377 172 4 1 0.42 2 0.6168497726156195 0.6
true 7.422618998276231e-6 2797 4 1 0.42 3 0.6168497726156195 10.72
true 9.178173582258253e-8 494 4 1 0.42 4 0.6168497726156195 3.01
true 0.17529359059678984 55 4 2 0.42 1 0.6168497726156195 0.12
true 0.0034513139208661725 211 4 2 0.42 2 0.6168497726156195 0.74
true 0.022022655053720308 427 4 2 0.42 3 0.6168497726156195 2.05
true 1.1634489564760209e-5 540 4 2 0.42 4 0.6168497726156195 3.28
true 0.21321291483637028 61 4 3 0.42 1 0.6168497726156195 0.13
true 0.00469395284838553 577 4 3 0.42 2 0.6168497726156195 1.82
true 7.656342891051067e-5 2271 4 3 0.42 3 0.6168497726156195 9.24
true 1.4094337635421153e-5 3290 4 3 0.42 4 0.6168497726156195 16.84
true 0.2875816138789738 88 4 4 0.42 1 0.6168497726156195 0.21
true 0.003595265323311614 480 4 4 0.42 2 0.6168497726156195 1.56
true 0.07975645126501546 1079 4 4 0.42 3 0.6168497726156195 4.74
true 3.15164752244107e-5 2565 4 4 0.42 4 0.6168497726156195 13.82
true 0.06781123920607951 57 4 1 0.44 1 0.6197629413526827 0.11
true 0.0072617800792132425 190 4 1 0.44 2 0.6197629413526827 0.62
true 0.0012230520632948716 295 4 1 0.44 3 0.6197629413526827 1.46
true 1.7512823049514736e-6 597 4 1 0.44 4 0.6197629413526827 3.43
true 0.18699661651472782 70 4 2 0.44 1 0.6197629413526827 0.15
true 0.0036735417162604422 241 4 2 0.44 2 0.6197629413526827 0.82
true 0.0200038535547771 1872 4 2 0.44 3 0.6197629413526827 7.78
true 1.1952126027892085e-5 999 4 2 0.44 4 0.6197629413526827 5.48
true 0.2244312654665321 71 4 3 0.44 1 0.6197629413526827 0.14
true 0.0049490422158741665 486 4 3 0.44 2 0.6197629413526827 1.6
true 0.0001331758004083731 2187 4 3 0.44 3 0.6197629413526827 9.09
true 7.516688877847362e-6 2203 4 3 0.44 4 0.6197629413526827 11.81
true 0.2083989795904957 122 4 4 0.44 1 0.6197629413526827 0.25
true 0.0037614911837360876 363 4 4 0.44 2 0.6197629413526827 1.14
true 0.08350147528711951 631 4 4 0.44 3 0.6197629413526827 2.83
true 0.00013612916167898836 2248 4 4 0.44 4 0.6197629413526827 12.18
true 0.07551713702324198 52 4 1 0.46 1 0.6160458563573982 0.1
true 0.00757098241386811 200 4 1 0.46 2 0.6160458563573982 0.65
true 4.834038473400248e-7 646 4 1 0.46 3 0.6160458563573982 2.73
true 1.1535553956498745e-7 453 4 1 0.46 4 0.6160458563573982 2.96
true 0.19484149338893303 114 4 2 0.46 1 0.6160458563573982 0.22
true 0.1453037295702097 294 4 2 0.46 2 0.6160458563573982 0.92
true 0.021502509911895867 1174 4 2 0.46 3 0.6160458563573982 4.57
true 2.0719266974889017e-6 1666 4 2 0.46 4 0.6160458563573982 8.57
true 0.23022083148779168 71 4 3 0.46 1 0.6160458563573982 0.15
true 0.005136540442412296 275 4 3 0.46 2 0.6160458563573982 0.91
true 4.5638823958804586e-5 1122 4 3 0.46 3 0.6160458563573982 4.84
true 0.0005496316188608094 1218 4 3 0.46 4 0.6160458563573982 6.88
true 0.20050860487913058 139 4 4 0.46 1 0.6160458563573982 0.28
true 0.003890031160205601 550 4 4 0.46 2 0.6160458563573982 1.7
true 7.846697011046344e-5 477 4 4 0.46 3 0.6160458563573982 2.33
true 0.0013436587550201967 1768 4 4 0.46 4 0.6160458563573982 9.27
true 0.08301076814339986 54 4 1 0.48 1 0.6083694839555642 0.12
true 0.007774827627646752 165 4 1 0.48 2 0.6083694839555642 0.6
true 0.0017974607679666077 270 4 1 0.48 3 0.6083694839555642 1.34
true 8.230068482273367e-8 382 4 1 0.48 4 0.6083694839555642 2.63
true 0.19966390184783306 58 4 2 0.48 1 0.6083694839555642 0.11
true 0.003942483052560702 209 4 2 0.48 2 0.6083694839555642 0.71
true 0.00013654665823931156 913 4 2 0.48 3 0.6083694839555642 3.84
true 3.357221665445387e-6 1054 4 2 0.48 4 0.6083694839555642 5.6
true 0.23171922674997206 54 4 3 0.48 1 0.6083694839555642 0.13
true 0.005269144572251305 227 4 3 0.48 2 0.6083694839555642 0.79
true 5.2638400184934486e-5 314 4 3 0.48 3 0.6083694839555642 1.58
true 0.00027911050456821035 1384 4 3 0.48 4 0.6083694839555642 7.33
true 0.19280634478785436 103 4 4 0.48 1 0.6083694839555642 0.22
true 0.003986113322919052 318 4 4 0.48 2 0.6083694839555642 1.08
true 0.00011856954185388013 1373 4 4 0.48 3 0.6083694839555642 5.98
true 0.00035159878495615027 3389 4 4 0.48 4 0.6083694839555642 17.85
true 0.09042152403205439 50 4 1 0.5 1 0.5983249863531529 0.1
true 0.007894296857675565 128 4 1 0.5 2 0.5983249863531529 0.46
true 2.2422860064819083e-6 2062 4 1 0.5 3 0.5983249863531529 8.02
true 9.722395982736387e-8 451 4 1 0.5 4 0.5983249863531529 3.26
true 0.22229260232182224 115 4 2 0.5 1 0.5983249863531529 0.23
true 0.004010981348303466 472 4 2 0.5 2 0.5983249863531529 1.52
true 0.02399496616050162 2717 4 2 0.5 3 0.5983249863531529 10.5
true 7.307334172895752e-6 1034 4 2 0.5 4 0.5983249863531529 5.67
true 0.24812149094417435 58 4 3 0.5 1 0.5983249863531529 0.13
true 0.00535415983095681 237 4 3 0.5 2 0.5983249863531529 0.81
true 9.426271419965548e-5 559 4 3 0.5 3 0.5983249863531529 2.5
true 0.000326136825586872 1952 4 3 0.5 4 0.5983249863531529 10.12
true 0.1846634864371996 87 4 4 0.5 1 0.5983249863531529 0.18
true 0.004050724270550268 413 4 4 0.5 2 0.5983249863531529 1.39
true 8.804623292973934e-5 728 4 4 0.5 3 0.5983249863531529 3.28
true 0.00011260080727276689 1493 4 4 0.5 4 0.5983249863531529 7.83
true 0.0978237333794646 49 4 1 0.52 1 0.5868107723568018 0.11
true 0.007943078085132504 310 4 1 0.52 2 0.5868107723568018 0.98
true 1.1775653698808952e-6 318 4 1 0.52 3 0.5868107723568018 1.57
true 1.699273773358989e-7 463 4 1 0.52 4 0.5868107723568018 2.84
true 0.20280220369380403 76 4 2 0.52 1 0.5868107723568018 0.15
true 0.004045879393424434 294 4 2 0.52 2 0.5868107723568018 0.94
true 0.025050777541915564 671 4 2 0.52 3 0.5868107723568018 2.97
true 1.3203031212910554e-5 1052 4 2 0.52 4 0.5868107723568018 5.93
true 0.22566157915617088 68 4 3 0.52 1 0.5868107723568018 0.14
true 0.00539723683962301 264 4 3 0.52 2 0.5868107723568018 0.86
true 0.00031184741043197944 477 4 3 0.52 3 0.5868107723568018 2.19
true 0.0003472197527236709 3360 4 3 0.52 4 0.5868107723568018 17.5
true 0.176436869865746 74 4 4 0.52 1 0.5868107723568018 0.16
true 0.2319568125042631 546 4 4 0.52 2 0.5868107723568018 1.74
true 0.00015649836857388466 877 4 4 0.52 3 0.5868107723568018 3.95
true 2.5039236752261163e-5 3480 4 4 0.52 4 0.5868107723568018 18.28
true 0.10525392621489665 63 4 1 0.54 1 0.5743296695059446 0.13
true 0.00792971249253599 220 4 1 0.54 2 0.5743296695059446 0.73
true 0.00040487192956722984 424 4 1 0.54 3 0.5743296695059446 1.84
true 4.5926203278146005e-6 472 4 1 0.54 4 0.5743296695059446 3.03
true 0.21083320321328086 54 4 2 0.54 1 0.5743296695059446 0.12
true 0.004050953678793795 320 4 2 0.54 2 0.5743296695059446 1.02
true 8.454511220470917e-5 417 4 2 0.54 3 0.5743296695059446 2.0
true 4.070909877945672e-6 1081 4 2 0.54 4 0.5743296695059446 5.65
true 0.21949751740396953 66 4 3 0.54 1 0.5743296695059446 0.14
true 0.0054023562448081335 701 4 3 0.54 2 0.5743296695059446 2.27
true 5.372775122998904e-5 1028 4 3 0.54 3 0.5743296695059446 4.27
true 6.048253460400055e-6 1043 4 3 0.54 4 0.5743296695059446 5.7
true 0.1683028970052725 108 4 4 0.54 1 0.5743296695059446 0.22
true 0.004095287838167358 630 4 4 0.54 2 0.5743296695059446 2.02
true 5.2233550396491024e-5 999 4 4 0.54 3 0.5743296695059446 4.19
true 0.0019392078409642688 1110 4 4 0.54 4 0.5743296695059446 6.15
true 0.11271780064309361 43 4 1 0.56 1 0.5611752507606665 0.09
true 0.007862796606767308 157 4 1 0.56 2 0.5611752507606665 0.55
true 1.3947807893655018e-6 997 4 1 0.56 3 0.5611752507606665 4.2
true 8.96038421238643e-8 505 4 1 0.56 4 0.5611752507606665 3.18
true 0.1998654169548905 77 4 2 0.56 1 0.5611752507606665 0.15
true 0.1172907027936119 440 4 2 0.56 2 0.5611752507606665 1.36
true 0.0004701674897228669 1166 4 2 0.56 3 0.5611752507606665 4.89
true 2.3223678509182166e-5 1825 4 2 0.56 4 0.5611752507606665 9.21
true 0.21185793631889024 112 4 3 0.56 1 0.5611752507606665 0.22
true 0.005372143047833122 686 4 3 0.56 2 0.5611752507606665 2.2
true 0.00013551521765966154 2173 4 3 0.56 3 0.5611752507606665 8.84
true 2.950997973982794e-5 3832 4 3 0.56 4 0.5611752507606665 19.67
true 0.16035586578162903 85 4 4 0.56 1 0.5611752507606665 0.18
true 0.004077258224266231 447 4 4 0.56 2 0.5611752507606665 1.51
true 4.6737956652775914e-5 830 4 4 0.56 3 0.5611752507606665 3.79
true 3.5257608002048357e-6 4706 4 4 0.56 4 0.5611752507606665 24.06
true 0.12020473833063045 49 4 1 0.58 1 0.5475360323215799 0.1
true 0.007748370194959442 162 4 1 0.58 2 0.5475360323215799 0.58
true 5.493109887511061e-7 606 4 1 0.58 3 0.5475360323215799 2.53
true 1.9811501905664386e-7 366 4 1 0.58 4 0.5475360323215799 2.48
true 0.19663674720293378 81 4 2 0.58 1 0.5475360323215799 0.16
true 0.003982329801840573 362 4 2 0.58 2 0.5475360323215799 1.13
true 0.00013337143975974963 399 4 2 0.58 3 0.5475360323215799 1.86
true 5.9710679675417655e-6 508 4 2 0.58 4 0.5475360323215799 3.14
true 0.20305533311735313 58 4 3 0.58 1 0.5475360323215799 0.11
true 0.005310827312582737 282 4 3 0.58 2 0.5475360323215799 0.99
true 0.0002528731597051248 1402 4 3 0.58 3 0.5475360323215799 5.84
true 0.00043671668827014826 2194 4 3 0.58 4 0.5475360323215799 11.93
true 0.15264948021841554 87 4 4 0.58 1 0.5475360323215799 0.19
true 0.0040366449753513195 419 4 4 0.58 2 0.5475360323215799 1.37
true 0.0004220771988867611 525 4 4 0.58 3 0.5475360323215799 2.38
true 1.6533784673533614e-5 2006 4 4 0.58 4 0.5475360323215799 10.42
true 0.1276948571446635 59 4 1 0.6 1 0.533549180191324 0.13
true 0.0075926782354314715 472 4 1 0.6 2 0.533549180191324 1.44
true 2.79398017491439e-5 864 4 1 0.6 3 0.533549180191324 3.65
true 7.695928880835368e-7 1066 4 1 0.6 4 0.533549180191324 5.55
true 0.1944657103626483 69 4 2 0.6 1 0.533549180191324 0.14
true 0.10609352013871609 451 4 2 0.6 2 0.533549180191324 1.39
true 0.02788847778106132 1344 4 2 0.6 3 0.533549180191324 5.48
true 8.969806615521936e-6 1042 4 2 0.6 4 0.533549180191324 5.56
true 0.19354324930896957 87 4 3 0.6 1 0.533549180191324 0.17
true 0.005220177091256865 366 4 3 0.6 2 0.533549180191324 1.2
true 0.0002701403636369652 342 4 3 0.6 3 0.533549180191324 1.76
true 0.002009821138641732 1824 4 3 0.6 4 0.533549180191324 9.88
true 0.14521477503630226 125 4 4 0.6 1 0.533549180191324 0.25
true 0.25005845087488193 644 4 4 0.6 2 0.533549180191324 2.06
true 0.0002273557476238225 3478 4 4 0.6 3 0.533549180191324 14.52
true 4.63363470073197e-5 2188 4 4 0.6 4 0.533549180191324 11.2
true 0.13516297653093073 61 4 1 0.62 1 0.5193262561278011 0.12
true 0.007402249468991651 262 4 1 0.62 2 0.5193262561278011 0.85
true 4.849722367028519e-7 401 4 1 0.62 3 0.5193262561278011 1.81
true 5.598794383665506e-8 529 4 1 0.62 4 0.5193262561278011 3.26
true 0.18817228791394264 76 4 2 0.62 1 0.5193262561278011 0.15
true 0.0038289341241879993 181 4 2 0.62 2 0.5193262561278011 0.65
true 0.02859606959754274 1002 4 2 0.62 3 0.5193262561278011 4.12
true 2.05422877416761e-6 961 4 2 0.62 4 0.5193262561278011 5.43
true 0.18408124630170342 80 4 3 0.62 1 0.5193262561278011 0.17
true 0.005105876520833164 221 4 3 0.62 2 0.5193262561278011 0.75
true 0.056442852498366836 1289 4 3 0.62 3 0.5193262561278011 5.57
true 1.5198511890135435e-5 2465 4 3 0.62 4 0.5193262561278011 12.78
true 0.30337697582427037 71 4 4 0.62 1 0.5193262561278011 0.15
true 0.00389252974559616 279 4 4 0.62 2 0.5193262561278011 0.97
true 4.247960990229338e-5 1286 4 4 0.62 3 0.5193262561278011 5.37
true 0.00010758432669594198 509 4 4 0.62 4 0.5193262561278011 3.27
true 0.14258554435911436 51 4 1 0.64 1 0.5049645940759805 0.13
true 0.007182386544686281 180 4 1 0.64 2 0.5049645940759805 0.61
true 1.9804248092614163e-5 330 4 1 0.64 3 0.5049645940759805 1.56
true 5.83510972207435e-7 641 4 1 0.64 4 0.5049645940759805 3.8
true 0.18106350104928007 64 4 2 0.64 1 0.5049645940759805 0.13
true 0.003727461565403295 186 4 2 0.64 2 0.5049645940759805 0.66
true 0.00036389880298343114 1132 4 2 0.64 3 0.5049645940759805 4.67
true 2.7866529569986476e-7 718 4 2 0.64 4 0.5049645940759805 4.0
true 0.17497647450129164 74 4 3 0.64 1 0.5049645940759805 0.16
true 0.004969920898945768 336 4 3 0.64 2 0.5049645940759805 1.08
true 0.0003380306078524427 544 4 3 0.64 3 0.5049645940759805 2.46
true 0.0002971101046797357 1919 4 3 0.64 4 0.5049645940759805 9.82
true 0.13123516531117904 112 4 4 0.64 1 0.5049645940759805 0.24
true 0.00379447176914241 524 4 4 0.64 2 0.5049645940759805 1.72
true 0.0015542400760158448 601 4 4 0.64 3 0.5049645940759805 2.63
true 6.907532316269283e-5 624 4 4 0.64 4 0.5049645940759805 3.87
true 0.14993846254406207 60 4 1 0.66 1 0.49055177436486347 0.12
true 0.006939784126910875 210 4 1 0.66 2 0.49055177436486347 0.67
true 1.8132903179535198e-5 463 4 1 0.66 3 0.49055177436486347 2.04
true 1.3976850099517435e-7 386 4 1 0.66 4 0.49055177436486347 2.54
true 0.17286303549517976 57 4 2 0.66 1 0.49055177436486347 0.12
true 0.0911225499274669 222 4 2 0.66 2 0.49055177436486347 0.76
true 2.5476655213740873e-5 1757 4 2 0.66 3 0.49055177436486347 7.05
true 1.969872661378158e-6 596 4 2 0.66 4 0.49055177436486347 3.57
true 0.16627725082432804 77 4 3 0.66 1 0.49055177436486347 0.15
true 0.004817277887120737 307 4 3 0.66 2 0.49055177436486347 0.98
true 5.717565085751793e-5 1355 4 3 0.66 3 0.49055177436486347 5.78
true 0.00010660914423112529 414 4 3 0.66 4 0.49055177436486347 2.81
true 0.29812002752082056 128 4 4 0.66 1 0.49055177436486347 0.27
true 0.07753297989895512 239 4 4 0.66 2 0.49055177436486347 0.84
true 5.4487470618078127e-5 446 4 4 0.66 3 0.49055177436486347 2.23
true 6.103006704061276e-6 2221 4 4 0.66 4 0.49055177436486347 11.85
true 0.15719935523463302 85 4 1 0.68 1 0.4761670391572981 0.17
true 0.006679784160924018 211 4 1 0.68 2 0.4761670391572981 0.74
true 7.260720563118106e-7 369 4 1 0.68 3 0.4761670391572981 1.66
true 4.4963136980324947e-7 449 4 1 0.68 4 0.4761670391572981 2.99
true 0.16416223665817645 73 4 2 0.68 1 0.4761670391572981 0.14
true 0.0034881896329277406 195 4 2 0.68 2 0.4761670391572981 0.66
true 0.033683063314311396 459 4 2 0.68 3 0.4761670391572981 2.1
true 6.887236292588139e-5 838 4 2 0.68 4 0.4761670391572981 4.59
true 0.15799320099781114 113 4 3 0.68 1 0.4761670391572981 0.23
true 0.004650942536702433 221 4 3 0.68 2 0.4761670391572981 0.79
true 6.021405596301488e-5 1309 4 3 0.68 3 0.4761670391572981 5.41
true 1.5818572972725597e-5 3647 4 3 0.68 4 0.4761670391572981 18.84
true 0.11849542990264345 73 4 4 0.68 1 0.4761670391572981 0.17
true 0.0035620315416423215 287 4 4 0.68 2 0.4761670391572981 0.98
true 0.0006704697574432678 474 4 4 0.68 3 0.4761670391572981 2.24
true 1.4226814161980017e-5 2719 4 4 0.68 4 0.4761670391572981 14.92
true 0.16434889965497212 79 4 1 0.7 1 0.46188152135118604 0.15
true 0.006407715821642901 229 4 1 0.7 2 0.46188152135118604 0.71
true 1.253978911758269e-5 353 4 1 0.7 3 0.46188152135118604 1.66
true 1.9576180276259514e-6 417 4 1 0.7 4 0.46188152135118604 3.04
true 0.15592936863521042 64 4 2 0.7 1 0.46188152135118604 0.12
true 0.08214331804593247 302 4 2 0.7 2 0.46188152135118604 0.97
true 0.028893315586204782 796 4 2 0.7 3 0.46188152135118604 3.42
true 1.993451807930091e-6 600 4 2 0.7 4 0.46188152135118604 3.55
true 0.15012398521134387 62 4 3 0.7 1 0.46188152135118604 0.13
true 0.004475215944529043 241 4 3 0.7 2 0.46188152135118604 0.84
true 0.00031025131504665754 987 4 3 0.7 3 0.46188152135118604 4.35
true 4.639697163522083e-6 907 4 3 0.7 4 0.46188152135118604 4.94
true 0.1125953522233174 86 4 4 0.7 1 0.46188152135118604 0.19
true 0.003433041832913014 609 4 4 0.7 2 0.46188152135118604 1.89
true 0.0002769063579004388 1275 4 4 0.7 3 0.46188152135118604 5.29
true 4.123580041108521e-5 2410 4 4 0.7 4 0.46188152135118604 12.55
true 0.16449123611162725 68 4 1 0.72 1 0.4477581467864862 0.14
true 0.0061279934067015596 500 4 1 0.72 2 0.4477581467864862 1.54
true 1.2788278882513993e-6 442 4 1 0.72 3 0.4477581467864862 2.06
true 1.4231428741018348e-7 392 4 1 0.72 4 0.4477581467864862 2.78
true 0.1481210883292857 81 4 2 0.72 1 0.4477581467864862 0.16
true 0.07801376781101199 324 4 2 0.72 2 0.4477581467864862 1.01
true 0.00025293855484279093 1046 4 2 0.72 3 0.4477581467864862 4.18
true 6.018726427803323e-7 1080 4 2 0.72 4 0.4477581467864862 6.18
true 0.14266375327264516 105 4 3 0.72 1 0.4477581467864862 0.2
true 0.004292250707191488 355 4 3 0.72 2 0.4477581467864862 1.2
true 0.0003278155878212267 1195 4 3 0.72 3 0.4477581467864862 5.35
true 1.1944524828647976e-5 2404 4 3 0.72 4 0.4477581467864862 12.34
true 0.10699809154751581 93 4 4 0.72 1 0.4477581467864862 0.19
true 0.0032952254692001637 629 4 4 0.72 2 0.4477581467864862 2.04
true 0.00033521889262798366 1298 4 4 0.72 3 0.4477581467864862 5.39
true 1.0595621319026138e-5 3083 4 4 0.72 4 0.4477581467864862 15.5
true 0.15610705737644992 50 4 1 0.74 1 0.433851572131634 0.11
true 0.005844942129480057 500 4 1 0.74 2 0.433851572131634 1.58
true 8.687762148573697e-7 834 4 1 0.74 3 0.433851572131634 3.43
true 6.226771030459766e-7 833 4 1 0.74 4 0.433851572131634 4.82
true 0.14072957683399706 81 4 2 0.74 1 0.433851572131634 0.17
true 0.0030795402072989475 229 4 2 0.74 2 0.433851572131634 0.75
true 0.00019929836556506486 888 4 2 0.74 3 0.433851572131634 3.56
true 3.100138612821546e-6 1380 4 2 0.74 4 0.433851572131634 7.43
true 0.13560331366672304 68 4 3 0.74 1 0.433851572131634 0.14
true 0.004104908425380416 235 4 3 0.74 2 0.433851572131634 0.79
true 5.970823804472373e-5 1055 4 3 0.74 3 0.433851572131634 4.48
true 3.899222607811614e-5 1173 4 3 0.74 4 0.433851572131634 6.37
true 0.10170327621746028 92 4 4 0.74 1 0.433851572131634 0.2
true 0.0031562558060021506 460 4 4 0.74 2 0.433851572131634 1.49
true 0.03261381803500035 438 4 4 0.74 3 0.433851572131634 2.12
true 3.996701986611062e-5 531 4 4 0.74 4 0.433851572131634 3.41
true 0.14817847156387515 51 4 1 0.76 1 0.4202082855607151 0.11
true 0.005561905875968498 581 4 1 0.76 2 0.4202082855607151 1.79
true 1.601676547041686e-5 340 4 1 0.76 3 0.4202082855607151 1.71
true 2.2908564878409976e-7 423 4 1 0.76 4 0.4202082855607151 2.69
true 0.133743581575005 75 4 2 0.76 1 0.4202082855607151 0.15
true 0.0029368728698978552 273 4 2 0.76 2 0.4202082855607151 0.87
true 7.333201603898498e-5 539 4 2 0.76 3 0.4202082855607151 2.41
true 1.4632053516594468e-6 1146 4 2 0.76 4 0.4202082855607151 6.05
true 0.12893155961798194 68 4 3 0.76 1 0.4202082855607151 0.15
true 0.003916106690806313 400 4 3 0.76 2 0.4202082855607151 1.33
true 5.676112885016904e-5 783 4 3 0.76 3 0.4202082855607151 3.25
true 2.1696577730231e-5 2505 4 3 0.76 4 0.4202082855607151 12.93
true 0.28704591739916596 102 4 4 0.76 1 0.4202082855607151 0.21
true 0.0030140499834014622 741 4 4 0.76 2 0.4202082855607151 2.33
true 0.0025667827523485065 475 4 4 0.76 3 0.4202082855607151 2.31
true 6.747324615161143e-5 1431 4 4 0.76 4 0.4202082855607151 7.51
true 0.1406926664958793 53 4 1 0.78 1 0.4068668907949228 0.12
true 0.005281874917618334 205 4 1 0.78 2 0.4068668907949228 0.66
true 3.5610459299284525e-5 442 4 1 0.78 3 0.4068668907949228 1.99
true 1.9652190763608246e-7 444 4 1 0.78 4 0.4068668907949228 2.85
true 0.1271484063659857 60 4 2 0.78 1 0.4068668907949228 0.12
true 0.0027955631308421436 305 4 2 0.78 2 0.4068668907949228 0.95
true 0.0003463718178307318 1355 4 2 0.78 3 0.4068668907949228 5.66
true 1.0525482482398596e-5 946 4 2 0.78 4 0.4068668907949228 5.23
true 0.1226340035882139 77 4 3 0.78 1 0.4068668907949228 0.15
true 0.003728035474998781 259 4 3 0.78 2 0.4068668907949228 0.85
true 0.0020263017208898004 457 4 3 0.78 3 0.4068668907949228 2.12
true 0.001288662715524247 1438 4 3 0.78 4 0.4068668907949228 7.46
true 0.09197580361794372 140 4 4 0.78 1 0.4068668907949228 0.27
true 0.0028729843653196863 559 4 4 0.78 2 0.4068668907949228 1.7
true 0.00018431501950130769 1849 4 4 0.78 3 0.4068668907949228 7.89
true 0.00022257065583362878 1140 4 4 0.78 4 0.4068668907949228 6.25
true 0.13363288429459586 67 4 1 0.8 1 0.3938585502319869 0.14
true 0.005007046317390296 207 4 1 0.8 2 0.3938585502319869 0.67
true 2.0889815800340106e-5 1728 4 1 0.8 3 0.3938585502319869 7.14
true 2.36431353012323e-6 607 4 1 0.8 4 0.3938585502319869 3.49
true 0.12092955250152695 81 4 2 0.8 1 0.3938585502319869 0.17
true 0.002656306339719361 770 4 2 0.8 2 0.3938585502319869 2.39
true 0.0002121882153040544 395 4 2 0.8 3 0.3938585502319869 1.89
true 3.5719997988625796e-6 1084 4 2 0.8 4 0.3938585502319869 5.91
true 0.11669531056307986 57 4 3 0.8 1 0.3938585502319869 0.12
true 0.003541704871443748 365 4 3 0.8 2 0.3938585502319869 1.19
true 0.002663486065339301 432 4 3 0.8 3 0.3938585502319869 2.03
true 0.00017271870201313044 1444 4 3 0.8 4 0.3938585502319869 7.59
true 0.08752161478571041 99 4 4 0.8 1 0.3938585502319869 0.21
true 0.002731692797125318 599 4 4 0.8 2 0.3938585502319869 1.81
true 0.00027590532951288216 787 4 4 0.8 3 0.3938585502319869 3.34
true 0.0007358284414456934 922 4 4 0.8 4 0.3938585502319869 5.4
true 0.12698190499111428 56 4 1 0.82 1 0.38120754717639876 0.12
true 0.004739943787457901 228 4 1 0.82 2 0.38120754717639876 0.74
true 2.7473684633405604e-6 620 4 1 0.82 3 0.38120754717639876 2.56
true 1.8093812926278652e-6 616 4 1 0.82 4 0.38120754717639876 3.8
true 0.11507005742196663 88 4 2 0.82 1 0.38120754717639876 0.16
true 0.06050566714009095 192 4 2 0.82 2 0.38120754717639876 0.66
true 0.00025915917366226005 1000 4 2 0.82 3 0.38120754717639876 4.22
true 8.017505600727004e-6 1588 4 2 0.82 4 0.38120754717639876 8.15
true 0.11109949187964709 73 4 3 0.82 1 0.38120754717639876 0.16
true 0.0033590339928994592 410 4 3 0.82 2 0.38120754717639876 1.3
true 0.00028351924794478567 692 4 3 0.82 3 0.38120754717639876 2.99
true 0.0013331414735131368 1240 4 3 0.82 4 0.38120754717639876 6.68
true 0.08332476476414048 70 4 4 0.82 1 0.38120754717639876 0.16
true 0.0025932227464708357 472 4 4 0.82 2 0.38120754717639876 1.47
true 0.00024333857538998138 1030 4 4 0.82 3 0.38120754717639876 4.28
true 0.00036202813358386654 1203 4 4 0.82 4 0.38120754717639876 6.55
true 0.12072084372780373 41 4 1 0.84 1 0.36893192506274924 0.09
true 0.004481059739924187 280 4 1 0.84 2 0.36893192506274924 0.9
true 8.558212908682528e-6 294 4 1 0.84 3 0.36893192506274924 1.43
true 6.41542168222653e-7 602 4 1 0.84 4 0.36893192506274924 3.63
true 0.1095525493018133 65 4 2 0.84 1 0.36893192506274924 0.13
true 0.0023856771005049127 338 4 2 0.84 2 0.36893192506274924 1.07
true 1.4545921960290586e-5 1028 4 2 0.84 3 0.36893192506274924 4.32
true 2.774265284444244e-7 2047 4 2 0.84 4 0.36893192506274924 10.61
true 0.10583060555658354 63 4 3 0.84 1 0.36893192506274924 0.14
true 0.0031813842645717996 525 4 3 0.84 2 0.36893192506274924 1.76
true 0.00027708765047447975 1479 4 3 0.84 3 0.36893192506274924 6.01
true 0.00024647856351632064 3084 4 3 0.84 4 0.36893192506274924 15.71
true 0.07937384681847157 108 4 4 0.84 1 0.36893192506274924 0.21
true 0.0024586132684811107 429 4 4 0.84 2 0.36893192506274924 1.39
true 4.133010436919993e-5 1098 4 4 0.84 3 0.36893192506274924 4.76
true 0.001109544880612906 1078 4 4 0.84 4 0.36893192506274924 5.95
true 0.11483051155628649 49 4 1 0.86 1 0.35704416557853136 0.1
true 0.004231785814931999 312 4 1 0.86 2 0.35704416557853136 0.99
true 1.2815851179737159e-6 953 4 1 0.86 3 0.35704416557853136 4.02
true 4.5782258073501225e-7 873 4 1 0.86 4 0.35704416557853136 4.88
true 0.10435977902104882 62 4 2 0.86 1 0.35704416557853136 0.13
true 0.002256959927424196 207 4 2 0.86 2 0.35704416557853136 0.7
true 0.000550242123325162 694 4 2 0.86 3 0.35704416557853136 2.95
true 2.5911279381285457e-6 1242 4 2 0.86 4 0.35704416557853136 6.34
true 0.10086955373095925 81 4 3 0.86 1 0.35704416557853136 0.17
true 0.003010153283393102 285 4 3 0.86 2 0.35704416557853136 0.94
true 0.00024663409206387987 1665 4 3 0.86 3 0.35704416557853136 6.85
true 1.7112706962067275e-5 1689 4 3 0.86 4 0.35704416557853136 8.95
true 0.07565254015047222 102 4 4 0.86 1 0.35704416557853136 0.21
true 0.0023277594811338675 450 4 4 0.86 2 0.35704416557853136 1.41
true 0.00020898744634491317 901 4 4 0.86 3 0.35704416557853136 3.96
true 0.00146289536757159 2825 4 4 0.86 4 0.35704416557853136 14.82
true 0.10929089917217011 61 4 1 0.88 1 0.34555187407953597 0.12
true 0.003993193010014884 199 4 1 0.88 2 0.34555187407953597 0.66
true 5.638751503606043e-5 959 4 1 0.88 3 0.34555187407953597 3.9
true 2.658377137643164e-6 428 4 1 0.88 4 0.34555187407953597 2.71
true 0.09947372916409977 67 4 2 0.88 1 0.34555187407953597 0.14
true 0.044942511651544226 339 4 2 0.88 2 0.34555187407953597 1.09
true 0.00021380393174452728 1085 4 2 0.88 3 0.34555187407953597 4.52
true 9.775174111548157e-7 1692 4 2 0.88 4 0.34555187407953597 9.05
true 0.09620141776400119 74 4 3 0.88 1 0.34555187407953597 0.16
true 0.0028438962085440647 336 4 3 0.88 2 0.34555187407953597 1.11
true 0.00046468866344112625 556 4 3 0.88 3 0.34555187407953597 2.48
true 0.0011233851688812746 1277 4 3 0.88 4 0.34555187407953597 7.07
true 0.07215101197246719 68 4 4 0.88 1 0.34555187407953597 0.15
true 0.0022011118437183785 262 4 4 0.88 2 0.34555187407953597 0.9
true 0.0012258156185177976 1625 4 4 0.88 3 0.34555187407953597 6.86
true 0.0006912258081220035 1607 4 4 0.88 4 0.34555187407953597 8.33
true 0.10408247446061653 50 4 1 0.9 1 0.3344584477916396 0.1
true 0.003765520191469529 154 4 1 0.9 2 0.3344584477916396 0.55
true 3.378900783179706e-5 264 4 1 0.9 3 0.3344584477916396 1.3
true 1.150032754582142e-7 520 4 1 0.9 4 0.3344584477916396 3.4
true 0.0948770401439844 75 4 2 0.9 1 0.3344584477916396 0.15
true 0.04980331988637118 688 4 2 0.9 2 0.3344584477916396 2.16
true 0.0001357541990721356 783 4 2 0.9 3 0.3344584477916396 3.32
true 2.4026793556286563e-5 1670 4 2 0.9 4 0.3344584477916396 8.73
true 0.09180893693850051 70 4 3 0.9 1 0.3344584477916396 0.15
true 0.0026854195909500147 400 4 3 0.9 2 0.3344584477916396 1.28
true 0.0002469104674160394 539 4 3 0.9 3 0.3344584477916396 2.52
true 1.3422002691147275e-5 1636 4 3 0.9 4 0.3344584477916396 8.47
true 0.27602091191745437 75 4 4 0.9 1 0.3344584477916396 0.17
true 0.0020790466956041587 406 4 4 0.9 2 0.3344584477916396 1.29
true 0.00023924985666146092 550 4 4 0.9 3 0.3344584477916396 2.54
true 0.00030678848997010844 1033 4 4 0.9 4 0.3344584477916396 5.76
true 0.09918638008045377 53 4 1 0.92 1 0.32376370904828605 0.12
true 0.0035490441789275406 153 4 1 0.92 2 0.32376370904828605 0.53
true 1.1665957357243073e-5 623 4 1 0.92 3 0.32376370904828605 2.6
true 4.7742719055943184e-8 684 4 1 0.92 4 0.32376370904828605 4.04
true 0.09055280973991567 79 4 2 0.92 1 0.32376370904828605 0.15
true 0.047493401905219 261 4 2 0.92 2 0.32376370904828605 0.9
true 3.236710714310531e-5 512 4 2 0.92 3 0.32376370904828605 2.34
true 2.3130496120404853e-6 2135 4 2 0.92 4 0.32376370904828605 10.94
true 0.08767490994844516 60 4 3 0.92 1 0.32376370904828605 0.13
true 0.0025335579024420483 392 4 3 0.92 2 0.32376370904828605 1.27
true 0.00023073705482077692 698 4 3 0.92 3 0.32376370904828605 2.98
true 0.00014468714931870075 1963 4 3 0.92 4 0.32376370904828605 10.28
true 0.2747967678285594 88 4 4 0.92 1 0.32376370904828605 0.18
true 0.0019633732223433564 455 4 4 0.92 2 0.32376370904828605 1.49
true 2.0159174624723164e-5 1026 4 4 0.92 3 0.32376370904828605 4.38
true 6.769363444260323e-5 2397 4 4 0.92 4 0.32376370904828605 12.59
true 0.09458407437117061 61 4 1 0.94 1 0.313464491748325 0.12
true 0.0033442601215449286 256 4 1 0.94 2 0.313464491748325 0.83
true 2.446056635019289e-7 590 4 1 0.94 3 0.313464491748325 2.53
true 1.8855471378365074e-5 440 4 1 0.94 4 0.313464491748325 2.74
true 0.08648446699999368 72 4 2 0.94 1 0.313464491748325 0.15
true 0.04535954791728719 306 4 2 0.94 2 0.313464491748325 1.0
true 3.6107269590357483e-6 824 4 2 0.94 3 0.313464491748325 3.46
true 3.4070675209718626e-6 1116 4 2 0.94 4 0.313464491748325 5.9
true 0.08378434729338323 67 4 3 0.94 1 0.313464491748325 0.15
true 0.0023896214044871003 313 4 3 0.94 2 0.313464491748325 1.03
true 0.00018770542477157073 677 4 3 0.94 3 0.313464491748325 2.99
true 8.763261484486437e-6 1972 4 3 0.94 4 0.313464491748325 10.35
true 0.2736461555766848 81 4 4 0.94 1 0.313464491748325 0.19
true 0.00185241532264456 428 4 4 0.94 2 0.313464491748325 1.34
true 0.000939822993259648 1881 4 4 0.94 3 0.313464491748325 7.81
true 0.0004263178584245214 1172 4 4 0.94 4 0.313464491748325 6.41
true 0.09025612760655671 83 4 1 0.96 1 0.30355517414078803 0.15
true 0.0031494439716505673 255 4 1 0.96 2 0.30355517414078803 0.85
true 4.369593464281785e-6 490 4 1 0.96 3 0.30355517414078803 2.07
true 1.815199207055862e-7 490 4 1 0.96 4 0.30355517414078803 3.34
true 0.0826557381827947 68 4 2 0.96 1 0.30355517414078803 0.12
true 0.0016898983198539719 359 4 2 0.96 2 0.30355517414078803 1.12
true 6.23024098504732e-5 898 4 2 0.96 3 0.30355517414078803 3.68
true 5.0055193132059195e-6 2125 4 2 0.96 4 0.30355517414078803 11.11
true 0.0801219892079063 72 4 3 0.96 1 0.30355517414078803 0.15
true 0.002252606841695722 438 4 3 0.96 2 0.30355517414078803 1.4
true 0.00021226798795907312 2139 4 3 0.96 3 0.30355517414078803 8.97
true 8.272538343168101e-5 744 4 3 0.96 4 0.30355517414078803 4.43
true 0.060092430674325556 115 4 4 0.96 1 0.30355517414078803 0.23
true 0.001747071998055058 441 4 4 0.96 2 0.30355517414078803 1.39
true 3.0938995552495796e-5 2064 4 4 0.96 3 0.30355517414078803 8.78
true 0.002201957838239871 1164 4 4 0.96 4 0.30355517414078803 6.43
true 0.08618686692316135 63 4 1 0.98 1 0.2940281549265302 0.12
true 0.002966594304210257 201 4 1 0.98 2 0.2940281549265302 0.71
true 6.440236314575465e-6 853 4 1 0.98 3 0.2940281549265302 3.52
true 6.139832631202324e-8 540 4 1 0.98 4 0.2940281549265302 3.43
true 0.0790519803826582 54 4 2 0.98 1 0.2940281549265302 0.12
true 0.0015927204409732776 161 4 2 0.98 2 0.2940281549265302 0.56
true 0.00010485982554583884 966 4 2 0.98 3 0.2940281549265302 4.12
true 0.0002877468906187508 1047 4 2 0.98 4 0.2940281549265302 5.73
true 0.07667363665609905 60 4 3 0.98 1 0.2940281549265302 0.13
true 0.002123357378493692 396 4 3 0.98 2 0.2940281549265302 1.23
true 0.00023672565521602276 794 4 3 0.98 3 0.2940281549265302 3.36
true 0.0009728255257494359 1077 4 3 0.98 4 0.2940281549265302 5.82
true 0.057505226383045435 102 4 4 0.98 1 0.2940281549265302 0.2
true 0.0016465150057297373 444 4 4 0.98 2 0.2940281549265302 1.43
true 0.0009276376447188567 1242 4 4 0.98 3 0.2940281549265302 5.55
true 0.0005346114335158386 1407 4 4 0.98 4 0.2940281549265302 7.47
true 0.08235916934226634 61 4 1 1.0 1 0.28487427258540376 0.12
true 0.002793239464946917 258 4 1 1.0 2 0.28487427258540376 0.81
true 0.0016258943634012701 674 4 1 1.0 3 0.28487427258540376 2.97
true 1.0932968819155064e-7 511 4 1 1.0 4 0.28487427258540376 3.35
true 0.07565845502118662 83 4 2 1.0 1 0.28487427258540376 0.15
true 0.03958050502916913 396 4 2 1.0 2 0.28487427258540376 1.18
true 0.00010978135026193381 705 4 2 1.0 3 0.28487427258540376 2.89
true 1.4049976640811979e-5 498 4 2 1.0 4 0.28487427258540376 3.12
true 0.07342463147073279 78 4 3 1.0 1 0.28487427258540376 0.16
true 0.0020013065478817946 435 4 3 1.0 2 0.28487427258540376 1.4
true 0.0019907515777901987 672 4 3 1.0 3 0.28487427258540376 2.91
true 3.148693843028442e-5 1586 4 3 1.0 4 0.28487427258540376 8.3
true 0.05506851806803692 112 4 4 1.0 1 0.28487427258540376 0.22
true 0.0015517032882890885 614 4 4 1.0 2 0.28487427258540376 1.95
true 0.00016468435012216565 1202 4 4 1.0 3 0.28487427258540376 5.16
true 1.584020286499177e-5 1204 4 4 1.0 4 0.28487427258540376 6.58