changes = Time vs nsites = 4 vs nqubits0 vs h vs nlayers

g_converged min_loss iter nsites nqubits0 h nlayers SvN time
true 2.0815123513706624e-9 57 4 1 0.0 1 0.0 0.1
true 1.0271621031510136e-7 149 4 1 0.0 2 0.0 0.52
true 1.2032512192172717e-7 227 4 1 0.0 3 0.0 1.16
true 6.644765238039696e-8 360 4 1 0.0 4 0.0 2.38
true 4.5549903310293516e-7 64 4 2 0.0 1 0.0 0.11
true 1.661450052536928e-7 155 4 2 0.0 2 0.0 0.54
true 1.0218087370672535e-7 260 4 2 0.0 3 0.0 1.27
true 3.8408406021428476e-5 449 4 2 0.0 4 0.0 2.71
true 6.218875980845695e-8 76 4 3 0.0 1 0.0 0.15
true 3.0403885907063594e-7 368 4 3 0.0 2 0.0 1.22
true 8.067349361133106e-6 291 4 3 0.0 3 0.0 1.4
true 1.2228977403624016e-5 939 4 3 0.0 4 0.0 5.31
true 0.25000093693740655 67 4 4 0.0 1 0.0 0.13
true 4.2365556997270293e-7 309 4 4 0.0 2 0.0 0.95
true 2.486624336162091e-7 347 4 4 0.0 3 0.0 1.61
true 1.234269479125083e-5 394 4 4 0.0 4 0.0 2.75
true 3.57539833850673e-8 63 4 1 0.02 1 1.5519341457791147e-8 0.12
true 3.0118530819356337e-7 139 4 1 0.02 2 1.5519341457791147e-8 0.48
true 1.1528415833073069e-7 293 4 1 0.02 3 1.5519341457791147e-8 1.42
true 5.030348565471243e-8 434 4 1 0.02 4 1.5519341457791147e-8 2.82
true 4.941646822020918e-7 59 4 2 0.02 1 1.5519341457791147e-8 0.11
true 3.3396204238145266e-7 163 4 2 0.02 2 1.5519341457791147e-8 0.55
true 8.798398143383679e-8 405 4 2 0.02 3 1.5519341457791147e-8 1.84
true 3.3367668330064326e-6 768 4 2 0.02 4 1.5519341457791147e-8 4.13
true 2.3156260431367315e-7 78 4 3 0.02 1 1.5519341457791147e-8 0.16
true 3.7109932364091475e-7 318 4 3 0.02 2 1.5519341457791147e-8 0.99
true 1.573459071674277e-5 268 4 3 0.02 3 1.5519341457791147e-8 1.33
true 4.614165099984617e-6 574 4 3 0.02 4 1.5519341457791147e-8 3.43
true 0.2500003280766652 81 4 4 0.02 1 1.5519341457791147e-8 0.16
true 9.002664151380735e-7 355 4 4 0.02 2 1.5519341457791147e-8 1.1
true 6.635017010675481e-7 548 4 4 0.02 3 1.5519341457791147e-8 2.43
true 3.7519442407096815e-6 659 4 4 0.02 4 1.5519341457791147e-8 4.21
true 2.436097751856714e-7 59 4 1 0.04 1 5.221054521751489e-7 0.12
true 9.141939749657269e-7 153 4 1 0.04 2 5.221054521751489e-7 0.52
true 1.000135606554764e-7 235 4 1 0.04 3 5.221054521751489e-7 1.19
true 2.7632686938616757e-7 332 4 1 0.04 4 5.221054521751489e-7 2.36
true 6.212072048150663e-7 71 4 2 0.04 1 5.221054521751489e-7 0.14
true 3.1544619860657264e-7 198 4 2 0.04 2 5.221054521751489e-7 0.71
true 1.6985856215456785e-6 340 4 2 0.04 3 5.221054521751489e-7 1.54
true 2.3666451232084995e-7 493 4 2 0.04 4 5.221054521751489e-7 2.98
true 4.4681935129631256e-7 82 4 3 0.04 1 5.221054521751489e-7 0.17
true 2.9409545541462617e-7 396 4 3 0.04 2 5.221054521751489e-7 1.23
true 3.714400702699757e-6 600 4 3 0.04 3 5.221054521751489e-7 2.63
true 1.106183406207606e-6 423 4 3 0.04 4 5.221054521751489e-7 2.69
true 8.340889291330589e-7 112 4 4 0.04 1 5.221054521751489e-7 0.22
true 3.5356011976461765e-7 302 4 4 0.04 2 5.221054521751489e-7 1.0
true 1.9411529087104418e-5 568 4 4 0.04 3 5.221054521751489e-7 2.63
true 1.0638860115749771e-5 1290 4 4 0.04 4 5.221054521751489e-7 7.02
true 8.909552122182696e-7 54 4 1 0.06 1 3.2712639605332464e-5 0.1
true 2.2229565765918835e-6 144 4 1 0.06 2 3.2712639605332464e-5 0.54
true 2.977704103512835e-6 222 4 1 0.06 3 3.2712639605332464e-5 1.13
true 1.0043710474416656e-7 353 4 1 0.06 4 3.2712639605332464e-5 2.33
true 1.8374506572937932e-6 63 4 2 0.06 1 3.2712639605332464e-5 0.13
true 2.683623382349065e-6 285 4 2 0.06 2 3.2712639605332464e-5 0.91
true 1.2588605754204618e-6 555 4 2 0.06 3 3.2712639605332464e-5 2.52
true 1.5707049061952638e-6 552 4 2 0.06 4 3.2712639605332464e-5 3.56
true 2.8027634206839735e-6 56 4 3 0.06 1 3.2712639605332464e-5 0.12
true 2.2139429454171022e-6 214 4 3 0.06 2 3.2712639605332464e-5 0.7
true 4.1051163971646725e-6 414 4 3 0.06 3 3.2712639605332464e-5 1.94
true 8.692975794790299e-5 406 4 3 0.06 4 3.2712639605332464e-5 2.69
true 1.9666953182811975e-6 82 4 4 0.06 1 3.2712639605332464e-5 0.17
true 3.9144384350320305e-6 265 4 4 0.06 2 3.2712639605332464e-5 0.86
true 2.6756788839427115e-6 380 4 4 0.06 3 3.2712639605332464e-5 1.73
true 2.921248887595429e-5 570 4 4 0.06 4 3.2712639605332464e-5 3.74
true 6.381250116649362e-7 65 4 1 0.08 1 0.00031555771092967207 0.15
true 2.738865975543403e-5 131 4 1 0.08 2 0.00031555771092967207 0.47
true 2.8432742182282755e-5 303 4 1 0.08 3 0.00031555771092967207 1.51
true 1.7638251190721377e-6 421 4 1 0.08 4 0.00031555771092967207 2.71
true 1.5210925859321378e-5 72 4 2 0.08 1 0.00031555771092967207 0.15
true 1.4382320569689133e-5 221 4 2 0.08 2 0.00031555771092967207 0.73
true 1.7837069520354465e-5 461 4 2 0.08 3 0.00031555771092967207 2.08
true 7.995626499474051e-6 621 4 2 0.08 4 0.00031555771092967207 3.54
true 2.0171250404839764e-5 81 4 3 0.08 1 0.00031555771092967207 0.16
true 1.9192397625877877e-5 177 4 3 0.08 2 0.00031555771092967207 0.62
true 1.176987482076619e-5 399 4 3 0.08 3 0.00031555771092967207 1.8
true 1.9201744873686977e-5 518 4 3 0.08 4 0.00031555771092967207 3.21
true 0.2500010653113869 83 4 4 0.08 1 0.00031555771092967207 0.18
true 2.1898929462443872e-6 496 4 4 0.08 2 0.00031555771092967207 1.53
true 1.8631161221388526e-5 310 4 4 0.08 3 0.00031555771092967207 1.57
true 1.1677518346603355e-5 578 4 4 0.08 4 0.00031555771092967207 3.57
true 2.579626480037067e-6 56 4 1 0.1 1 0.0012584685665444728 0.11
true 0.00012958673920676622 284 4 1 0.1 2 0.0012584685665444728 0.92
true 2.164850321845213e-5 247 4 1 0.1 3 0.0012584685665444728 1.27
true 0.0001262360851412847 372 4 1 0.1 4 0.0012584685665444728 2.54
true 6.643774163389571e-5 63 4 2 0.1 1 0.0012584685665444728 0.13
true 0.0001255558408213564 227 4 2 0.1 2 0.0012584685665444728 0.71
true 4.4728826301326796e-5 445 4 2 0.1 3 0.0012584685665444728 1.95
true 7.327434638609853e-5 774 4 2 0.1 4 0.0012584685665444728 4.33
true 8.789466935295771e-5 65 4 3 0.1 1 0.0012584685665444728 0.13
true 9.901406056979829e-5 185 4 3 0.1 2 0.0012584685665444728 0.66
true 8.071417419151332e-5 387 4 3 0.1 3 0.0012584685665444728 1.79
true 7.393112793330214e-5 1126 4 3 0.1 4 0.0012584685665444728 6.41
true 7.129926682146459e-5 108 4 4 0.1 1 0.0012584685665444728 0.22
true 9.861600634501755e-5 330 4 4 0.1 2 0.0012584685665444728 1.07
true 4.632587829793422e-5 320 4 4 0.1 3 0.0012584685665444728 1.73
true 8.395463263918823e-5 733 4 4 0.1 4 0.0012584685665444728 4.19
true 1.0772608688369711e-5 47 4 1 0.12 1 0.002857451366537061 0.09
true 0.0003046516750558892 135 4 1 0.12 2 0.002857451366537061 0.54
true 0.0003140291460803635 236 4 1 0.12 3 0.002857451366537061 1.2
true 3.82951888350247e-6 760 4 1 0.12 4 0.002857451366537061 4.04
true 0.0001644986100499124 62 4 2 0.12 1 0.002857451366537061 0.13
true 0.00016021021859519147 204 4 2 0.12 2 0.002857451366537061 0.71
true 0.00015883616181083804 272 4 2 0.12 3 0.002857451366537061 1.36
true 0.00021022063109424338 551 4 2 0.12 4 0.002857451366537061 3.67
true 0.00021644249302053367 75 4 3 0.12 1 0.002857451366537061 0.15
true 0.0003082314009805927 190 4 3 0.12 2 0.002857451366537061 0.65
true 2.599677581841912e-5 514 4 3 0.12 3 0.002857451366537061 2.57
true 8.343729568501454e-6 1115 4 3 0.12 4 0.002857451366537061 6.26
true 0.00016610399078571814 97 4 4 0.12 1 0.002857451366537061 0.19
true 0.0001584740368539006 479 4 4 0.12 2 0.002857451366537061 1.58
true 0.00019595173131625732 586 4 4 0.12 3 0.002857451366537061 2.59
true 0.0002093874284364583 845 4 4 0.12 4 0.002857451366537061 4.78
true 2.2074613832634427e-5 58 4 1 0.14 1 0.005207607228596099 0.17
true 0.0005346429056355406 107 4 1 0.14 2 0.005207607228596099 0.41
true 4.068631517384347e-5 245 4 1 0.14 3 0.005207607228596099 1.26
true 0.0004237482996436448 629 4 1 0.14 4 0.005207607228596099 3.67
true 0.0003238560349108077 65 4 2 0.14 1 0.005207607228596099 0.13
true 0.0003164862623911968 194 4 2 0.14 2 0.005207607228596099 0.65
true 0.0003211379151058791 254 4 2 0.14 3 0.005207607228596099 1.32
true 5.933696090196228e-5 750 4 2 0.14 4 0.005207607228596099 4.1
true 0.000424138710728957 78 4 3 0.14 1 0.005207607228596099 0.16
true 0.0004127207627804645 227 4 3 0.14 2 0.005207607228596099 0.76
true 0.0002518511781765542 435 4 3 0.14 3 0.005207607228596099 1.98
true 0.00021546461043074153 783 4 3 0.14 4 0.005207607228596099 4.58
true 0.0003285636445441581 173 4 4 0.14 1 0.005207607228596099 0.34
true 0.0003094230148997512 328 4 4 0.14 2 0.005207607228596099 1.05
true 0.0003960661140455096 480 4 4 0.14 3 0.005207607228596099 2.18
true 0.0002479702388095417 1455 4 4 0.14 4 0.005207607228596099 7.81
true 5.430095833008908e-5 56 4 1 0.16 1 0.009312166724123666 0.12
true 0.0011935556329578656 146 4 1 0.16 2 0.009312166724123666 0.52
true 6.681235501515559e-5 1240 4 1 0.16 3 0.009312166724123666 4.92
true 2.1680718321204218e-5 873 4 1 0.16 4 0.009312166724123666 4.7
true 0.000624008585798641 68 4 2 0.16 1 0.009312166724123666 0.13
true 0.0006587833996229975 516 4 2 0.16 2 0.009312166724123666 1.48
true 0.0009265941039156012 354 4 2 0.16 3 0.009312166724123666 1.72
true 0.0004371843622946181 722 4 2 0.16 4 0.009312166724123666 3.97
true 0.0008175898404318427 64 4 3 0.16 1 0.009312166724123666 0.13
true 0.0011988571568905353 204 4 3 0.16 2 0.009312166724123666 0.69
true 0.0007424855093985383 576 4 3 0.16 3 0.009312166724123666 2.56
true 4.626933562549655e-6 1328 4 3 0.16 4 0.009312166724123666 7.41
true 0.0006364507931515134 81 4 4 0.16 1 0.009312166724123666 0.17
true 0.0005970143688203283 219 4 4 0.16 2 0.009312166724123666 0.75
true 0.0006262690801973614 357 4 4 0.16 3 0.009312166724123666 1.81
true 2.731244385124898e-5 1474 4 4 0.16 4 0.009312166724123666 8.04
true 0.00012676336184930248 55 4 1 0.18 1 0.01647603291411175 0.11
true 0.00019565359755707723 498 4 1 0.18 2 0.01647603291411175 1.51
true 0.0005537237015983409 279 4 1 0.18 3 0.01647603291411175 1.39
true 7.797952072180481e-5 329 4 1 0.18 4 0.01647603291411175 2.31
true 0.001200855288504582 62 4 2 0.18 1 0.01647603291411175 0.12
true 0.0012036656788460831 268 4 2 0.18 2 0.01647603291411175 0.81
true 2.960573174976e-5 687 4 2 0.18 3 0.01647603291411175 3.0
true 0.0004558926151541076 747 4 2 0.18 4 0.01647603291411175 4.41
true 0.0015686001415277466 77 4 3 0.18 1 0.01647603291411175 0.16
true 0.002190152872075949 268 4 3 0.18 2 0.01647603291411175 0.88
true 3.856921004674607e-5 677 4 3 0.18 3 0.01647603291411175 2.98
true 0.00012621687241894572 2460 4 3 0.18 4 0.01647603291411175 12.64
true 0.25014011674004605 57 4 4 0.18 1 0.01647603291411175 0.13
true 0.0016841625163614288 165 4 4 0.18 2 0.01647603291411175 0.62
true 0.0012030252317097312 764 4 4 0.18 3 0.01647603291411175 3.14
true 9.177674238013134e-5 1132 4 4 0.18 4 0.01647603291411175 6.57
true 0.00029238539910514394 51 4 1 0.2 1 0.028809882776728333 0.12
true 5.8442089759858096e-5 389 4 1 0.2 2 0.028809882776728333 1.18
true 4.980323066616776e-6 477 4 1 0.2 3 0.028809882776728333 2.05
true 8.633242655764484e-7 506 4 1 0.2 4 0.028809882776728333 2.98
true 0.002300960351102499 76 4 2 0.2 1 0.028809882776728333 0.15
true 0.002357184070568924 275 4 2 0.2 2 0.028809882776728333 0.82
true 0.0006111405143282844 467 4 2 0.2 3 0.028809882776728333 2.09
true 3.348533760114125e-5 449 4 2 0.2 4 0.028809882776728333 2.83
true 0.0029969809563069605 73 4 3 0.2 1 0.028809882776728333 0.15
true 0.004241680333007443 295 4 3 0.2 2 0.028809882776728333 0.93
true 0.002937052489285663 829 4 3 0.2 3 0.028809882776728333 3.42
true 0.00031195337175699 2382 4 3 0.2 4 0.028809882776728333 11.92
true 0.25023171113480885 68 4 4 0.2 1 0.028809882776728333 0.16
true 0.002415252376534352 309 4 4 0.2 2 0.028809882776728333 1.02
true 3.0413166504691946e-5 848 4 4 0.2 3 0.028809882776728333 3.6
true 1.8030515732958552e-5 1643 4 4 0.2 4 0.028809882776728333 8.69
true 0.0006463951349023334 53 4 1 0.22 1 0.04938099268332533 0.1
true 0.00010425641628702964 681 4 1 0.22 2 0.04938099268332533 1.98
true 9.421642906237704e-6 896 4 1 0.22 3 0.04938099268332533 3.74
true 0.0004557870561481825 1449 4 1 0.22 4 0.04938099268332533 7.36
true 0.0043665622455360265 64 4 2 0.22 1 0.04938099268332533 0.12
true 0.00014797254805484772 767 4 2 0.22 2 0.04938099268332533 2.26
true 0.00010371489383062538 1573 4 2 0.22 3 0.04938099268332533 6.26
true 0.0003850056806092017 1454 4 2 0.22 4 0.04938099268332533 7.68
true 0.005672391944268958 73 4 3 0.22 1 0.04938099268332533 0.15
true 0.00018092093950639043 358 4 3 0.22 2 0.04938099268332533 1.13
true 0.0001397396099361107 614 4 3 0.22 3 0.04938099268332533 2.69
true 1.9526580351073946e-5 1565 4 3 0.22 4 0.04938099268332533 8.07
true 0.004526009341763934 130 4 4 0.22 1 0.04938099268332533 0.29
true 0.006262175838921219 258 4 4 0.22 2 0.04938099268332533 0.88
true 3.520069400626824e-5 608 4 4 0.22 3 0.04938099268332533 2.68
true 1.2707407285483807e-5 4370 4 4 0.22 4 0.04938099268332533 22.19
true 0.0013661872991526103 64 4 1 0.24 1 0.08188079160576314 0.12
true 0.00021287554796278751 426 4 1 0.24 2 0.08188079160576314 1.23
true 8.64968948018352e-5 313 4 1 0.24 3 0.08188079160576314 1.45
true 1.2751393014764911e-5 1346 4 1 0.24 4 0.08188079160576314 7.05
true 0.008093731528932085 74 4 2 0.24 1 0.08188079160576314 0.13
true 0.00015040796120219246 465 4 2 0.24 2 0.08188079160576314 1.4
true 7.261398678412578e-5 884 4 2 0.24 3 0.08188079160576314 3.62
true 0.0003551173333237456 480 4 2 0.24 4 0.08188079160576314 3.05
true 0.010477405807911825 88 4 3 0.24 1 0.08188079160576314 0.18
true 0.010468784466810285 595 4 3 0.24 2 0.08188079160576314 1.79
true 0.005078419847552788 891 4 3 0.24 3 0.08188079160576314 3.76
true 1.201024740023667e-5 1716 4 3 0.24 4 0.08188079160576314 8.67
true 0.008437880357010277 144 4 4 0.24 1 0.08188079160576314 0.28
true 0.00794578790774278 367 4 4 0.24 2 0.08188079160576314 1.25
true 7.530949988014679e-5 615 4 4 0.24 3 0.08188079160576314 2.6
true 0.00022649478872840967 982 4 4 0.24 4 0.08188079160576314 5.3
true 0.0027430961371691653 59 4 1 0.26 1 0.1297967786166197 0.14
true 0.0004270294443753375 371 4 1 0.26 2 0.1297967786166197 1.11
true 0.00017318380109865306 381 4 1 0.26 3 0.1297967786166197 1.68
true 4.321074442703576e-8 373 4 1 0.26 4 0.1297967786166197 2.61
true 0.014464963464930397 46 4 2 0.26 1 0.1297967786166197 0.11
true 0.014946733129220874 359 4 2 0.26 2 0.1297967786166197 1.12
true 8.69096475580311e-5 1050 4 2 0.26 3 0.1297967786166197 4.22
true 5.847668240188675e-6 1828 4 2 0.26 4 0.1297967786166197 9.16
true 0.01865530965210042 72 4 3 0.26 1 0.1297967786166197 0.15
true 0.0005293769507582388 256 4 3 0.26 2 0.1297967786166197 0.84
true 7.09569118628924e-5 1149 4 3 0.26 3 0.1297967786166197 4.62
true 0.00029743099613751173 527 4 3 0.26 4 0.1297967786166197 3.36
true 0.01517277229593196 96 4 4 0.26 1 0.1297967786166197 0.2
true 0.0005544534430842463 315 4 4 0.26 2 0.1297967786166197 1.0
true 8.71087030631934e-5 740 4 4 0.26 3 0.1297967786166197 3.23
true 0.0003169263241553366 1524 4 4 0.26 4 0.1297967786166197 7.87
true 0.005214849161788382 60 4 1 0.28 1 0.1955000413843353 0.11
true 0.0008076139276573246 327 4 1 0.28 2 0.1955000413843353 0.98
true 0.00013978194120406462 477 4 1 0.28 3 0.1955000413843353 1.99
true 1.4565117953391216e-6 661 4 1 0.28 4 0.1955000413843353 3.7
true 0.024765401254513958 66 4 2 0.28 1 0.1955000413843353 0.13
true 0.025680019257924014 390 4 2 0.28 2 0.1955000413843353 1.18
true 0.0023562164182540646 1160 4 2 0.28 3 0.1955000413843353 4.63
true 3.3058309869549163e-6 1645 4 2 0.28 4 0.1955000413843353 8.6
true 0.031805766875423615 84 4 3 0.28 1 0.1955000413843353 0.17
true 0.031938957751612186 351 4 3 0.28 2 0.1955000413843353 1.09
true 0.00026633331281185796 388 4 3 0.28 3 0.1955000413843353 1.8
true 0.00020364136149418158 979 4 3 0.28 4 0.1955000413843353 5.21
true 0.026141620754099454 88 4 4 0.28 1 0.1955000413843353 0.19
true 0.0008978675790363433 338 4 4 0.28 2 0.1955000413843353 1.09
true 0.011574737905604454 1235 4 4 0.28 3 0.1955000413843353 5.22
true 0.0004390606907484079 700 4 4 0.28 4 0.1955000413843353 3.97
true 0.009288643012740572 30 4 1 0.3 1 0.27725966462546564 0.06
true 0.0014179957822723077 269 4 1 0.3 2 0.27725966462546564 0.87
true 0.00022517636340491087 608 4 1 0.3 3 0.27725966462546564 2.5
true 1.0814100154243889e-6 611 4 1 0.3 4 0.27725966462546564 3.5
true 0.040176355151681664 70 4 2 0.3 1 0.27725966462546564 0.13
true 0.0007968568628911044 222 4 2 0.3 2 0.27725966462546564 0.74
true 0.004128462240896552 824 4 2 0.3 3 0.27725966462546564 3.54
true 5.749884964895147e-5 881 4 2 0.3 4 0.27725966462546564 4.81
true 0.0513486303965359 82 4 3 0.3 1 0.27725966462546564 0.15
true 0.0013724875669708185 210 4 3 0.3 2 0.27725966462546564 0.75
true 0.0013453280879962004 1255 4 3 0.3 3 0.27725966462546564 5.3
true 0.0008626620718286682 995 4 3 0.3 4 0.27725966462546564 5.3
true 0.04268676775233332 98 4 4 0.3 1 0.27725966462546564 0.21
true 0.03941074128111667 493 4 4 0.3 2 0.27725966462546564 1.51
true 0.00014112517399095248 1031 4 4 0.3 3 0.27725966462546564 4.14
true 1.1776837299901088e-5 3305 4 4 0.3 4 0.27725966462546564 16.77
true 0.015317633458559743 61 4 1 0.32 1 0.3673031991535092 0.13
true 0.0022769144840179556 199 4 1 0.32 2 0.3673031991535092 0.63
true 1.2595437187346015e-5 536 4 1 0.32 3 0.3673031991535092 2.27
true 1.6082365161818046e-7 867 4 1 0.32 4 0.3673031991535092 4.53
true 0.061025702508297114 65 4 2 0.32 1 0.3673031991535092 0.13
true 0.001224791345125542 337 4 2 0.32 2 0.3673031991535092 1.06
true 0.00678973915811007 438 4 2 0.32 3 0.3673031991535092 2.0
true 1.514785991083012e-5 1027 4 2 0.32 4 0.3673031991535092 5.6
true 0.07755933527392424 63 4 3 0.32 1 0.3673031991535092 0.13
true 0.002000732063893821 318 4 3 0.32 2 0.3673031991535092 1.03
true 0.03990328296000378 947 4 3 0.32 3 0.3673031991535092 3.93
true 0.001010275433056244 1388 4 3 0.32 4 0.3673031991535092 7.06
true 0.06529171270447837 125 4 4 0.32 1 0.3673031991535092 0.25
true 0.05945367656354095 337 4 4 0.32 2 0.3673031991535092 1.07
true 0.03022527038786517 1420 4 4 0.32 3 0.3673031991535092 5.77
true 0.0010095783977769196 453 4 4 0.32 4 0.3673031991535092 3.09
true 0.02320788614760505 69 4 1 0.34 1 0.4534331841925793 0.13
true 0.0033199216563603584 446 4 1 0.34 2 0.4534331841925793 1.37
true 0.0003129122733918077 366 4 1 0.34 3 0.4534331841925793 1.71
true 1.303344109859772e-7 426 4 1 0.34 4 0.4534331841925793 2.66
true 0.08611021714425243 63 4 2 0.34 1 0.4534331841925793 0.12
true 0.0017378899708073159 290 4 2 0.34 2 0.4534331841925793 0.9
true 0.011083419774961384 546 4 2 0.34 3 0.4534331841925793 2.43
true 2.1246236410199515e-6 1955 4 2 0.34 4 0.4534331841925793 9.95
true 0.10873142161536875 87 4 3 0.34 1 0.4534331841925793 0.17
true 0.002688330177995931 215 4 3 0.34 2 0.4534331841925793 0.7
true 0.055593743736156886 1176 4 3 0.34 3 0.4534331841925793 4.78
true 0.0017759648190559714 1000 4 3 0.34 4 0.4534331841925793 5.58
true 0.2637107649171232 68 4 4 0.34 1 0.4534331841925793 0.15
true 0.0023508392147326973 401 4 4 0.34 2 0.4534331841925793 1.37
true 0.0001532344474295816 2287 4 4 0.34 3 0.4534331841925793 9.34
true 1.020008258301175e-5 1184 4 4 0.34 4 0.4534331841925793 6.53
true 0.0323398622900285 51 4 1 0.36 1 0.5242078864035358 0.11
true 0.004407221449861609 226 4 1 0.36 2 0.5242078864035358 0.74
true 8.051962251398592e-7 298 4 1 0.36 3 0.5242078864035358 1.38
true 7.395858586667359e-8 457 4 1 0.36 4 0.5242078864035358 2.95
true 0.11275104706495542 59 4 2 0.36 1 0.5242078864035358 0.12
true 0.04004891848971623 249 4 2 0.36 2 0.5242078864035358 0.83
true 0.0006764431278972471 722 4 2 0.36 3 0.5242078864035358 3.03
true 4.099955688618984e-6 1368 4 2 0.36 4 0.5242078864035358 7.21
true 0.1413037898780421 154 4 3 0.36 1 0.5242078864035358 0.32
true 0.0033446735490261967 610 4 3 0.36 2 0.5242078864035358 1.96
true 7.902491531477003e-5 434 4 3 0.36 3 0.5242078864035358 1.94
true 0.002814141042328744 670 4 3 0.36 4 0.5242078864035358 3.79
true 0.12260583525799032 78 4 4 0.36 1 0.5242078864035358 0.16
true 0.002773789864780385 323 4 4 0.36 2 0.5242078864035358 1.02
true 0.00010325211174747051 1367 4 4 0.36 3 0.5242078864035358 5.82
true 9.20080236863352e-5 1177 4 4 0.36 4 0.5242078864035358 6.25
true 0.04185338727153898 58 4 1 0.38 1 0.5738898971784198 0.12
true 0.005396573383196546 187 4 1 0.38 2 0.5738898971784198 0.61
true 1.7405685784788183e-5 2064 4 1 0.38 3 0.5738898971784198 7.81
true 2.4879619655582275e-6 621 4 1 0.38 4 0.5738898971784198 3.68
true 0.13781322862399728 64 4 2 0.38 1 0.5738898971784198 0.13
true 0.13367604859960291 212 4 2 0.38 2 0.5738898971784198 0.69
true 0.013834425738814327 881 4 2 0.38 3 0.5738898971784198 3.8
true 2.8811480543011747e-7 759 4 2 0.38 4 0.5738898971784198 4.25
true 0.17124002690226445 80 4 3 0.38 1 0.5738898971784198 0.16
true 0.0039059890205150514 192 4 3 0.38 2 0.5738898971784198 0.71
true 6.751861690712513e-5 609 4 3 0.38 3 0.5738898971784198 2.64
true 1.2179516687749192e-5 1856 4 3 0.38 4 0.5738898971784198 9.27
true 0.2770184328846094 76 4 4 0.38 1 0.5738898971784198 0.15
true 0.003115310884649364 709 4 4 0.38 2 0.5738898971784198 2.3
true 6.138321605109187e-5 594 4 4 0.38 3 0.5738898971784198 2.62
true 1.989897595822132e-5 1566 4 4 0.38 4 0.5738898971784198 8.14
true 0.0510747836203424 49 4 1 0.4 1 0.6032626509160969 0.11
true 0.00620485844266444 162 4 1 0.4 2 0.6032626509160969 0.54
true 0.0007538148861733762 713 4 1 0.4 3 0.6032626509160969 2.81
true 3.3858249981477684e-8 462 4 1 0.4 4 0.6032626509160969 2.93
true 0.15897106702711236 66 4 2 0.4 1 0.6032626509160969 0.13
true 0.0031490849063922632 175 4 2 0.4 2 0.6032626509160969 0.6
true 0.01646160909212588 353 4 2 0.4 3 0.6032626509160969 1.63
true 6.320954619332131e-6 1495 4 2 0.4 4 0.6032626509160969 7.57
true 0.1955764472335516 61 4 3 0.4 1 0.6032626509160969 0.12
true 0.004352891625010087 186 4 3 0.4 2 0.6032626509160969 0.66
true 0.0001285917534699088 1239 4 3 0.4 3 0.6032626509160969 4.96
true 5.337983032192387e-5 1867 4 3 0.4 4 0.6032626509160969 9.87
true 0.17605473033598995 118 4 4 0.4 1 0.6032626509160969 0.22
true 0.0033843027550903293 401 4 4 0.4 2 0.6032626509160969 1.23
true 4.9895348709680376e-5 890 4 4 0.4 3 0.6032626509160969 3.67
true 0.0017056444977909813 922 4 4 0.4 4 0.6032626509160969 5.02
true 0.05971794740084391 60 4 1 0.42 1 0.6168497726156195 0.13
true 0.006818915963381522 168 4 1 0.42 2 0.6168497726156195 0.61
true 8.84797858791142e-6 454 4 1 0.42 3 0.6168497726156195 1.94
true 6.842811381968517e-7 377 4 1 0.42 4 0.6168497726156195 2.56
true 0.17529384683052207 106 4 2 0.42 1 0.6168497726156195 0.19
true 0.0034523110231497733 340 4 2 0.42 2 0.6168497726156195 1.02
true 8.379734600894029e-5 328 4 2 0.42 3 0.6168497726156195 1.57
true 9.192460606322062e-7 523 4 2 0.42 4 0.6168497726156195 3.17
true 0.21321351991253723 64 4 3 0.42 1 0.6168497726156195 0.14
true 0.004693772920473997 185 4 3 0.42 2 0.6168497726156195 0.64
true 4.5260285096530385e-5 2046 4 3 0.42 3 0.6168497726156195 8.33
true 4.807345644488222e-5 925 4 3 0.42 4 0.6168497726156195 5.16
true 0.19543248164130284 115 4 4 0.42 1 0.6168497726156195 0.25
true 0.003596083096135197 594 4 4 0.42 2 0.6168497726156195 1.84
true 5.846642296199189e-5 584 4 4 0.42 3 0.6168497726156195 2.53
true 0.00010797899024644897 971 4 4 0.42 4 0.6168497726156195 5.38
true 0.06781080100452086 68 4 1 0.44 1 0.6197629413526827 0.12
true 0.007261857005809336 285 4 1 0.44 2 0.6197629413526827 0.87
true 7.270433607209359e-6 1013 4 1 0.44 3 0.6197629413526827 4.12
true 9.400021561134508e-8 442 4 1 0.44 4 0.6197629413526827 2.94
true 0.18699675292070836 65 4 2 0.44 1 0.6197629413526827 0.12
true 0.0036736013744246565 173 4 2 0.44 2 0.6197629413526827 0.58
true 5.0036476713838374e-5 603 4 2 0.44 3 0.6197629413526827 2.56
true 3.6278747891083096e-6 647 4 2 0.44 4 0.6197629413526827 3.65
true 0.22443055242426133 61 4 3 0.44 1 0.6197629413526827 0.13
true 0.0049492890923545545 298 4 3 0.44 2 0.6197629413526827 0.95
true 8.432472908572371e-5 904 4 3 0.44 3 0.6197629413526827 3.64
true 0.0004934854541107277 581 4 3 0.44 4 0.6197629413526827 3.39
true 0.20686304057821608 83 4 4 0.44 1 0.6197629413526827 0.16
true 0.003761607700190711 324 4 4 0.44 2 0.6197629413526827 1.04
true 4.649858596450507e-5 1752 4 4 0.44 3 0.6197629413526827 7.48
true 0.00044602316841202416 3063 4 4 0.44 4 0.6197629413526827 16.07
true 0.07551745062979531 48 4 1 0.46 1 0.6160458563573982 0.12
true 0.0075708896126285286 416 4 1 0.46 2 0.6160458563573982 1.24
true 1.6658197559138443e-6 2444 4 1 0.46 3 0.6160458563573982 9.19
true 7.283573866256887e-8 397 4 1 0.46 4 0.6160458563573982 2.53
true 0.19484181097235934 89 4 2 0.46 1 0.6160458563573982 0.16
true 0.0038325955022969482 213 4 2 0.46 2 0.6160458563573982 0.73
true 0.022016607703903818 1350 4 2 0.46 3 0.6160458563573982 5.41
true 6.596063390901241e-5 926 4 2 0.46 4 0.6160458563573982 4.98
true 0.27537212957476304 71 4 3 0.46 1 0.6160458563573982 0.15
true 0.0051366744379685025 376 4 3 0.46 2 0.6160458563573982 1.16
true 0.0810449674675141 614 4 3 0.46 3 0.6160458563573982 2.64
true 2.75803497731264e-5 1030 4 3 0.46 4 0.6160458563573982 5.47
true 0.20050903698006547 121 4 4 0.46 1 0.6160458563573982 0.25
true 0.0038901328861909446 328 4 4 0.46 2 0.6160458563573982 1.04
true 0.00012144025270627301 2527 4 4 0.46 3 0.6160458563573982 10.32
true 0.0013068134740333442 2051 4 4 0.46 4 0.6160458563573982 10.71
true 0.08301107078343861 62 4 1 0.48 1 0.6083694839555642 0.12
true 0.007774902503718706 277 4 1 0.48 2 0.6083694839555642 0.85
true 1.9052159733190521e-6 679 4 1 0.48 3 0.6083694839555642 2.91
true 3.9920172717478053e-7 579 4 1 0.48 4 0.6083694839555642 3.31
true 0.19966348959098076 65 4 2 0.48 1 0.6083694839555642 0.12
true 0.003941910359678502 260 4 2 0.48 2 0.6083694839555642 0.85
true 3.1184060427680294e-5 942 4 2 0.48 3 0.6083694839555642 3.79
true 3.3425941525777603e-7 1430 4 2 0.48 4 0.6083694839555642 7.49
true 0.2609183736245446 70 4 3 0.48 1 0.6083694839555642 0.14
true 0.005269319746266025 412 4 3 0.48 2 0.6083694839555642 1.27
true 7.098698451757368e-5 356 4 3 0.48 3 0.6083694839555642 1.67
true 0.0004258832799027279 2759 4 3 0.48 4 0.6083694839555642 14.1
true 0.29874032626542346 119 4 4 0.48 1 0.6083694839555642 0.24
true 0.003985772615385838 446 4 4 0.48 2 0.6083694839555642 1.36
true 0.00015327123431020662 2719 4 4 0.48 3 0.6083694839555642 11.12
true 1.8030772389668326e-5 2827 4 4 0.48 4 0.6083694839555642 14.14
true 0.09042067595154257 66 4 1 0.5 1 0.5983249863531529 0.12
true 0.00789438735617276 148 4 1 0.5 2 0.5983249863531529 0.53
true 1.1407169516752802e-6 295 4 1 0.5 3 0.5983249863531529 1.36
true 1.4210793580771153e-7 435 4 1 0.5 4 0.5983249863531529 2.64
true 0.22229234568831877 59 4 2 0.5 1 0.5983249863531529 0.11
true 0.13455307300793953 424 4 2 0.5 2 0.5983249863531529 1.28
true 0.0037985261227361233 474 4 2 0.5 3 0.5983249863531529 2.06
true 2.2998940231166998e-6 1392 4 2 0.5 4 0.5983249863531529 7.21
true 0.22993244978676572 68 4 3 0.5 1 0.5983249863531529 0.15
true 0.005354477266893624 364 4 3 0.5 2 0.5983249863531529 1.15
true 0.000979175758442678 1611 4 3 0.5 3 0.5983249863531529 6.58
true 0.0026655135892987105 1053 4 3 0.5 4 0.5983249863531529 6.05
true 0.18466302326575829 92 4 4 0.5 1 0.5983249863531529 0.18
true 0.004050396905615983 281 4 4 0.5 2 0.5983249863531529 0.96
true 0.00010225525897877841 834 4 4 0.5 3 0.5983249863531529 3.49
true 2.6195855114874433e-5 4484 4 4 0.5 4 0.5983249863531529 22.8
true 0.09782363778373593 46 4 1 0.52 1 0.5868107723568018 0.1
true 0.007942764662664525 193 4 1 0.52 2 0.5868107723568018 0.62
true 4.423357117255833e-7 1036 4 1 0.52 3 0.5868107723568018 4.08
true 1.0430685593032507e-7 426 4 1 0.52 4 0.5868107723568018 2.76
true 0.2028021573185025 72 4 2 0.52 1 0.5868107723568018 0.13
true 0.004046272107076837 229 4 2 0.52 2 0.5868107723568018 0.71
true 7.334047907306407e-5 532 4 2 0.52 3 0.5868107723568018 2.31
true 7.242532302220717e-7 1955 4 2 0.52 4 0.5868107723568018 9.8
true 0.22566147064131484 74 4 3 0.52 1 0.5868107723568018 0.15
true 0.005398383722960383 211 4 3 0.52 2 0.5868107723568018 0.72
true 0.0003241091800330609 624 4 3 0.52 3 0.5868107723568018 2.75
true 0.0016692093283161014 1195 4 3 0.52 4 0.5868107723568018 6.12
true 0.30736462583160534 134 4 4 0.52 1 0.5868107723568018 0.27
true 0.23199059316142134 213 4 4 0.52 2 0.5868107723568018 0.71
true 0.00011669921859994159 754 4 4 0.52 3 0.5868107723568018 3.44
true 8.38655154380974e-5 1327 4 4 0.52 4 0.5868107723568018 7.21
true 0.10525375826960126 51 4 1 0.54 1 0.5743296695059446 0.14
true 0.007929748795021951 297 4 1 0.54 2 0.5743296695059446 0.92
true 6.805608159798915e-7 859 4 1 0.54 3 0.5743296695059446 3.55
true 6.420899267833846e-8 539 4 1 0.54 4 0.5743296695059446 3.28
true 0.20196604561600437 79 4 2 0.54 1 0.5743296695059446 0.15
true 0.12286351314839372 389 4 2 0.54 2 0.5743296695059446 1.17
true 8.70269000126378e-5 696 4 2 0.54 3 0.5743296695059446 2.91
true 3.868749055724319e-6 1771 4 2 0.54 4 0.5743296695059446 9.16
true 0.21949743147528347 78 4 3 0.54 1 0.5743296695059446 0.15
true 0.005402166628780403 256 4 3 0.54 2 0.5743296695059446 0.84
true 0.00021949771437897633 1099 4 3 0.54 3 0.5743296695059446 4.49
true 0.00022399784457616256 637 4 3 0.54 4 0.5743296695059446 3.66
true 0.16830277741979877 126 4 4 0.54 1 0.5743296695059446 0.25
true 0.00409504963684959 261 4 4 0.54 2 0.5743296695059446 0.89
true 0.00017279250272955737 1461 4 4 0.54 3 0.5743296695059446 5.85
true 1.4512784024367509e-5 614 4 4 0.54 4 0.5743296695059446 3.78
true 0.11271804358672699 66 4 1 0.56 1 0.5611752507606665 0.13
true 0.007862840728931009 129 4 1 0.56 2 0.5611752507606665 0.44
true 2.5957062994574898e-6 1264 4 1 0.56 3 0.5611752507606665 5.06
true 3.3946036259724366e-8 531 4 1 0.56 4 0.5611752507606665 3.1
true 0.19986505319212625 58 4 2 0.56 1 0.5611752507606665 0.12
true 0.004029922894288995 355 4 2 0.56 2 0.5611752507606665 1.08
true 0.00017300057344296627 1299 4 2 0.56 3 0.5611752507606665 5.36
true 8.254776794336394e-7 1013 4 2 0.56 4 0.5611752507606665 5.52
true 0.21185758454055495 69 4 3 0.56 1 0.5611752507606665 0.15
true 0.005372487537373257 354 4 3 0.56 2 0.5611752507606665 1.17
true 0.00027192704974900633 382 4 3 0.56 3 0.5611752507606665 1.88
true 5.399272824483751e-6 1532 4 3 0.56 4 0.5611752507606665 7.92
true 0.3132047748348892 139 4 4 0.56 1 0.5611752507606665 0.28
true 0.15287881321763072 501 4 4 0.56 2 0.5611752507606665 1.53
true 0.0001722272712879891 1620 4 4 0.56 3 0.5611752507606665 6.75
true 3.82694119627075e-5 2921 4 4 0.56 4 0.5611752507606665 14.9
true 0.12020479044111299 56 4 1 0.58 1 0.5475360323215799 0.12
true 0.007748256538274212 226 4 1 0.58 2 0.5475360323215799 0.68
true 3.0862245248286513e-7 1146 4 1 0.58 3 0.5475360323215799 4.53
true 4.323904693737113e-7 659 4 1 0.58 4 0.5475360323215799 4.1
true 0.1966363935901633 79 4 2 0.58 1 0.5475360323215799 0.14
true 0.0039825580023362395 213 4 2 0.58 2 0.5475360323215799 0.73
true 0.003959915151077326 749 4 2 0.58 3 0.5475360323215799 3.09
true 3.989432135642623e-6 1280 4 2 0.58 4 0.5475360323215799 6.72
true 0.2030546575146206 104 4 3 0.58 1 0.5475360323215799 0.21
true 0.005310037835729808 724 4 3 0.58 2 0.5475360323215799 2.28
true 0.0002626994227507932 2321 4 3 0.58 3 0.5475360323215799 9.15
true 2.5043996579969068e-5 1562 4 3 0.58 4 0.5475360323215799 7.85
true 0.31756041969633386 82 4 4 0.58 1 0.5475360323215799 0.17
true 0.004036194882792735 325 4 4 0.58 2 0.5475360323215799 1.03
true 0.00037189518487845685 2331 4 4 0.58 3 0.5475360323215799 9.73
true 0.000958282311058975 1567 4 4 0.58 4 0.5475360323215799 8.01
true 0.12769487311106353 55 4 1 0.6 1 0.533549180191324 0.12
true 0.007593687133105709 204 4 1 0.6 2 0.533549180191324 0.63
true 6.135626677783446e-6 636 4 1 0.6 3 0.533549180191324 2.73
true 1.3960144173985611e-6 372 4 1 0.6 4 0.533549180191324 2.6
true 0.19233814479229888 101 4 2 0.6 1 0.533549180191324 0.18
true 0.003915500492790991 201 4 2 0.6 2 0.533549180191324 0.7
true 0.00019143407748456465 1141 4 2 0.6 3 0.533549180191324 4.48
true 0.00018263977212296112 2327 4 2 0.6 4 0.533549180191324 11.59
true 0.193543371097377 80 4 3 0.6 1 0.533549180191324 0.16
true 0.005220434942621421 280 4 3 0.6 2 0.533549180191324 0.92
true 0.00017836792852756375 915 4 3 0.6 3 0.533549180191324 3.71
true 3.225789186848497e-5 2149 4 3 0.6 4 0.533549180191324 10.77
true 0.14521475500796405 78 4 4 0.6 1 0.533549180191324 0.15
true 0.003973469827839471 243 4 4 0.6 2 0.533549180191324 0.82
true 0.00017012812004985056 1273 4 4 0.6 3 0.533549180191324 5.2
true 4.437980313648504e-5 2658 4 4 0.6 4 0.533549180191324 13.16
true 0.13516397804451785 52 4 1 0.62 1 0.5193262561278011 0.1
true 0.00740201380508726 235 4 1 0.62 2 0.5193262561278011 0.71
true 5.0390201467021e-6 1070 4 1 0.62 3 0.5193262561278011 4.28
true 1.0968087169604956e-6 852 4 1 0.62 4 0.5193262561278011 4.81
true 0.18696617970416365 64 4 2 0.62 1 0.5193262561278011 0.13
true 0.10087098387214044 418 4 2 0.62 2 0.5193262561278011 1.29
true 0.02878641277706337 1215 4 2 0.62 3 0.5193262561278011 4.68
true 4.540422247303888e-5 424 4 2 0.62 4 0.5193262561278011 2.73
true 0.18408252295278382 58 4 3 0.62 1 0.5193262561278011 0.13
true 0.005105638902604477 329 4 3 0.62 2 0.5193262561278011 1.06
true 0.00019042333618205878 626 4 3 0.62 3 0.5193262561278011 2.69
true 8.167280617952614e-5 3245 4 3 0.62 4 0.5193262561278011 16.92
true 0.13807273152846142 155 4 4 0.62 1 0.5193262561278011 0.29
true 0.003892505396215537 426 4 4 0.62 2 0.5193262561278011 1.34
true 4.9789985882828236e-5 1087 4 4 0.62 3 0.5193262561278011 4.53
true 2.44448616562587e-5 2322 4 4 0.62 4 0.5193262561278011 11.9
true 0.14258558905827595 84 4 1 0.64 1 0.5049645940759805 0.16
true 0.007182306737056443 214 4 1 0.64 2 0.5049645940759805 0.67
true 0.0009770402018764446 770 4 1 0.64 3 0.5049645940759805 3.22
true 2.1758419077588798e-7 424 4 1 0.64 4 0.5049645940759805 2.62
true 0.18046059699369912 81 4 2 0.64 1 0.5049645940759805 0.16
true 0.0037274708806281087 225 4 2 0.64 2 0.5049645940759805 0.73
true 0.028614248423202204 1443 4 2 0.64 3 0.5049645940759805 5.56
true 2.2579900966046562e-5 716 4 2 0.64 4 0.5049645940759805 4.2
true 0.174976124688319 62 4 3 0.64 1 0.5049645940759805 0.13
true 0.0049697362657713144 257 4 3 0.64 2 0.5049645940759805 0.85
true 0.0002588230647626033 1411 4 3 0.64 3 0.5049645940759805 5.75
true 0.00016165529080941488 2004 4 3 0.64 4 0.5049645940759805 10.31
true 0.13123561660569216 110 4 4 0.64 1 0.5049645940759805 0.23
true 0.003794608865132401 313 4 4 0.64 2 0.5049645940759805 1.05
true 0.00024842334446154024 1451 4 4 0.64 3 0.5049645940759805 6.03
true 1.467951122238742e-5 983 4 4 0.64 4 0.5049645940759805 5.34
true 0.14993827078849797 56 4 1 0.66 1 0.49055177436486347 0.11
true 0.00694608593276963 153 4 1 0.66 2 0.49055177436486347 0.54
true 0.002172154622547773 1637 4 1 0.66 3 0.49055177436486347 6.72
true 4.861461120886368e-7 511 4 1 0.66 4 0.49055177436486347 3.19
true 0.17272112154665104 76 4 2 0.66 1 0.49055177436486347 0.14
true 0.003613148669664612 241 4 2 0.66 2 0.49055177436486347 0.8
true 1.9525282216853457e-5 641 4 2 0.66 3 0.49055177436486347 2.65
true 8.79781722529227e-7 1496 4 2 0.66 4 0.49055177436486347 7.76
true 0.16627703770594837 58 4 3 0.66 1 0.49055177436486347 0.13
true 0.004817239724301925 360 4 3 0.66 2 0.49055177436486347 1.14
true 0.00020300921261332908 1494 4 3 0.66 3 0.49055177436486347 6.13
true 0.0016891095609163909 1761 4 3 0.66 4 0.49055177436486347 9.15
true 0.1247098675751514 66 4 4 0.66 1 0.49055177436486347 0.14
true 0.0036843942296138216 401 4 4 0.66 2 0.49055177436486347 1.28
true 0.0021636971675518396 1311 4 4 0.66 3 0.49055177436486347 5.28
true 0.000530526254986452 805 4 4 0.66 4 0.49055177436486347 4.56
true 0.15719910203590648 49 4 1 0.68 1 0.4761670391572981 0.1
true 0.006679765300631912 224 4 1 0.68 2 0.4761670391572981 0.73
true 1.5269884868773786e-6 407 4 1 0.68 3 0.4761670391572981 1.87
true 2.687125129630097e-7 570 4 1 0.68 4 0.4761670391572981 3.36
true 0.16416170919862544 70 4 2 0.68 1 0.4761670391572981 0.13
true 0.0034882927858579937 287 4 2 0.68 2 0.4761670391572981 0.87
true 9.915428562298767e-5 590 4 2 0.68 3 0.4761670391572981 2.63
true 1.3921281294404508e-6 726 4 2 0.68 4 0.4761670391572981 4.11
true 0.15799326571203606 94 4 3 0.68 1 0.4761670391572981 0.19
true 0.004651721503798408 328 4 3 0.68 2 0.4761670391572981 1.04
true 0.0002730830614426731 1141 4 3 0.68 3 0.4761670391572981 4.6
true 2.6772489104117298e-5 1287 4 3 0.68 4 0.4761670391572981 6.96
true 0.11849595950982782 137 4 4 0.68 1 0.4761670391572981 0.26
true 0.0035632227694877283 576 4 4 0.68 2 0.4761670391572981 1.86
true 3.695933702212162e-5 1763 4 4 0.68 3 0.4761670391572981 7.19
true 0.0019092016504720921 1460 4 4 0.68 4 0.4761670391572981 7.76
true 0.16434895820532713 53 4 1 0.7 1 0.46188152135118604 0.12
true 0.006407573481581719 249 4 1 0.7 2 0.46188152135118604 0.79
true 8.964676067035882e-7 566 4 1 0.7 3 0.46188152135118604 2.33
true 1.6848905398658687e-7 568 4 1 0.7 4 0.46188152135118604 3.21
true 0.15592900121720174 63 4 2 0.7 1 0.46188152135118604 0.13
true 0.0033567682508350294 275 4 2 0.7 2 0.46188152135118604 0.87
true 9.912076606313769e-5 524 4 2 0.7 3 0.46188152135118604 2.29
true 9.613314351500368e-5 795 4 2 0.7 4 0.46188152135118604 4.64
true 0.15012415837187315 79 4 3 0.7 1 0.46188152135118604 0.17
true 0.004475148106759012 297 4 3 0.7 2 0.46188152135118604 0.95
true 0.0008103627987430065 598 4 3 0.7 3 0.46188152135118604 2.48
true 0.0018545633400190997 1218 4 3 0.7 4 0.46188152135118604 6.43
true 0.11259323888016419 111 4 4 0.7 1 0.46188152135118604 0.23
true 0.003432021735225471 798 4 4 0.7 2 0.46188152135118604 2.55
true 4.501416853065765e-5 726 4 4 0.7 3 0.46188152135118604 3.11
true 0.0015948850837442796 1022 4 4 0.7 4 0.46188152135118604 5.55
true 0.16449133706285074 65 4 1 0.72 1 0.4477581467864862 0.12
true 0.006128141319527991 270 4 1 0.72 2 0.4477581467864862 0.84
true 0.00045636332882853514 996 4 1 0.72 3 0.4477581467864862 4.27
true 3.882668080124052e-5 708 4 1 0.72 4 0.4477581467864862 4.0
true 0.14812091849134776 75 4 2 0.72 1 0.4477581467864862 0.15
true 0.003218712364075338 434 4 2 0.72 2 0.4477581467864862 1.34
true 0.00024359118201555674 475 4 2 0.72 3 0.4477581467864862 2.05
true 4.529643992362553e-6 595 4 2 0.72 4 0.4477581467864862 3.45
true 0.1426637106038002 90 4 3 0.72 1 0.4477581467864862 0.18
true 0.004291940163695514 240 4 3 0.72 2 0.4477581467864862 0.77
true 0.0004878895260298129 737 4 3 0.72 3 0.4477581467864862 3.05
true 3.467682733959698e-5 1006 4 3 0.72 4 0.4477581467864862 5.41
true 0.10699790615931948 101 4 4 0.72 1 0.4477581467864862 0.2
true 0.003295747318191017 288 4 4 0.72 2 0.4477581467864862 1.01
true 0.0002700807057117449 1246 4 4 0.72 3 0.4477581467864862 5.01
true 0.0009745189422828426 2723 4 4 0.72 4 0.4477581467864862 14.45
true 0.15610698151058144 51 4 1 0.74 1 0.433851572131634 0.1
true 0.005845545644317662 256 4 1 0.74 2 0.433851572131634 0.79
true 5.7384568251661605e-6 384 4 1 0.74 3 0.433851572131634 1.75
true 5.759095589308316e-8 385 4 1 0.74 4 0.433851572131634 2.51
true 0.14072949450181493 73 4 2 0.74 1 0.433851572131634 0.14
true 0.0030781723913227144 256 4 2 0.74 2 0.433851572131634 0.83
true 3.0184221038426218e-5 695 4 2 0.74 3 0.433851572131634 2.85
true 4.218552634885353e-5 847 4 2 0.74 4 0.433851572131634 4.55
true 0.13560344125585896 76 4 3 0.74 1 0.433851572131634 0.15
true 0.004105824455422236 264 4 3 0.74 2 0.433851572131634 0.88
true 0.00025731952740400593 431 4 3 0.74 3 0.433851572131634 2.08
true 0.0015061224938285507 2651 4 3 0.74 4 0.433851572131634 14.16
true 0.10170333375455641 81 4 4 0.74 1 0.433851572131634 0.17
true 0.003155697748281658 379 4 4 0.74 2 0.433851572131634 1.17
true 7.477505973792209e-5 917 4 4 0.74 3 0.433851572131634 3.74
true 0.001863294942155369 2157 4 4 0.74 4 0.433851572131634 11.04
true 0.1481783774983333 53 4 1 0.76 1 0.4202082855607151 0.12
true 0.00556192743970918 192 4 1 0.76 2 0.4202082855607151 0.66
true 1.0198691768326107e-6 835 4 1 0.76 3 0.4202082855607151 3.47
true 6.606276435894287e-7 434 4 1 0.76 4 0.4202082855607151 2.6
true 0.1337431791369933 92 4 2 0.76 1 0.4202082855607151 0.17
true 0.0029365544799787313 345 4 2 0.76 2 0.4202082855607151 1.12
true 0.0005019659762585948 702 4 2 0.76 3 0.4202082855607151 2.83
true 1.1319743983800867e-5 2707 4 2 0.76 4 0.4202082855607151 13.26
true 0.1289311668156696 90 4 3 0.76 1 0.4202082855607151 0.18
true 0.003916132704867163 248 4 3 0.76 2 0.4202082855607151 0.83
true 0.0003145374511496583 1218 4 3 0.76 3 0.4202082855607151 4.87
true 4.313033848957204e-6 2199 4 3 0.76 4 0.4202082855607151 11.14
true 0.09669887959611102 85 4 4 0.76 1 0.4202082855607151 0.18
true 0.0030139349047038078 777 4 4 0.76 2 0.4202082855607151 2.28
true 0.0001512143892874046 593 4 4 0.76 3 0.4202082855607151 2.46
true 3.084584380697031e-5 2949 4 4 0.76 4 0.4202082855607151 14.84
true 0.14069278210798075 46 4 1 0.78 1 0.4068668907949228 0.1
true 0.0052819006564078785 156 4 1 0.78 2 0.4068668907949228 0.53
true 0.0006887380584585934 389 4 1 0.78 3 0.4068668907949228 1.71
true 9.706092973793545e-8 473 4 1 0.78 4 0.4068668907949228 2.81
true 0.12714818806684683 72 4 2 0.78 1 0.4068668907949228 0.14
true 0.0027956569053466107 272 4 2 0.78 2 0.4068668907949228 0.84
true 0.00017427078014667363 723 4 2 0.78 3 0.4068668907949228 3.01
true 9.936474636595971e-6 630 4 2 0.78 4 0.4068668907949228 3.63
true 0.12263407354847 97 4 3 0.78 1 0.4068668907949228 0.21
true 0.0037276700314639957 284 4 3 0.78 2 0.4068668907949228 0.91
true 0.003740993671696058 311 4 3 0.78 3 0.4068668907949228 1.56
true 0.0018496538676190573 1322 4 3 0.78 4 0.4068668907949228 6.82
true 0.09197534215045225 101 4 4 0.78 1 0.4068668907949228 0.21
true 0.002877820577282156 259 4 4 0.78 2 0.4068668907949228 0.9
true 4.7188273899045896e-5 787 4 4 0.78 3 0.4068668907949228 3.22
true 4.0932741388916005e-5 743 4 4 0.78 4 0.4068668907949228 4.22
true 0.13363283355975575 72 4 1 0.8 1 0.3938585502319869 0.13
true 0.0050071741593396 163 4 1 0.8 2 0.3938585502319869 0.59
true 2.622103473293169e-6 850 4 1 0.8 3 0.3938585502319869 3.26
true 9.701726760846796e-8 805 4 1 0.8 4 0.3938585502319869 4.47
true 0.12092937463649941 60 4 2 0.8 1 0.3938585502319869 0.12
true 0.002655827279255951 281 4 2 0.8 2 0.3938585502319869 0.87
true 1.129233165553245e-5 931 4 2 0.8 3 0.3938585502319869 3.62
true 8.371893532033159e-7 817 4 2 0.8 4 0.3938585502319869 4.71
true 0.11669497960182752 82 4 3 0.8 1 0.3938585502319869 0.16
true 0.003541526132937678 251 4 3 0.8 2 0.3938585502319869 0.8
true 0.00023221446977358026 315 4 3 0.8 3 0.3938585502319869 1.64
true 2.829496139602113e-5 2003 4 3 0.8 4 0.3938585502319869 9.99
true 0.28340872754542873 60 4 4 0.8 1 0.3938585502319869 0.13
true 0.0027325825036165208 416 4 4 0.8 2 0.3938585502319869 1.3
true 0.0001762203902828663 352 4 4 0.8 3 0.3938585502319869 1.71
true 6.551324032835759e-5 4723 4 4 0.8 4 0.3938585502319869 23.54
true 0.1269824160730128 50 4 1 0.82 1 0.38120754717639876 0.11
true 0.00473995189479498 227 4 1 0.82 2 0.38120754717639876 0.77
true 0.0029904908053187684 332 4 1 0.82 3 0.38120754717639876 1.55
true 1.7158861375099477e-6 342 4 1 0.82 4 0.38120754717639876 2.26
true 0.11506992272509023 80 4 2 0.82 1 0.38120754717639876 0.17
true 0.0025195264208009716 219 4 2 0.82 2 0.38120754717639876 0.7
true 0.00022326917028053783 652 4 2 0.82 3 0.38120754717639876 2.68
true 0.00025125639078069084 1045 4 2 0.82 4 0.38120754717639876 5.51
true 0.11109965588137184 108 4 3 0.82 1 0.38120754717639876 0.2
true 0.0033590458127282044 530 4 3 0.82 2 0.38120754717639876 1.63
true 0.0002708114367556136 1507 4 3 0.82 3 0.38120754717639876 5.95
true 8.016022312586542e-5 502 4 3 0.82 4 0.38120754717639876 3.18
true 0.08332488766291432 93 4 4 0.82 1 0.38120754717639876 0.18
true 0.002595059513407355 336 4 4 0.82 2 0.38120754717639876 1.12
true 4.357592490017437e-5 2739 4 4 0.82 3 0.38120754717639876 11.15
true 1.0235475216613388e-5 2323 4 4 0.82 4 0.38120754717639876 12.03
true 0.12072077614984583 53 4 1 0.84 1 0.36893192506274924 0.1
true 0.00448084726309711 222 4 1 0.84 2 0.36893192506274924 0.73
true 2.775946294164555e-6 520 4 1 0.84 3 0.36893192506274924 2.15
true 4.1612610557351104e-7 671 4 1 0.84 4 0.36893192506274924 3.61
true 0.10955278004101637 84 4 2 0.84 1 0.36893192506274924 0.17
true 0.002386107528367598 318 4 2 0.84 2 0.36893192506274924 0.97
true 0.02700062381920884 979 4 2 0.84 3 0.36893192506274924 3.79
true 1.5129914893968754e-5 900 4 2 0.84 4 0.36893192506274924 4.89
true 0.10583072875841049 81 4 3 0.84 1 0.36893192506274924 0.16
true 0.003181363531366869 448 4 3 0.84 2 0.36893192506274924 1.4
true 3.242137509834597e-5 669 4 3 0.84 3 0.36893192506274924 2.8
true 5.553337693903204e-5 1465 4 3 0.84 4 0.36893192506274924 8.01
true 0.07937257553101973 127 4 4 0.84 1 0.36893192506274924 0.25
true 0.0024585191455652328 370 4 4 0.84 2 0.36893192506274924 1.18
true 0.00025035469641891683 1034 4 4 0.84 3 0.36893192506274924 4.23
true 0.0004757980823984487 962 4 4 0.84 4 0.36893192506274924 5.24
true 0.11483039863173383 57 4 1 0.86 1 0.35704416557853136 0.11
true 0.004231892634254164 238 4 1 0.86 2 0.35704416557853136 0.8
true 3.800375894535968e-7 600 4 1 0.86 3 0.35704416557853136 2.6
true 1.3770774144328257e-6 687 4 1 0.86 4 0.35704416557853136 3.93
true 0.1043597441603501 67 4 2 0.86 1 0.35704416557853136 0.13
true 0.002256839726190063 223 4 2 0.86 2 0.35704416557853136 0.7
true 0.044206886318448546 509 4 2 0.86 3 0.35704416557853136 2.35
true 2.28727743856183e-7 1168 4 2 0.86 4 0.35704416557853136 6.18
true 0.37161015354712496 91 4 3 0.86 1 0.35704416557853136 0.19
true 0.003009492731507838 468 4 3 0.86 2 0.35704416557853136 1.44
true 4.9199042429818686e-5 889 4 3 0.86 3 0.35704416557853136 3.66
true 1.1282643119447933e-5 2790 4 3 0.86 4 0.35704416557853136 14.04
true 0.07565224576862721 203 4 4 0.86 1 0.35704416557853136 0.39
true 0.25041626225430536 338 4 4 0.86 2 0.35704416557853136 1.18
true 4.569240240467898e-5 1776 4 4 0.86 3 0.35704416557853136 7.45
true 0.0001256854274065411 2025 4 4 0.86 4 0.35704416557853136 10.88
true 0.10929062203793682 49 4 1 0.88 1 0.34555187407953597 0.1
true 0.003993175779307134 339 4 1 0.88 2 0.34555187407953597 1.02
true 6.423565722724067e-6 649 4 1 0.88 3 0.34555187407953597 2.82
true 9.192133566537919e-6 418 4 1 0.88 4 0.34555187407953597 2.72
true 0.09947481618285925 68 4 2 0.88 1 0.34555187407953597 0.14
true 0.00213300878453207 401 4 2 0.88 2 0.34555187407953597 1.26
true 2.818533222273545e-5 518 4 2 0.88 3 0.34555187407953597 2.21
true 1.1207065420071327e-5 823 4 2 0.88 4 0.34555187407953597 4.52
true 0.09620191805619811 78 4 3 0.88 1 0.34555187407953597 0.16
true 0.00284374836407549 344 4 3 0.88 2 0.34555187407953597 1.08
true 0.00022569472666235843 616 4 3 0.88 3 0.34555187407953597 2.83
true 0.0024561246182023453 879 4 3 0.88 4 0.34555187407953597 5.18
true 0.0721513462201532 138 4 4 0.88 1 0.34555187407953597 0.28
true 0.0022011184625781027 454 4 4 0.88 2 0.34555187407953597 1.44
true 0.00016226652727778512 810 4 4 0.88 3 0.34555187407953597 3.42
true 6.451685100369864e-6 1436 4 4 0.88 4 0.34555187407953597 7.76
true 0.104082664830703 52 4 1 0.9 1 0.3344584477916396 0.11
true 0.0037659726354703493 165 4 1 0.9 2 0.3344584477916396 0.55
true 0.003986508285578838 265 4 1 0.9 3 0.3344584477916396 1.37
true 1.0206494399644939e-7 623 4 1 0.9 4 0.3344584477916396 3.72
true 0.0948776425034498 77 4 2 0.9 1 0.3344584477916396 0.14
true 0.002013789269547761 315 4 2 0.9 2 0.3344584477916396 0.97
true 3.850340609165559e-5 1134 4 2 0.9 3 0.3344584477916396 4.45
true 2.1504117184573124e-5 1689 4 2 0.9 4 0.3344584477916396 8.34
true 0.0918085290239633 80 4 3 0.9 1 0.3344584477916396 0.15
true 0.0026851833464523653 231 4 3 0.9 2 0.3344584477916396 0.77
true 0.0026681141889703017 683 4 3 0.9 3 0.3344584477916396 2.86
true 0.0001734524978771653 1249 4 3 0.9 4 0.3344584477916396 6.75
true 0.06885656398902154 102 4 4 0.9 1 0.3344584477916396 0.22
true 0.002079922587855984 465 4 4 0.9 2 0.3344584477916396 1.42
true 0.00025873148022340087 1100 4 4 0.9 3 0.3344584477916396 4.44
true 3.5015112311909125e-5 3456 4 4 0.9 4 0.3344584477916396 17.15
true 0.09918622490105661 60 4 1 0.92 1 0.32376370904828605 0.13
true 0.003548965446730945 210 4 1 0.92 2 0.32376370904828605 0.66
true 4.430040807301694e-6 1669 4 1 0.92 3 0.32376370904828605 6.46
true 1.4453204633113614e-7 522 4 1 0.92 4 0.32376370904828605 3.01
true 0.09055271955131569 160 4 2 0.92 1 0.32376370904828605 0.28
true 0.0019004026079991465 365 4 2 0.92 2 0.32376370904828605 1.15
true 0.0019618414522975802 710 4 2 0.92 3 0.32376370904828605 3.04
true 8.354468063104248e-6 1412 4 2 0.92 4 0.32376370904828605 7.26
true 0.08767493837451336 73 4 3 0.92 1 0.32376370904828605 0.16
true 0.00253382656667415 397 4 3 0.92 2 0.32376370904828605 1.24
true 0.000344298132280559 1773 4 3 0.92 3 0.32376370904828605 7.15
true 1.386867056252239e-5 2864 4 3 0.92 4 0.32376370904828605 14.8
true 0.06575715315308012 90 4 4 0.92 1 0.32376370904828605 0.19
true 0.00196327245626321 267 4 4 0.92 2 0.32376370904828605 0.85
true 3.285786397508317e-5 883 4 4 0.92 3 0.32376370904828605 3.71
true 0.0003708838503412165 1625 4 4 0.92 4 0.32376370904828605 8.33
true 0.09458400055135474 55 4 1 0.94 1 0.313464491748325 0.11
true 0.0033440023926122886 305 4 1 0.94 2 0.313464491748325 0.93
true 8.018501008733026e-7 490 4 1 0.94 3 0.313464491748325 2.04
true 1.146958460374048e-6 463 4 1 0.94 4 0.313464491748325 2.92
true 0.08648420943792934 57 4 2 0.94 1 0.313464491748325 0.11
true 0.04735926004724178 268 4 2 0.94 2 0.313464491748325 0.92
true 0.0001483643692292147 422 4 2 0.94 3 0.313464491748325 1.91
true 4.77684306832149e-8 1184 4 2 0.94 4 0.313464491748325 6.23
true 0.08378508601381462 58 4 3 0.94 1 0.313464491748325 0.13
true 0.0023895888328754333 726 4 3 0.94 2 0.313464491748325 2.21
true 0.0002450665406805719 601 4 3 0.94 3 0.313464491748325 2.63
true 1.3763865248687482e-5 2018 4 3 0.94 4 0.313464491748325 10.01
true 0.06283846156584183 224 4 4 0.94 1 0.313464491748325 0.43
true 0.001852136548710373 1061 4 4 0.94 2 0.313464491748325 3.2
true 3.277728658312995e-5 1178 4 4 0.94 3 0.313464491748325 4.83
true 0.0001894416303025448 734 4 4 0.94 4 0.313464491748325 4.66
true 0.09025615086207317 51 4 1 0.96 1 0.30355517414078803 0.11
true 0.003149647506117459 199 4 1 0.96 2 0.30355517414078803 0.63
true 3.186320175607715e-5 397 4 1 0.96 3 0.30355517414078803 1.89
true 4.739310341950187e-7 348 4 1 0.96 4 0.30355517414078803 2.26
true 0.0826567177219159 55 4 2 0.96 1 0.30355517414078803 0.11
true 0.0016893187296996015 671 4 2 0.96 2 0.30355517414078803 2.03
true 5.495726525223121e-5 585 4 2 0.96 3 0.30355517414078803 2.44
true 0.00029830842538097757 1122 4 2 0.96 4 0.30355517414078803 5.84
true 0.08012239653689547 69 4 3 0.96 1 0.30355517414078803 0.13
true 0.0022527063925922852 541 4 3 0.96 2 0.30355517414078803 1.59
true 0.00023126157701075511 612 4 3 0.96 3 0.30355517414078803 2.64
true 0.0008157199791665551 1009 4 3 0.96 4 0.30355517414078803 5.86
true 0.26496381886635867 108 4 4 0.96 1 0.30355517414078803 0.22
true 0.0017464293351653337 407 4 4 0.96 2 0.30355517414078803 1.3
true 0.0001429775908532438 873 4 4 0.96 3 0.30355517414078803 3.76
true 0.00023084398081936464 1459 4 4 0.96 4 0.30355517414078803 7.82
true 0.08618711716283389 65 4 1 0.98 1 0.2940281549265302 0.13
true 0.0029687670406874367 147 4 1 0.98 2 0.2940281549265302 0.52
true 2.7285976487156915e-6 770 4 1 0.98 3 0.2940281549265302 3.31
true 1.056534414289878e-6 385 4 1 0.98 4 0.2940281549265302 2.42
true 0.0790517377663594 61 4 2 0.98 1 0.2940281549265302 0.12
true 0.0015922354686499496 375 4 2 0.98 2 0.2940281549265302 1.12
true 0.00015255629182267527 1138 4 2 0.98 3 0.2940281549265302 4.09
true 2.7552340127745545e-6 933 4 2 0.98 4 0.2940281549265302 3.93
true 0.07667357228261008 93 4 3 0.98 1 0.2940281549265302 0.15
true 0.002123676085863687 394 4 3 0.98 2 0.2940281549265302 1.0
true 0.00014925210654631593 1844 4 3 0.98 3 0.2940281549265302 6.02
true 0.0002400291313449654 2062 4 3 0.98 4 0.2940281549265302 8.57
true 0.26441190506855544 79 4 4 0.98 1 0.2940281549265302 0.12
true 0.0016477615795272432 356 4 4 0.98 2 0.2940281549265302 0.92
true 2.4394396079513436e-5 663 4 4 0.98 3 0.2940281549265302 2.31
true 0.0008405899274145506 1510 4 4 0.98 4 0.2940281549265302 6.53
true 0.08235889060816126 54 4 1 1.0 1 0.28487427258540376 0.09
true 0.002793252354221676 270 4 1 1.0 2 0.28487427258540376 0.65
true 1.1335564564229905e-6 1231 4 1 1.0 3 0.28487427258540376 4.04
true 2.6523589047311447e-7 502 4 1 1.0 4 0.28487427258540376 2.42
true 0.07565822754424945 73 4 2 1.0 1 0.28487427258540376 0.11
true 0.039583418258754166 535 4 2 1.0 2 0.28487427258540376 1.29
true 2.593616907403673e-5 1017 4 2 1.0 3 0.28487427258540376 3.36
true 9.469546789264705e-6 1828 4 2 1.0 4 0.28487427258540376 7.6
true 0.0734253957607462 79 4 3 1.0 1 0.28487427258540376 0.12
true 0.002000311700734614 570 4 3 1.0 2 0.28487427258540376 1.41
true 0.023386903548911226 575 4 3 1.0 3 0.28487427258540376 1.96
true 2.1347186695682325e-5 2409 4 3 1.0 4 0.28487427258540376 9.47
true 0.055068698245933315 77 4 4 1.0 1 0.28487427258540376 0.13
true 0.001552749385818411 400 4 4 1.0 2 0.28487427258540376 1.02
true 0.0018794736554723912 943 4 4 1.0 3 0.28487427258540376 3.18
true 0.0013358813200780861 1511 4 4 1.0 4 0.28487427258540376 6.29