changes = Time vs nsites = 4 vs nqubits0 vs h vs nlayers

g_converged min_loss iter nsites nqubits0 h nlayers SvN time
true 3.5969851941430875e-7 61 4 1 0.0 1 0.0 0.08
true 2.8962044928970698e-8 151 4 1 0.0 2 0.0 0.38
true 9.338661111080171e-8 251 4 1 0.0 3 0.0 1.0
true 1.418755377624592e-7 336 4 1 0.0 4 0.0 1.62
true 1.248766718642269e-7 75 4 2 0.0 1 0.0 0.11
true 4.96308670078216e-7 251 4 2 0.0 2 0.0 0.55
true 4.7071160572120796e-7 608 4 2 0.0 3 0.0 1.84
true 4.762438489874787e-6 521 4 2 0.0 4 0.0 2.38
true 2.804402847352468e-7 91 4 3 0.0 1 0.0 0.13
true 7.628611994973482e-6 225 4 3 0.0 2 0.0 0.52
true 2.55332802849099e-6 328 4 3 0.0 3 0.0 1.18
true 8.056361278467131e-7 473 4 3 0.0 4 0.0 2.21
true 1.953739180854397e-7 78 4 4 0.0 1 0.0 0.11
true 2.3142139871090706e-7 299 4 4 0.0 2 0.0 0.66
true 6.357733207534855e-7 661 4 4 0.0 3 0.0 2.03
true 6.177772402929382e-6 613 4 4 0.0 4 0.0 2.76
true 2.4273979565281323e-7 65 4 1 0.02 1 1.5519341457791147e-8 0.09
true 9.153042657139565e-8 139 4 1 0.02 2 1.5519341457791147e-8 0.35
true 6.556705280380548e-7 348 4 1 0.02 3 1.5519341457791147e-8 1.12
true 8.439805010418411e-8 329 4 1 0.02 4 1.5519341457791147e-8 1.72
true 9.016360792979405e-7 92 4 2 0.02 1 1.5519341457791147e-8 0.12
true 2.654268058954745e-7 196 4 2 0.02 2 1.5519341457791147e-8 0.44
true 3.878271052637494e-7 341 4 2 0.02 3 1.5519341457791147e-8 1.21
true 1.6667374191925433e-7 554 4 2 0.02 4 1.5519341457791147e-8 2.44
true 0.3333336626388812 43 4 3 0.02 1 1.5519341457791147e-8 0.06
true 9.54075265754047e-7 152 4 3 0.02 2 1.5519341457791147e-8 0.39
true 4.19403599320282e-6 972 4 3 0.02 3 1.5519341457791147e-8 2.86
true 0.00013409759344362726 730 4 3 0.02 4 1.5519341457791147e-8 3.16
true 1.0907683117566958e-6 93 4 4 0.02 1 1.5519341457791147e-8 0.13
true 2.6988323399701475e-7 413 4 4 0.02 2 1.5519341457791147e-8 0.89
true 3.6589753834720407e-6 381 4 4 0.02 3 1.5519341457791147e-8 1.31
true 1.0463309770225582e-5 837 4 4 0.02 4 1.5519341457791147e-8 3.78
true 4.667123479351609e-7 59 4 1 0.04 1 5.221054521751489e-7 0.09
true 1.1376712866772998e-6 153 4 1 0.04 2 5.221054521751489e-7 0.41
true 2.684506533734421e-8 253 4 1 0.04 3 5.221054521751489e-7 0.93
true 7.742126597654053e-6 355 4 1 0.04 4 5.221054521751489e-7 1.67
true 2.0870099695646793e-7 63 4 2 0.04 1 5.221054521751489e-7 0.1
true 1.1492185095218765e-7 233 4 2 0.04 2 5.221054521751489e-7 0.53
true 2.7205099797922294e-7 578 4 2 0.04 3 5.221054521751489e-7 1.79
true 2.968366100503106e-6 688 4 2 0.04 4 5.221054521751489e-7 2.91
true 3.337670011667922e-7 70 4 3 0.04 1 5.221054521751489e-7 0.1
true 3.306332457079601e-7 189 4 3 0.04 2 5.221054521751489e-7 0.49
true 3.493910037048279e-6 457 4 3 0.04 3 5.221054521751489e-7 1.46
true 1.822948592702008e-5 546 4 3 0.04 4 5.221054521751489e-7 2.52
true 4.4312538102775356e-7 90 4 4 0.04 1 5.221054521751489e-7 0.13
true 3.180017789927714e-7 157 4 4 0.04 2 5.221054521751489e-7 0.42
true 4.513654144402968e-6 841 4 4 0.04 3 5.221054521751489e-7 2.69
true 7.931246365250333e-6 972 4 4 0.04 4 5.221054521751489e-7 3.97
true 2.0884934059939297e-7 49 4 1 0.06 1 3.2712639605332464e-5 0.08
true 2.9196923462260216e-6 206 4 1 0.06 2 3.2712639605332464e-5 0.5
true 1.2487582269349318e-6 233 4 1 0.06 3 3.2712639605332464e-5 0.92
true 1.0449916277854854e-6 343 4 1 0.06 4 3.2712639605332464e-5 1.81
true 1.6829272796170525e-6 65 4 2 0.06 1 3.2712639605332464e-5 0.1
true 1.2684981746668988e-6 228 4 2 0.06 2 3.2712639605332464e-5 0.52
true 2.0579531140318963e-6 374 4 2 0.06 3 3.2712639605332464e-5 1.26
true 2.5135417755783873e-6 892 4 2 0.06 4 3.2712639605332464e-5 3.48
true 2.7214721698605913e-6 73 4 3 0.06 1 3.2712639605332464e-5 0.12
true 2.0964362951736426e-6 230 4 3 0.06 2 3.2712639605332464e-5 0.58
true 2.5041989081431293e-5 412 4 3 0.06 3 3.2712639605332464e-5 1.39
true 7.055811499845355e-6 828 4 3 0.06 4 3.2712639605332464e-5 3.5
true 0.25000099647954627 58 4 4 0.06 1 3.2712639605332464e-5 0.09
true 2.035757161886198e-6 306 4 4 0.06 2 3.2712639605332464e-5 0.71
true 1.913394392150103e-6 356 4 4 0.06 3 3.2712639605332464e-5 1.26
true 2.192669748476983e-6 609 4 4 0.06 4 3.2712639605332464e-5 2.79
true 6.369031921860113e-7 58 4 1 0.08 1 0.00031555771092967207 0.09
true 2.0303612968508578e-5 151 4 1 0.08 2 0.00031555771092967207 0.42
true 2.539393972977866e-5 269 4 1 0.08 3 0.00031555771092967207 1.07
true 2.940322444744403e-6 611 4 1 0.08 4 0.00031555771092967207 2.65
true 1.53900761772352e-5 76 4 2 0.08 1 0.00031555771092967207 0.11
true 1.550471335681758e-5 378 4 2 0.08 2 0.00031555771092967207 0.87
true 5.8122017715378504e-6 414 4 2 0.08 3 0.00031555771092967207 1.45
true 1.673620854347746e-6 403 4 2 0.08 4 0.00031555771092967207 1.95
true 1.9880958809948e-5 65 4 3 0.08 1 0.00031555771092967207 0.1
true 2.7147487595284108e-5 435 4 3 0.08 2 0.00031555771092967207 1.01
true 1.8382141367771315e-5 268 4 3 0.08 3 0.00031555771092967207 1.0
true 1.2111720160431124e-5 543 4 3 0.08 4 0.00031555771092967207 2.64
true 1.578360482339114e-5 92 4 4 0.08 1 0.00031555771092967207 0.14
true 2.597112952103242e-5 391 4 4 0.08 2 0.00031555771092967207 0.88
true 1.8645922032545226e-5 312 4 4 0.08 3 0.00031555771092967207 1.23
true 7.302740484854686e-6 654 4 4 0.08 4 0.00031555771092967207 2.83
true 2.5521257875915637e-6 52 4 1 0.1 1 0.0012584685665444728 0.09
true 0.00012528951645346398 145 4 1 0.1 2 0.0012584685665444728 0.38
true 6.19777897033491e-5 268 4 1 0.1 3 0.0012584685665444728 0.98
true 4.004216050179643e-6 362 4 1 0.1 4 0.0012584685665444728 1.87
true 6.63436220236513e-5 69 4 2 0.1 1 0.0012584685665444728 0.1
true 5.9907074602683075e-6 175 4 2 0.1 2 0.0012584685665444728 0.43
true 5.979217969120931e-5 463 4 2 0.1 3 0.0012584685665444728 1.45
true 8.649063440074878e-5 622 4 2 0.1 4 0.0012584685665444728 2.85
true 8.788625767758296e-5 73 4 3 0.1 1 0.0012584685665444728 0.12
true 1.7380204060002402e-5 169 4 3 0.1 2 0.0012584685665444728 0.51
true 8.52409038440786e-5 517 4 3 0.1 3 0.0012584685665444728 1.66
true 0.0001335948272386441 466 4 3 0.1 4 0.0012584685665444728 2.17
true 6.924207923333925e-5 83 4 4 0.1 1 0.0012584685665444728 0.14
true 3.895635029632638e-5 346 4 4 0.1 2 0.0012584685665444728 0.82
true 6.494258732973879e-5 637 4 4 0.1 3 0.0012584685665444728 2.04
true 6.71070843366317e-5 929 4 4 0.1 4 0.0012584685665444728 3.79
true 8.581524060580215e-6 64 4 1 0.12 1 0.002857451366537061 0.1
true 0.0003126896104312382 129 4 1 0.12 2 0.002857451366537061 0.34
true 3.1103567233903284e-5 396 4 1 0.12 3 0.002857451366537061 1.27
true 4.9515647542741625e-6 335 4 1 0.12 4 0.002857451366537061 1.9
true 0.00016419189178973337 67 4 2 0.12 1 0.002857451366537061 0.09
true 1.7363670819281474e-5 199 4 2 0.12 2 0.002857451366537061 0.49
true 0.00016396728562950713 659 4 2 0.12 3 0.002857451366537061 2.0
true 5.4794798821866664e-5 661 4 2 0.12 4 0.002857451366537061 2.75
true 0.3333359594115137 63 4 3 0.12 1 0.002857451366537061 0.11
true 0.0002091070943586367 189 4 3 0.12 2 0.002857451366537061 0.47
true 0.00017607173864394218 541 4 3 0.12 3 0.002857451366537061 1.74
true 1.0248630148886514e-5 846 4 3 0.12 4 0.002857451366537061 3.42
true 0.00016641807804448905 123 4 4 0.12 1 0.002857451366537061 0.18
true 0.0002836274210927664 253 4 4 0.12 2 0.002857451366537061 0.63
true 0.0001438972521520393 552 4 4 0.12 3 0.002857451366537061 1.87
true 0.00011930865941428559 944 4 4 0.12 4 0.002857451366537061 3.75
true 2.2039345426660972e-5 57 4 1 0.14 1 0.005207607228596099 0.08
true 0.0005096597694594918 144 4 1 0.14 2 0.005207607228596099 0.36
true 0.00014555114546904724 308 4 1 0.14 3 0.005207607228596099 1.16
true 2.8172396049352955e-6 844 4 1 0.14 4 0.005207607228596099 3.4
true 0.0003233313331818255 88 4 2 0.14 1 0.005207607228596099 0.12
true 0.000538526062014627 203 4 2 0.14 2 0.005207607228596099 0.5
true 8.343938457472388e-5 513 4 2 0.14 3 0.005207607228596099 1.68
true 1.4609813682564532e-5 501 4 2 0.14 4 0.005207607228596099 2.26
true 0.00042421450492944696 61 4 3 0.14 1 0.005207607228596099 0.09
true 2.0062582312426375e-5 354 4 3 0.14 2 0.005207607228596099 0.84
true 0.00024387450037325711 619 4 3 0.14 3 0.005207607228596099 1.95
true 0.000301663255078873 678 4 3 0.14 4 0.005207607228596099 2.88
true 0.25004146772307106 71 4 4 0.14 1 0.005207607228596099 0.11
true 0.0003154556348231724 374 4 4 0.14 2 0.005207607228596099 0.87
true 0.00032578120095450025 538 4 4 0.14 3 0.005207607228596099 1.79
true 8.88577884409214e-5 716 4 4 0.14 4 0.005207607228596099 3.05
true 5.3590007339898715e-5 56 4 1 0.16 1 0.009312166724123666 0.1
true 6.870475177273017e-5 210 4 1 0.16 2 0.009312166724123666 0.52
true 2.8781375703723633e-5 748 4 1 0.16 3 0.009312166724123666 2.29
true 3.5301748919081e-6 890 4 1 0.16 4 0.009312166724123666 3.86
true 0.0006238846809056287 81 4 2 0.16 1 0.009312166724123666 0.11
true 0.0012044509527328329 149 4 2 0.16 2 0.009312166724123666 0.41
true 0.0005830962093233971 390 4 2 0.16 3 0.009312166724123666 1.32
true 0.0004241737701196069 586 4 2 0.16 4 0.009312166724123666 2.46
true 0.0008178159771063213 120 4 3 0.16 1 0.009312166724123666 0.17
true 0.0011662295872262307 241 4 3 0.16 2 0.009312166724123666 0.6
true 0.000590502114722465 405 4 3 0.16 3 0.009312166724123666 1.39
true 6.0873297642446054e-5 592 4 3 0.16 4 0.009312166724123666 2.53
true 0.25061891163596284 74 4 4 0.16 1 0.009312166724123666 0.12
true 0.0007613027728240046 316 4 4 0.16 2 0.009312166724123666 0.76
true 0.0010603437488375805 1292 4 4 0.16 3 0.009312166724123666 4.14
true 0.00042359547342958603 549 4 4 0.16 4 0.009312166724123666 2.55
true 0.00012669997537390065 62 4 1 0.18 1 0.01647603291411175 0.09
true 0.0023120787354597994 152 4 1 0.18 2 0.01647603291411175 0.42
true 0.00012554650810125967 327 4 1 0.18 3 0.01647603291411175 1.13
true 6.950521542092858e-6 378 4 1 0.18 4 0.01647603291411175 1.97
true 0.0012005834531447768 97 4 2 0.18 1 0.01647603291411175 0.14
true 0.0012153463292095268 351 4 2 0.18 2 0.01647603291411175 0.85
true 0.001077942937587839 312 4 2 0.18 3 0.01647603291411175 1.16
true 0.00036321459595314853 1697 4 2 0.18 4 0.01647603291411175 6.48
true 0.0015678497498716748 86 4 3 0.18 1 0.01647603291411175 0.12
true 6.207134339591969e-5 484 4 3 0.18 2 0.01647603291411175 1.07
true 0.00010942864271769788 679 4 3 0.18 3 0.01647603291411175 2.24
true 0.00022112744357484967 1815 4 3 0.18 4 0.01647603291411175 6.98
true 0.25007900315087733 66 4 4 0.18 1 0.01647603291411175 0.1
true 0.001707084723890806 328 4 4 0.18 2 0.01647603291411175 0.78
true 0.001071683130459411 404 4 4 0.18 3 0.01647603291411175 1.4
true 9.090356150062706e-5 477 4 4 0.18 4 0.01647603291411175 2.48
true 0.00029205651899955054 57 4 1 0.2 1 0.028809882776728333 0.09
true 0.004151952778632562 270 4 1 0.2 2 0.028809882776728333 0.6
true 0.00013905733555935607 770 4 1 0.2 3 0.028809882776728333 2.36
true 2.821169404088053e-6 631 4 1 0.2 4 0.028809882776728333 2.65
true 0.002300900286901497 63 4 2 0.2 1 0.028809882776728333 0.1
true 0.0023457666563705126 155 4 2 0.2 2 0.028809882776728333 0.43
true 8.166226431882695e-5 528 4 2 0.2 3 0.028809882776728333 1.71
true 5.231733172861297e-5 2060 4 2 0.2 4 0.028809882776728333 7.5
true 0.0029968020258439587 87 4 3 0.2 1 0.028809882776728333 0.13
true 0.003125477184977058 350 4 3 0.2 2 0.028809882776728333 0.8
true 0.0016216186951597915 904 4 3 0.2 3 0.028809882776728333 2.78
true 3.6748323034574426e-6 3940 4 3 0.2 4 0.028809882776728333 14.58
true 0.0023709488052775646 174 4 4 0.2 1 0.028809882776728333 0.25
true 0.0032149671716031614 311 4 4 0.2 2 0.028809882776728333 0.75
true 0.002050891587164941 642 4 4 0.2 3 0.028809882776728333 2.17
true 3.514639393596697e-5 1168 4 4 0.2 4 0.028809882776728333 4.87
true 0.0006465893691506297 48 4 1 0.22 1 0.04938099268332533 0.07
true 0.00010112595799588453 459 4 1 0.22 2 0.04938099268332533 0.99
true 6.914331913687732e-6 514 4 1 0.22 3 0.04938099268332533 1.6
true 1.6402248663727192e-6 603 4 1 0.22 4 0.04938099268332533 2.52
true 0.004366405947744734 68 4 2 0.22 1 0.04938099268332533 0.1
true 0.00010870450723132752 521 4 2 0.22 2 0.04938099268332533 1.14
true 6.684469542900251e-5 759 4 2 0.22 3 0.04938099268332533 2.3
true 6.452048043403824e-5 1451 4 2 0.22 4 0.04938099268332533 5.65
true 0.005670637762436426 91 4 3 0.22 1 0.04938099268332533 0.13
true 0.0001804867868803739 419 4 3 0.22 2 0.04938099268332533 1.01
true 4.7569767514225404e-5 691 4 3 0.22 3 0.04938099268332533 2.17
true 0.00021978325950440988 687 4 3 0.22 4 0.04938099268332533 2.91
true 0.25038296672839466 58 4 4 0.22 1 0.04938099268332533 0.1
true 0.0059916063736075165 580 4 4 0.22 2 0.04938099268332533 1.31
true 9.383738585640178e-5 1052 4 4 0.22 3 0.04938099268332533 3.19
true 5.8384351556597935e-5 954 4 4 0.22 4 0.04938099268332533 4.1
true 0.001366063339594048 59 4 1 0.24 1 0.08188079160576314 0.1
true 0.001600189916949435 243 4 1 0.24 2 0.08188079160576314 0.56
true 0.0001300852062018909 866 4 1 0.24 3 0.08188079160576314 2.63
true 3.305024312283411e-6 761 4 1 0.24 4 0.08188079160576314 3.05
true 0.00809361188451771 70 4 2 0.24 1 0.08188079160576314 0.11
true 0.00014986709153513855 342 4 2 0.24 2 0.08188079160576314 0.76
true 0.00017809124818862765 610 4 2 0.24 3 0.08188079160576314 1.86
true 5.022472079402318e-5 861 4 2 0.24 4 0.08188079160576314 3.39
true 0.010477132025838276 74 4 3 0.24 1 0.08188079160576314 0.11
true 0.01063485300502561 262 4 3 0.24 2 0.08188079160576314 0.65
true 0.0049997581768919845 672 4 3 0.24 3 0.08188079160576314 2.1
true 0.00014474186215261234 1826 4 3 0.24 4 0.08188079160576314 6.78
true 0.008438606536056506 104 4 4 0.24 1 0.08188079160576314 0.14
true 0.0003179829540013168 454 4 4 0.24 2 0.08188079160576314 1.06
true 7.482656948669397e-5 1241 4 4 0.24 3 0.08188079160576314 3.79
true 5.95347688648884e-5 1172 4 4 0.24 4 0.08188079160576314 4.56
true 0.002743288784200215 52 4 1 0.26 1 0.1297967786166197 0.09
true 0.00042694137068977067 203 4 1 0.26 2 0.1297967786166197 0.47
true 0.0006394929069478694 1145 4 1 0.26 3 0.1297967786166197 3.37
true 6.266154428669068e-7 960 4 1 0.26 4 0.1297967786166197 3.72
true 0.014464518485821115 73 4 2 0.26 1 0.1297967786166197 0.11
true 0.015163023083817506 211 4 2 0.26 2 0.1297967786166197 0.53
true 0.00019574877896086362 578 4 2 0.26 3 0.1297967786166197 1.77
true 3.5630881140169546e-5 1864 4 2 0.26 4 0.1297967786166197 6.82
true 0.018655402502569085 117 4 3 0.26 1 0.1297967786166197 0.18
true 0.0005297069837893464 504 4 3 0.26 2 0.1297967786166197 1.16
true 0.00023823206262840735 1539 4 3 0.26 3 0.1297967786166197 4.6
true 0.0005557210831761972 463 4 3 0.26 4 0.1297967786166197 2.21
true 0.2637336109061195 94 4 4 0.26 1 0.1297967786166197 0.16
true 0.014223095100580452 763 4 4 0.26 2 0.1297967786166197 1.75
true 0.013514549997596007 667 4 4 0.26 3 0.1297967786166197 2.1
true 0.00010616367087951106 2205 4 4 0.26 4 0.1297967786166197 8.57
true 0.005214334420824196 54 4 1 0.28 1 0.1955000413843353 0.08
true 0.0053318471948668456 223 4 1 0.28 2 0.1955000413843353 0.51
true 0.00015932296962084536 692 4 1 0.28 3 0.1955000413843353 2.27
true 2.756855185359619e-6 975 4 1 0.28 4 0.1955000413843353 3.81
true 0.024765378521066195 71 4 2 0.28 1 0.1955000413843353 0.11
true 0.00047388638050122056 260 4 2 0.28 2 0.1955000413843353 0.6
true 0.0020337783070780713 1048 4 2 0.28 3 0.1955000413843353 3.12
true 0.00011606162507710183 1428 4 2 0.28 4 0.1955000413843353 5.54
true 0.03180623037048147 62 4 3 0.28 1 0.1955000413843353 0.09
true 0.0008770649304495337 312 4 3 0.28 2 0.1955000413843353 0.73
true 9.75615918579753e-5 495 4 3 0.28 3 0.1955000413843353 1.59
true 0.00025826337546989525 2347 4 3 0.28 4 0.1955000413843353 8.82
true 0.026142019154470758 88 4 4 0.28 1 0.1955000413843353 0.14
true 0.0008974547512078657 206 4 4 0.28 2 0.1955000413843353 0.53
true 0.00011735012724282956 1324 4 4 0.28 3 0.1955000413843353 3.97
true 0.0005912770927347516 2437 4 4 0.28 4 0.1955000413843353 9.16
true 0.009288495027804822 60 4 1 0.3 1 0.27725966462546564 0.1
true 0.0014179172316696187 230 4 1 0.3 2 0.27725966462546564 0.52
true 5.003895771082956e-5 411 4 1 0.3 3 0.27725966462546564 1.37
true 1.4066314417693349e-6 602 4 1 0.3 4 0.27725966462546564 2.48
true 0.040176163891728456 57 4 2 0.3 1 0.27725966462546564 0.09
true 0.04168449271691646 296 4 2 0.3 2 0.27725966462546564 0.67
true 0.00013433917415175967 535 4 2 0.3 3 0.27725966462546564 1.71
true 4.768462715770694e-5 1208 4 2 0.3 4 0.27725966462546564 4.45
true 0.051348592806925795 72 4 3 0.3 1 0.27725966462546564 0.11
true 0.051510090276086495 364 4 3 0.3 2 0.27725966462546564 0.8
true 0.026321394054854414 831 4 3 0.3 3 0.27725966462546564 2.53
true 9.024535533367721e-5 1129 4 3 0.3 4 0.27725966462546564 4.4
true 0.042686611423665574 78 4 4 0.3 1 0.27725966462546564 0.12
true 0.03937701539117108 391 4 4 0.3 2 0.27725966462546564 0.92
true 0.0001531827273908437 548 4 4 0.3 3 0.27725966462546564 1.76
true 3.2250687181739623e-5 3900 4 4 0.3 4 0.27725966462546564 14.16
true 0.015317700775959342 51 4 1 0.32 1 0.3673031991535092 0.08
true 0.0022769732148143484 244 4 1 0.32 2 0.3673031991535092 0.57
true 0.0011257302809011827 962 4 1 0.32 3 0.3673031991535092 2.75
true 1.9946954954441765e-7 566 4 1 0.32 4 0.3673031991535092 2.42
true 0.061025789079583254 61 4 2 0.32 1 0.3673031991535092 0.09
true 0.0012211135326795075 212 4 2 0.32 2 0.3673031991535092 0.51
true 0.00010189720972059169 381 4 2 0.32 3 0.3673031991535092 1.3
true 1.327886425858682e-5 1128 4 2 0.32 4 0.3673031991535092 4.15
true 0.07755924952701125 71 4 3 0.32 1 0.3673031991535092 0.11
true 0.002001233054238124 243 4 3 0.32 2 0.3673031991535092 0.58
true 0.00010387388396404518 946 4 3 0.32 3 0.3673031991535092 2.9
true 2.400555713303702e-5 1463 4 3 0.32 4 0.3673031991535092 5.44
true 0.06529230782365443 63 4 4 0.32 1 0.3673031991535092 0.1
true 0.05945483886759419 555 4 4 0.32 2 0.3673031991535092 1.3
true 0.00013827894749048053 1021 4 4 0.32 3 0.3673031991535092 2.99
true 7.140992094499532e-5 2686 4 4 0.32 4 0.3673031991535092 9.9
true 0.023207942026279516 76 4 1 0.34 1 0.4534331841925793 0.13
true 0.003319664411257861 160 4 1 0.34 2 0.4534331841925793 0.4
true 0.00048104135164633854 953 4 1 0.34 3 0.4534331841925793 2.73
true 1.3451477414161417e-6 422 4 1 0.34 4 0.4534331841925793 2.04
true 0.08611048584059625 77 4 2 0.34 1 0.4534331841925793 0.11
true 0.0017377488386821904 399 4 2 0.34 2 0.4534331841925793 0.88
true 0.00010012780137300115 1081 4 2 0.34 3 0.4534331841925793 3.07
true 4.8845387990020805e-5 1030 4 2 0.34 4 0.4534331841925793 3.97
true 0.10873113936037072 71 4 3 0.34 1 0.4534331841925793 0.12
true 0.10666638795062024 165 4 3 0.34 2 0.4534331841925793 0.44
true 0.00030087255398327423 735 4 3 0.34 3 0.4534331841925793 2.31
true 0.0006003660504219077 1798 4 3 0.34 4 0.4534331841925793 6.83
true 0.09283933334190778 98 4 4 0.34 1 0.4534331841925793 0.14
true 0.08298609974977063 361 4 4 0.34 2 0.4534331841925793 0.83
true 8.020094944181932e-5 660 4 4 0.34 3 0.4534331841925793 2.04
true 0.0011501740071207106 2082 4 4 0.34 4 0.4534331841925793 8.03
true 0.032339814606255346 56 4 1 0.36 1 0.5242078864035358 0.09
true 0.00440721265943933 183 4 1 0.36 2 0.5242078864035358 0.44
true 0.0006305870689767845 1000 4 1 0.36 3 0.5242078864035358 2.83
true 1.4405326020372478e-6 416 4 1 0.36 4 0.5242078864035358 1.86
true 0.11275110671306487 74 4 2 0.36 1 0.5242078864035358 0.1
true 0.0022715547172419415 205 4 2 0.36 2 0.5242078864035358 0.51
true 7.545046590998195e-5 642 4 2 0.36 3 0.5242078864035358 2.05
true 1.7796207293363508e-6 608 4 2 0.36 4 0.5242078864035358 2.64
true 0.3385215876478491 68 4 3 0.36 1 0.5242078864035358 0.1
true 0.0033449285341555224 405 4 3 0.36 2 0.5242078864035358 0.93
true 6.824425611695606e-5 798 4 3 0.36 3 0.5242078864035358 2.42
true 1.3962395739197664e-5 1627 4 3 0.36 4 0.5242078864035358 6.35
true 0.2711235517184147 98 4 4 0.36 1 0.5242078864035358 0.14
true 0.10662723633676086 416 4 4 0.36 2 0.5242078864035358 1.01
true 0.00014987334967757338 2044 4 4 0.36 3 0.5242078864035358 6.11
true 3.4651345816164025e-5 3536 4 4 0.36 4 0.5242078864035358 13.35
true 0.041853602161783465 49 4 1 0.38 1 0.5738898971784198 0.08
true 0.005398830553469458 295 4 1 0.38 2 0.5738898971784198 0.68
true 3.9579163885195e-6 1847 4 1 0.38 3 0.5738898971784198 5.17
true 7.292318039420209e-7 486 4 1 0.38 4 0.5738898971784198 2.33
true 0.13781303695498412 94 4 2 0.38 1 0.5738898971784198 0.13
true 0.002754198667687502 374 4 2 0.38 2 0.5738898971784198 0.85
true 0.013767888189479105 810 4 2 0.38 3 0.5738898971784198 2.41
true 6.663829912087471e-5 896 4 2 0.38 4 0.5738898971784198 3.61
true 0.17122930559764868 69 4 3 0.38 1 0.5738898971784198 0.11
true 0.00390614023921119 779 4 3 0.38 2 0.5738898971784198 1.72
true 7.885239072226898e-5 284 4 3 0.38 3 0.5738898971784198 1.15
true 0.00016766147486030336 2192 4 3 0.38 4 0.5738898971784198 8.23
true 0.15125316325790683 88 4 4 0.38 1 0.5738898971784198 0.13
true 0.0031155193409740795 815 4 4 0.38 2 0.5738898971784198 1.89
true 7.359995728621616e-5 1462 4 4 0.38 3 0.5738898971784198 4.33
true 1.2048800684352767e-5 2071 4 4 0.38 4 0.5738898971784198 8.2
true 0.05107485950794649 63 4 1 0.4 1 0.6032626509160969 0.11
true 0.006204655951750737 314 4 1 0.4 2 0.6032626509160969 0.7
true 0.0009033697041503364 807 4 1 0.4 3 0.6032626509160969 2.38
true 1.9991145300268798e-7 343 4 1 0.4 4 0.6032626509160969 1.73
true 0.1589707502487803 115 4 2 0.4 1 0.6032626509160969 0.16
true 0.003149265355969183 215 4 2 0.4 2 0.6032626509160969 0.55
true 0.018657063975718896 333 4 2 0.4 3 0.6032626509160969 1.2
true 1.1817284604892508e-5 1232 4 2 0.4 4 0.6032626509160969 4.73
true 0.1955777303669315 84 4 3 0.4 1 0.6032626509160969 0.13
true 0.21477269597065016 304 4 3 0.4 2 0.6032626509160969 0.71
true 0.00014421763575049132 2112 4 3 0.4 3 0.6032626509160969 6.2
true 9.695171082324539e-5 1692 4 3 0.4 4 0.6032626509160969 6.41
true 0.2803159434233021 75 4 4 0.4 1 0.6032626509160969 0.11
true 0.003384283093200602 387 4 4 0.4 2 0.6032626509160969 0.9
true 0.0002687233358046742 870 4 4 0.4 3 0.6032626509160969 2.7
true 3.6555938539933885e-5 1996 4 4 0.4 4 0.6032626509160969 7.78
true 0.05971798540286666 55 4 1 0.42 1 0.6168497726156195 0.08
true 0.006818419928617037 171 4 1 0.42 2 0.6168497726156195 0.42
true 3.833519372942185e-6 2663 4 1 0.42 3 0.6168497726156195 7.46
true 3.40457316783116e-8 738 4 1 0.42 4 0.6168497726156195 3.01
true 0.17529387359772283 62 4 2 0.42 1 0.6168497726156195 0.1
true 0.003451358055063025 436 4 2 0.42 2 0.6168497726156195 0.99
true 0.018617883414428826 1217 4 2 0.42 3 0.6168497726156195 3.48
true 8.799898493783154e-7 1329 4 2 0.42 4 0.6168497726156195 5.23
true 0.21321241518313716 59 4 3 0.42 1 0.6168497726156195 0.09
true 0.004693517489076556 199 4 3 0.42 2 0.6168497726156195 0.52
true 0.0018419724545926848 389 4 3 0.42 3 0.6168497726156195 1.43
true 0.0020600530652055324 1094 4 3 0.42 4 0.6168497726156195 4.58
true 0.3026604584300925 75 4 4 0.42 1 0.6168497726156195 0.11
true 0.003595445019848445 361 4 4 0.42 2 0.6168497726156195 0.87
true 5.689493821876834e-5 497 4 4 0.42 3 0.6168497726156195 1.64
true 1.8896659167572105e-5 2150 4 4 0.42 4 0.6168497726156195 8.18
true 0.06781110269754764 67 4 1 0.44 1 0.6197629413526827 0.1
true 0.007261718876973633 200 4 1 0.44 2 0.6197629413526827 0.5
true 9.118438437649701e-8 1815 4 1 0.44 3 0.6197629413526827 5.08
true 2.459511815322557e-7 481 4 1 0.44 4 0.6197629413526827 2.25
true 0.18699644341367216 158 4 2 0.44 1 0.6197629413526827 0.22
true 0.003673837866739277 187 4 2 0.44 2 0.6197629413526827 0.49
true 3.564846537429389e-5 257 4 2 0.44 3 0.6197629413526827 0.95
true 3.3086894400680134e-6 904 4 2 0.44 4 0.6197629413526827 3.71
true 0.2244301366156566 60 4 3 0.44 1 0.6197629413526827 0.09
true 0.004948970133855368 188 4 3 0.44 2 0.6197629413526827 0.48
true 4.948674166188605e-5 1141 4 3 0.44 3 0.6197629413526827 3.55
true 1.1582260904104599e-5 2359 4 3 0.44 4 0.6197629413526827 8.86
true 0.29215209137065135 60 4 4 0.44 1 0.6197629413526827 0.1
true 0.0037621853143124384 658 4 4 0.44 2 0.6197629413526827 1.49
true 0.000267451577119715 1430 4 4 0.44 3 0.6197629413526827 4.39
true 0.0029442803353404573 1522 4 4 0.44 4 0.6197629413526827 5.66
true 0.07551720181485022 57 4 1 0.46 1 0.6160458563573982 0.1
true 0.007571604754204764 173 4 1 0.46 2 0.6160458563573982 0.42
true 4.358504068768809e-7 976 4 1 0.46 3 0.6160458563573982 2.91
true 8.224260572564646e-8 364 4 1 0.46 4 0.6160458563573982 1.73
true 0.19484145623012789 70 4 2 0.46 1 0.6160458563573982 0.1
true 0.0038324217731490473 275 4 2 0.46 2 0.6160458563573982 0.62
true 0.0002806432330818842 486 4 2 0.46 3 0.6160458563573982 1.59
true 1.6327739868565727e-5 799 4 2 0.46 4 0.6160458563573982 3.16
true 0.23022075315650012 109 4 3 0.46 1 0.6160458563573982 0.16
true 0.005139025258170782 312 4 3 0.46 2 0.6160458563573982 0.77
true 0.0001382461509108109 992 4 3 0.46 3 0.6160458563573982 3.25
true 1.3819469290946944e-6 1272 4 3 0.46 4 0.6160458563573982 4.96
true 0.20050922899873327 65 4 4 0.46 1 0.6160458563573982 0.11
true 0.24992679473330834 236 4 4 0.46 2 0.6160458563573982 0.58
true 0.08331529845793409 1174 4 4 0.46 3 0.6160458563573982 3.51
true 5.383992417326566e-6 2144 4 4 0.46 4 0.6160458563573982 8.0
true 0.08301149046810197 50 4 1 0.48 1 0.6083694839555642 0.08
true 0.007775045533136016 290 4 1 0.48 2 0.6083694839555642 0.68
true 1.0475825851230525e-6 437 4 1 0.48 3 0.6083694839555642 1.39
true 9.181623289444829e-8 456 4 1 0.48 4 0.6083694839555642 2.19
true 0.1996640203636676 85 4 2 0.48 1 0.6083694839555642 0.13
true 0.00394260610053751 340 4 2 0.48 2 0.6083694839555642 0.72
true 0.00011707309105121744 390 4 2 0.48 3 0.6083694839555642 1.31
true 5.84793286814711e-6 1709 4 2 0.48 4 0.6083694839555642 6.48
true 0.23171848852755025 82 4 3 0.48 1 0.6083694839555642 0.12
true 0.005268834540848329 214 4 3 0.48 2 0.6083694839555642 0.53
true 0.0001408380898220892 1632 4 3 0.48 3 0.6083694839555642 4.84
true 4.03563167343061e-6 1548 4 3 0.48 4 0.6083694839555642 5.93
true 0.19280649864141644 177 4 4 0.48 1 0.6083694839555642 0.26
true 0.00398564026591855 740 4 4 0.48 2 0.6083694839555642 1.67
true 5.4400350456798585e-5 498 4 4 0.48 3 0.6083694839555642 1.62
true 0.0006259633118114311 2671 4 4 0.48 4 0.6083694839555642 9.93
true 0.09042099651690738 59 4 1 0.5 1 0.5983249863531529 0.09
true 0.007894284068830582 245 4 1 0.5 2 0.5983249863531529 0.58
true 8.021785367073875e-7 925 4 1 0.5 3 0.5983249863531529 2.68
true 1.1183109313028794e-6 782 4 1 0.5 4 0.5983249863531529 3.07
true 0.20214913533217455 67 4 2 0.5 1 0.5983249863531529 0.1
true 0.004011080251544896 523 4 2 0.5 2 0.5983249863531529 1.14
true 0.0039855619899991646 632 4 2 0.5 3 0.5983249863531529 1.89
true 1.1318951699534896e-6 1133 4 2 0.5 4 0.5983249863531529 4.21
true 0.24811799305861335 87 4 3 0.5 1 0.5983249863531529 0.13
true 0.005354219260925812 372 4 3 0.5 2 0.5983249863531529 0.87
true 0.00018977493830176403 1352 4 3 0.5 3 0.5983249863531529 3.92
true 4.8857710040484115e-5 2530 4 3 0.5 4 0.5983249863531529 9.33
true 0.2919889073275995 72 4 4 0.5 1 0.5983249863531529 0.11
true 0.004051179470050195 437 4 4 0.5 2 0.5983249863531529 1.06
true 0.003870958437984781 497 4 4 0.5 3 0.5983249863531529 1.63
true 1.1417758265158673e-5 4473 4 4 0.5 4 0.5983249863531529 16.56
true 0.09782388417280752 56 4 1 0.52 1 0.5868107723568018 0.1
true 0.007942758677990047 177 4 1 0.52 2 0.5868107723568018 0.44
true 1.3177313674117563e-6 628 4 1 0.52 3 0.5868107723568018 1.97
true 1.8677024404833986e-7 354 4 1 0.52 4 0.5868107723568018 1.69
true 0.20280174448933347 82 4 2 0.52 1 0.5868107723568018 0.13
true 0.004045844201188503 196 4 2 0.52 2 0.5868107723568018 0.47
true 0.0256585206120927 1224 4 2 0.52 3 0.5868107723568018 3.44
true 2.927071895669764e-6 930 4 2 0.52 4 0.5868107723568018 3.62
true 0.22566173982916507 94 4 3 0.52 1 0.5868107723568018 0.14
true 0.005397370130285757 310 4 3 0.52 2 0.5868107723568018 0.74
true 0.0001480836692304884 1010 4 3 0.52 3 0.5868107723568018 3.02
true 6.921031665355996e-5 990 4 3 0.52 4 0.5868107723568018 3.88
true 0.30736408288421935 115 4 4 0.52 1 0.5868107723568018 0.17
true 0.25007802166963394 303 4 4 0.52 2 0.5868107723568018 0.73
true 6.819092307629171e-5 480 4 4 0.52 3 0.5868107723568018 1.54
true 0.00017388419955195744 1552 4 4 0.52 4 0.5868107723568018 5.98
true 0.10525390005139201 58 4 1 0.54 1 0.5743296695059446 0.09
true 0.007932490863633013 189 4 1 0.54 2 0.5743296695059446 0.48
true 2.509306570741554e-5 1302 4 1 0.54 3 0.5743296695059446 3.83
true 2.430557926036414e-7 418 4 1 0.54 4 0.5743296695059446 2.02
true 0.20196545179554026 80 4 2 0.54 1 0.5743296695059446 0.11
true 0.004050979196918464 282 4 2 0.54 2 0.5743296695059446 0.64
true 0.02596221739592336 994 4 2 0.54 3 0.5743296695059446 2.98
true 8.408217138378138e-7 441 4 2 0.54 4 0.5743296695059446 2.01
true 0.2194974064879868 122 4 3 0.54 1 0.5743296695059446 0.18
true 0.005403334842733439 298 4 3 0.54 2 0.5743296695059446 0.7
true 0.00017858854795499424 561 4 3 0.54 3 0.5743296695059446 1.75
true 9.788620502289755e-6 3036 4 3 0.54 4 0.5743296695059446 10.85
true 0.16830331066414309 102 4 4 0.54 1 0.5743296695059446 0.15
true 0.00409479814653671 468 4 4 0.54 2 0.5743296695059446 1.1
true 0.00037310505100149327 1730 4 4 0.54 3 0.5743296695059446 5.27
true 0.00013868229089486483 1523 4 4 0.54 4 0.5743296695059446 5.8
true 0.11271782468042063 80 4 1 0.56 1 0.5611752507606665 0.12
true 0.007862920951244357 211 4 1 0.56 2 0.5611752507606665 0.51
true 4.243536871395559e-6 367 4 1 0.56 3 0.5611752507606665 1.23
true 1.3409797172680982e-7 387 4 1 0.56 4 0.5611752507606665 1.81
true 0.19986578772663993 82 4 2 0.56 1 0.5611752507606665 0.11
true 0.11711489848976753 345 4 2 0.56 2 0.5611752507606665 0.81
true 0.004009567341575537 967 4 2 0.56 3 0.5611752507606665 2.92
true 6.36565932604638e-7 1786 4 2 0.56 4 0.5611752507606665 6.5
true 0.2118578306112604 81 4 3 0.56 1 0.5611752507606665 0.12
true 0.005372252957176989 199 4 3 0.56 2 0.5611752507606665 0.5
true 4.058456556852811e-5 1238 4 3 0.56 3 0.5611752507606665 3.72
true 2.3748736521130482e-5 3104 4 3 0.56 4 0.5611752507606665 11.48
true 0.16035566355170003 67 4 4 0.56 1 0.5611752507606665 0.1
true 0.004077444909891259 351 4 4 0.56 2 0.5611752507606665 0.86
true 0.07921537270814268 863 4 4 0.56 3 0.5611752507606665 2.62
true 0.0004072640287849927 2316 4 4 0.56 4 0.5611752507606665 8.62
true 0.1202055413273656 46 4 1 0.58 1 0.5475360323215799 0.09
true 0.007748475767492713 200 4 1 0.58 2 0.5475360323215799 0.49
true 3.60435154389549e-7 993 4 1 0.58 3 0.5475360323215799 2.8
true 3.7034968445315286e-6 413 4 1 0.58 4 0.5475360323215799 2.02
true 0.19663610036723536 89 4 2 0.58 1 0.5475360323215799 0.13
true 0.11152549756674976 263 4 2 0.58 2 0.5475360323215799 0.63
true 9.578716436470236e-5 513 4 2 0.58 3 0.5475360323215799 1.63
true 5.495369863023347e-6 495 4 2 0.58 4 0.5475360323215799 2.32
true 0.2030550233412025 90 4 3 0.58 1 0.5475360323215799 0.14
true 0.005310408908882347 253 4 3 0.58 2 0.5475360323215799 0.61
true 0.0002633333594039833 706 4 3 0.58 3 0.5475360323215799 2.11
true 0.00014923628664679592 573 4 3 0.58 4 0.5475360323215799 2.49
true 0.2845011057077574 59 4 4 0.58 1 0.5475360323215799 0.1
true 0.004096908509715336 206 4 4 0.58 2 0.5475360323215799 0.54
true 0.0003489360403279712 1986 4 4 0.58 3 0.5475360323215799 6.05
true 0.00011909481589322812 1625 4 4 0.58 4 0.5475360323215799 6.19
true 0.1276950957701169 91 4 1 0.6 1 0.533549180191324 0.13
true 0.007592915132431377 233 4 1 0.6 2 0.533549180191324 0.53
true 1.16885864392402e-5 400 4 1 0.6 3 0.533549180191324 1.26
true 1.7027281024040164e-7 541 4 1 0.6 4 0.533549180191324 2.43
true 0.19233817948541476 82 4 2 0.6 1 0.533549180191324 0.11
true 0.003915185254102754 297 4 2 0.6 2 0.533549180191324 0.65
true 0.0005762116621241542 367 4 2 0.6 3 0.533549180191324 1.23
true 1.413758933976883e-6 1383 4 2 0.6 4 0.533549180191324 5.15
true 0.193543622369738 58 4 3 0.6 1 0.533549180191324 0.09
true 0.0052199474189938795 181 4 3 0.6 2 0.533549180191324 0.49
true 0.00016203588582793435 866 4 3 0.6 3 0.533549180191324 2.79
true 2.2427764359493157e-5 657 4 3 0.6 4 0.533549180191324 2.75
true 0.14521469252461 92 4 4 0.6 1 0.533549180191324 0.14
true 0.003973688801732211 238 4 4 0.6 2 0.533549180191324 0.61
true 0.00022419754695354732 1097 4 4 0.6 3 0.533549180191324 3.41
true 0.00023124162059237618 688 4 4 0.6 4 0.533549180191324 3.16
true 0.13516378609570873 54 4 1 0.62 1 0.5193262561278011 0.08
true 0.0074020283211453375 252 4 1 0.62 2 0.5193262561278011 0.56
true 2.137394061629827e-6 266 4 1 0.62 3 0.5193262561278011 0.97
true 5.810856237853379e-7 444 4 1 0.62 4 0.5193262561278011 2.0
true 0.18817225793729292 65 4 2 0.62 1 0.5193262561278011 0.09
true 0.0038289695130515056 299 4 2 0.62 2 0.5193262561278011 0.7
true 0.028313547443209047 929 4 2 0.62 3 0.5193262561278011 2.71
true 7.62864921832751e-6 1308 4 2 0.62 4 0.5193262561278011 5.05
true 0.18408114630527392 95 4 3 0.62 1 0.5193262561278011 0.14
true 0.005105875253997601 345 4 3 0.62 2 0.5193262561278011 0.77
true 5.2451406074294216e-5 801 4 3 0.62 3 0.5193262561278011 2.39
true 0.002468017964404804 2370 4 3 0.62 4 0.5193262561278011 8.72
true 0.28132374758754486 115 4 4 0.62 1 0.5193262561278011 0.17
true 0.0038921081651671074 258 4 4 0.62 2 0.5193262561278011 0.64
true 0.00027386857856635805 933 4 4 0.62 3 0.5193262561278011 2.84
true 0.00012369632299585875 1131 4 4 0.62 4 0.5193262561278011 4.74
true 0.14258579209432842 62 4 1 0.64 1 0.5049645940759805 0.09
true 0.007182203808038912 246 4 1 0.64 2 0.5049645940759805 0.6
true 3.892567545293879e-6 1286 4 1 0.64 3 0.5049645940759805 3.69
true 9.048535867250962e-7 806 4 1 0.64 4 0.5049645940759805 3.42
true 0.1804608400314024 133 4 2 0.64 1 0.5049645940759805 0.18
true 0.003727657857505423 222 4 2 0.64 2 0.5049645940759805 0.55
true 4.01509984046533e-6 1165 4 2 0.64 3 0.5049645940759805 3.41
true 4.408406881095672e-6 1032 4 2 0.64 4 0.5049645940759805 4.21
true 0.17497640276966506 73 4 3 0.64 1 0.5049645940759805 0.13
true 0.0049700295876518585 506 4 3 0.64 2 0.5049645940759805 1.18
true 0.05346417396774237 536 4 3 0.64 3 0.5049645940759805 1.67
true 0.0024427663079203965 1105 4 3 0.64 4 0.5049645940759805 4.55
true 0.13123533480759797 92 4 4 0.64 1 0.5049645940759805 0.13
true 0.0037979964329265675 211 4 4 0.64 2 0.5049645940759805 0.55
true 0.0002731776267379804 1851 4 4 0.64 3 0.5049645940759805 5.61
true 0.0017737975274117884 2487 4 4 0.64 4 0.5049645940759805 9.02
true 0.14993840530785313 63 4 1 0.66 1 0.49055177436486347 0.1
true 0.006939632524191219 176 4 1 0.66 2 0.49055177436486347 0.45
true 8.782936696594135e-6 392 4 1 0.66 3 0.49055177436486347 1.37
true 1.0477359657645735e-7 444 4 1 0.66 4 0.49055177436486347 2.2
true 0.17272070305550988 94 4 2 0.66 1 0.49055177436486347 0.13
true 0.0036129331521464747 456 4 2 0.66 2 0.49055177436486347 0.99
true 0.02881486021474397 1096 4 2 0.66 3 0.49055177436486347 3.27
true 6.9080871628879326e-6 652 4 2 0.66 4 0.49055177436486347 2.79
true 0.16627705004813093 82 4 3 0.66 1 0.49055177436486347 0.12
true 0.004818385077435261 612 4 3 0.66 2 0.49055177436486347 1.41
true 0.0006329898341481307 873 4 3 0.66 3 0.49055177436486347 2.77
true 2.7869374475112767e-5 1591 4 3 0.66 4 0.49055177436486347 6.01
true 0.2981201943981368 122 4 4 0.66 1 0.49055177436486347 0.18
true 0.003683837206316279 424 4 4 0.66 2 0.49055177436486347 0.96
true 5.413275878413115e-5 1073 4 4 0.66 3 0.49055177436486347 3.31
true 0.00012233403152275835 1559 4 4 0.66 4 0.49055177436486347 6.11
true 0.15720050189203105 52 4 1 0.68 1 0.4761670391572981 0.08
true 0.006679627351452722 190 4 1 0.68 2 0.4761670391572981 0.49
true 1.13773180820953e-6 873 4 1 0.68 3 0.4761670391572981 2.52
true 2.222675674623531e-7 402 4 1 0.68 4 0.4761670391572981 1.95
true 0.16416138247674006 100 4 2 0.68 1 0.4761670391572981 0.13
true 0.003487997281934385 283 4 2 0.68 2 0.4761670391572981 0.64
true 0.003182013869706485 982 4 2 0.68 3 0.4761670391572981 2.91
true 1.4250764895917811e-6 1281 4 2 0.68 4 0.4761670391572981 5.05
true 0.1579936550213195 65 4 3 0.68 1 0.4761670391572981 0.1
true 0.004651319429845609 350 4 3 0.68 2 0.4761670391572981 0.8
true 0.0002139839440413923 502 4 3 0.68 3 0.4761670391572981 1.63
true 0.0020895209667803893 1541 4 3 0.68 4 0.4761670391572981 6.06
true 0.11849739208733034 78 4 4 0.68 1 0.4761670391572981 0.12
true 0.0035614941334702194 225 4 4 0.68 2 0.4761670391572981 0.55
true 0.0002148851375779609 1605 4 4 0.68 3 0.4761670391572981 4.74
true 0.0016187612979455812 1330 4 4 0.68 4 0.4761670391572981 5.25
true 0.1643488321190001 58 4 1 0.7 1 0.46188152135118604 0.1
true 0.006407848845132624 186 4 1 0.7 2 0.46188152135118604 0.46
true 2.211754888126194e-7 853 4 1 0.7 3 0.46188152135118604 2.61
true 6.477557751294327e-8 439 4 1 0.7 4 0.46188152135118604 2.03
true 0.15592982331511598 127 4 2 0.7 1 0.46188152135118604 0.17
true 0.003356082421538037 221 4 2 0.7 2 0.46188152135118604 0.51
true 0.00033955277768446535 516 4 2 0.7 3 0.46188152135118604 1.62
true 2.7240119102323046e-6 886 4 2 0.7 4 0.46188152135118604 3.49
true 0.1501239391364456 88 4 3 0.7 1 0.46188152135118604 0.13
true 0.004475846662911824 461 4 3 0.7 2 0.46188152135118604 1.01
true 0.00034627740052365724 306 4 3 0.7 3 0.46188152135118604 1.17
true 0.00011735182890989145 870 4 3 0.7 4 0.46188152135118604 3.46
true 0.1125932749854049 106 4 4 0.7 1 0.46188152135118604 0.15
true 0.003431518420355578 744 4 4 0.7 2 0.46188152135118604 1.67
true 0.00026357144214594896 1438 4 4 0.7 3 0.46188152135118604 4.32
true 0.0016337083198832286 1468 4 4 0.7 4 0.46188152135118604 5.66
true 0.16449140924659766 66 4 1 0.72 1 0.4477581467864862 0.09
true 0.0061281032489649 428 4 1 0.72 2 0.4477581467864862 0.96
true 3.050972492080195e-5 550 4 1 0.72 3 0.4477581467864862 1.75
true 2.2260153542674743e-7 477 4 1 0.72 4 0.4477581467864862 2.1
true 0.1481210997926041 58 4 2 0.72 1 0.4477581467864862 0.09
true 0.003235313228913378 312 4 2 0.72 2 0.4477581467864862 0.72
true 0.00011444270311300464 1847 4 2 0.72 3 0.4477581467864862 5.24
true 3.630312626928811e-6 1153 4 2 0.72 4 0.4477581467864862 4.32
true 0.1426637597972891 58 4 3 0.72 1 0.4477581467864862 0.09
true 0.004294206404349484 443 4 3 0.72 2 0.4477581467864862 1.01
true 0.0002649085766443145 2571 4 3 0.72 3 0.4477581467864862 7.57
true 3.272765919282161e-5 1986 4 3 0.72 4 0.4477581467864862 7.52
true 0.10699783762226796 88 4 4 0.72 1 0.4477581467864862 0.14
true 0.25007653341402947 312 4 4 0.72 2 0.4477581467864862 0.72
true 4.9638797100098886e-5 528 4 4 0.72 3 0.4477581467864862 1.72
true 0.00154855618877546 768 4 4 0.72 4 0.4477581467864862 3.26
true 0.1561069107969169 69 4 1 0.74 1 0.433851572131634 0.1
true 0.005845123700232102 210 4 1 0.74 2 0.433851572131634 0.48
true 9.450126431720385e-6 684 4 1 0.74 3 0.433851572131634 2.17
true 2.730244330617637e-7 927 4 1 0.74 4 0.433851572131634 3.56
true 0.14072956786457022 109 4 2 0.74 1 0.433851572131634 0.16
true 0.003078400319387248 374 4 2 0.74 2 0.433851572131634 0.84
true 5.010482591855103e-6 1816 4 2 0.74 3 0.433851572131634 5.19
true 9.62987429808937e-6 1231 4 2 0.74 4 0.433851572131634 4.63
true 0.1356033489480387 62 4 3 0.74 1 0.433851572131634 0.1
true 0.00410548456039761 241 4 3 0.74 2 0.433851572131634 0.57
true 0.0002379686899158425 653 4 3 0.74 3 0.433851572131634 2.02
true 3.2350596818553345e-5 2789 4 3 0.74 4 0.433851572131634 10.0
true 0.10170278236932623 107 4 4 0.74 1 0.433851572131634 0.15
true 0.003156380140844822 350 4 4 0.74 2 0.433851572131634 0.85
true 0.0003187935543469689 961 4 4 0.74 3 0.433851572131634 2.82
true 3.993565040789904e-5 1636 4 4 0.74 4 0.433851572131634 6.58
true 0.14817848239803982 59 4 1 0.76 1 0.4202082855607151 0.09
true 0.005562031198258932 202 4 1 0.76 2 0.4202082855607151 0.49
true 5.039669615075626e-5 1262 4 1 0.76 3 0.4202082855607151 3.64
true 2.0744596773702995e-7 497 4 1 0.76 4 0.4202082855607151 2.17
true 0.13374389845882614 86 4 2 0.76 1 0.4202082855607151 0.12
true 0.0029365429147597544 246 4 2 0.76 2 0.4202082855607151 0.56
true 0.0001175815401829039 315 4 2 0.76 3 0.4202082855607151 1.14
true 5.748870006011542e-6 646 4 2 0.76 4 0.4202082855607151 2.78
true 0.12893170847467536 74 4 3 0.76 1 0.4202082855607151 0.11
true 0.003916165233318077 269 4 3 0.76 2 0.4202082855607151 0.65
true 0.00033983732816202555 859 4 3 0.76 3 0.4202082855607151 2.53
true 5.539783564708264e-5 2311 4 3 0.76 4 0.4202082855607151 8.67
true 0.09669921968458633 115 4 4 0.76 1 0.4202082855607151 0.16
true 0.003014203948337804 242 4 4 0.76 2 0.4202082855607151 0.59
true 4.817591645618624e-5 671 4 4 0.76 3 0.4202082855607151 2.19
true 0.001293948430403341 1951 4 4 0.76 4 0.4202082855607151 7.33
true 0.1406925055794392 63 4 1 0.78 1 0.4068668907949228 0.09
true 0.005281862227262901 199 4 1 0.78 2 0.4068668907949228 0.47
true 6.966905387317812e-6 761 4 1 0.78 3 0.4068668907949228 2.25
true 2.2025936280423153e-7 333 4 1 0.78 4 0.4068668907949228 1.63
true 0.12714877581984407 72 4 2 0.78 1 0.4068668907949228 0.1
true 0.0671559150712713 286 4 2 0.78 2 0.4068668907949228 0.67
true 0.0001764660914108096 635 4 2 0.78 3 0.4068668907949228 1.98
true 1.8543540165616434e-6 1338 4 2 0.78 4 0.4068668907949228 5.0
true 0.1226338441248464 87 4 3 0.78 1 0.4068668907949228 0.13
true 0.003727343650023455 231 4 3 0.78 2 0.4068668907949228 0.54
true 0.00032606611158845594 765 4 3 0.78 3 0.4068668907949228 2.28
true 0.00016894937529610132 1342 4 3 0.78 4 0.4068668907949228 5.2
true 0.09197580716479249 116 4 4 0.78 1 0.4068668907949228 0.16
true 0.002872686457146903 292 4 4 0.78 2 0.4068668907949228 0.7
true 0.02930249322477979 745 4 4 0.78 3 0.4068668907949228 2.37
true 7.08287560421822e-5 986 4 4 0.78 4 0.4068668907949228 3.94
true 0.13363320836676534 71 4 1 0.8 1 0.3938585502319869 0.1
true 0.005007171606602356 226 4 1 0.8 2 0.3938585502319869 0.53
true 3.6027750173750483e-6 692 4 1 0.8 3 0.3938585502319869 1.98
true 1.2786985250090588e-6 1132 4 1 0.8 4 0.3938585502319869 4.56
true 0.12092958728535252 84 4 2 0.8 1 0.3938585502319869 0.11
true 0.002655872200655135 416 4 2 0.8 2 0.3938585502319869 0.96
true 6.4480191587446e-5 1699 4 2 0.8 3 0.3938585502319869 4.86
true 6.280821180565388e-6 837 4 2 0.8 4 0.3938585502319869 3.27
true 0.11669533801243624 62 4 3 0.8 1 0.3938585502319869 0.1
true 0.0035414398291953586 245 4 3 0.8 2 0.3938585502319869 0.61
true 3.594058135360697e-5 1288 4 3 0.8 3 0.3938585502319869 3.79
true 2.323308954924978e-5 1388 4 3 0.8 4 0.3938585502319869 5.26
true 0.2834088882697393 129 4 4 0.8 1 0.3938585502319869 0.2
true 0.002731528841814948 260 4 4 0.8 2 0.3938585502319869 0.64
true 0.00018053391919277406 1815 4 4 0.8 3 0.3938585502319869 5.26
true 4.0940892688759445e-5 2551 4 4 0.8 4 0.3938585502319869 9.5
true 0.12698214543839637 50 4 1 0.82 1 0.38120754717639876 0.09
true 0.004739662079318696 155 4 1 0.82 2 0.38120754717639876 0.41
true 3.861750941802633e-7 993 4 1 0.82 3 0.38120754717639876 3.03
true 3.2977787159937932e-6 772 4 1 0.82 4 0.38120754717639876 3.08
true 0.11507027192614769 78 4 2 0.82 1 0.38120754717639876 0.11
true 0.002520199213859542 334 4 2 0.82 2 0.38120754717639876 0.74
true 0.00030362477082140904 746 4 2 0.82 3 0.38120754717639876 2.28
true 2.8162368794493187e-6 884 4 2 0.82 4 0.38120754717639876 3.45
true 0.11109987726543179 85 4 3 0.82 1 0.38120754717639876 0.13
true 0.003358774108352299 272 4 3 0.82 2 0.38120754717639876 0.63
true 0.033857870400336575 802 4 3 0.82 3 0.38120754717639876 2.54
true 4.423737827273048e-5 867 4 3 0.82 4 0.38120754717639876 3.51
true 0.08332437175107646 120 4 4 0.82 1 0.38120754717639876 0.17
true 0.0025936098593190293 621 4 4 0.82 2 0.38120754717639876 1.47
true 0.026587361606656243 730 4 4 0.82 3 0.38120754717639876 2.29
true 0.00016265519518202098 3315 4 4 0.82 4 0.38120754717639876 11.98
true 0.1207209461514287 66 4 1 0.84 1 0.36893192506274924 0.1
true 0.0044807837463846645 166 4 1 0.84 2 0.36893192506274924 0.41
true 3.615944662466175e-5 311 4 1 0.84 3 0.36893192506274924 1.08
true 1.7195445456419378e-7 442 4 1 0.84 4 0.36893192506274924 1.96
true 0.10955307156336513 64 4 2 0.84 1 0.36893192506274924 0.1
true 0.0023859520169877135 519 4 2 0.84 2 0.36893192506274924 1.12
true 0.0001697144294179609 749 4 2 0.84 3 0.36893192506274924 2.22
true 4.569346193250556e-6 1213 4 2 0.84 4 0.36893192506274924 4.75
true 0.10583029357171118 85 4 3 0.84 1 0.36893192506274924 0.13
true 0.003181405995091535 346 4 3 0.84 2 0.36893192506274924 0.81
true 0.00015766847441604318 573 4 3 0.84 3 0.36893192506274924 1.78
true 0.0004296906111926531 2170 4 3 0.84 4 0.36893192506274924 8.14
true 0.0793726106416033 128 4 4 0.84 1 0.36893192506274924 0.18
true 0.002473774700519016 317 4 4 0.84 2 0.36893192506274924 0.73
true 0.00016472679292421633 691 4 4 0.84 3 0.36893192506274924 2.17
true 5.746582864223082e-5 2788 4 4 0.84 4 0.36893192506274924 10.16
true 0.1148302268560577 52 4 1 0.86 1 0.35704416557853136 0.07
true 0.004231911687417211 246 4 1 0.86 2 0.35704416557853136 0.58
true 2.3396424244648273e-6 1587 4 1 0.86 3 0.35704416557853136 4.47
true 2.259401395976468e-7 633 4 1 0.86 4 0.35704416557853136 2.62
true 0.10436001019408533 60 4 2 0.86 1 0.35704416557853136 0.09
true 0.0022569946374719485 489 4 2 0.86 2 0.35704416557853136 1.05
true 0.0002499973806174838 936 4 2 0.86 3 0.35704416557853136 2.8
true 1.9236825407609182e-7 647 4 2 0.86 4 0.35704416557853136 2.66
true 0.10086967861816785 78 4 3 0.86 1 0.35704416557853136 0.11
true 0.0030094751289833264 439 4 3 0.86 2 0.35704416557853136 1.0
true 0.00018723705212029632 558 4 3 0.86 3 0.35704416557853136 1.83
true 0.000286163427354047 3189 4 3 0.86 4 0.35704416557853136 11.85
true 0.07565294438383757 96 4 4 0.86 1 0.35704416557853136 0.14
true 0.0023273380162098373 306 4 4 0.86 2 0.35704416557853136 0.75
true 0.0017937376015899342 813 4 4 0.86 3 0.35704416557853136 2.54
true 0.00018080286910915344 2408 4 4 0.86 4 0.35704416557853136 9.09
true 0.10929104805002388 46 4 1 0.88 1 0.34555187407953597 0.09
true 0.003993353165091362 167 4 1 0.88 2 0.34555187407953597 0.41
true 6.647150459337947e-6 405 4 1 0.88 3 0.34555187407953597 1.27
true 9.689728619477478e-8 456 4 1 0.88 4 0.34555187407953597 2.15
true 0.09947429202549671 62 4 2 0.88 1 0.34555187407953597 0.09
true 0.0021332455197390354 278 4 2 0.88 2 0.34555187407953597 0.63
true 0.0002662120182070349 598 4 2 0.88 3 0.34555187407953597 1.9
true 5.728972138074884e-7 1068 4 2 0.88 4 0.34555187407953597 4.09
true 0.09620184625133811 67 4 3 0.88 1 0.34555187407953597 0.1
true 0.002844270322244417 346 4 3 0.88 2 0.34555187407953597 0.79
true 0.0003088763944849397 872 4 3 0.88 3 0.34555187407953597 2.69
true 0.0021324582360865616 1151 4 3 0.88 4 0.34555187407953597 4.45
true 0.07215121515025044 90 4 4 0.88 1 0.34555187407953597 0.14
true 0.0022006924951055024 300 4 4 0.88 2 0.34555187407953597 0.72
true 0.00018259960454686253 1556 4 4 0.88 3 0.34555187407953597 4.56
true 0.00012549495001466793 1815 4 4 0.88 4 0.34555187407953597 7.11
true 0.10408254651903748 64 4 1 0.9 1 0.3344584477916396 0.11
true 0.0037655598625922493 200 4 1 0.9 2 0.3344584477916396 0.47
true 4.637875611335218e-8 465 4 1 0.9 3 0.3344584477916396 1.45
true 7.699037807284981e-8 422 4 1 0.9 4 0.3344584477916396 1.93
true 0.0948770551058507 80 4 2 0.9 1 0.3344584477916396 0.11
true 0.049806977363933885 236 4 2 0.9 2 0.3344584477916396 0.56
true 3.9131861692104364e-5 1658 4 2 0.9 3 0.3344584477916396 4.88
true 0.00011186399037155237 857 4 2 0.9 4 0.3344584477916396 3.4
true 0.09180876887570007 65 4 3 0.9 1 0.3344584477916396 0.1
true 0.0026858643439615824 428 4 3 0.9 2 0.3344584477916396 1.02
true 3.3888158878373854e-5 1219 4 3 0.9 3 0.3344584477916396 3.64
true 2.5089041351955554e-5 1692 4 3 0.9 4 0.3344584477916396 6.51
true 0.0688564921182798 82 4 4 0.9 1 0.3344584477916396 0.12
true 0.002079287801433391 517 4 4 0.9 2 0.3344584477916396 1.21
true 3.391582605814791e-5 1333 4 4 0.9 3 0.3344584477916396 3.88
true 0.0006784179476229391 2166 4 4 0.9 4 0.3344584477916396 8.11
true 0.09918618353137054 57 4 1 0.92 1 0.32376370904828605 0.08
true 0.0035494161075418362 238 4 1 0.92 2 0.32376370904828605 0.53
true 9.91298830799181e-7 984 4 1 0.92 3 0.32376370904828605 2.81
true 2.4908421547564785e-7 546 4 1 0.92 4 0.32376370904828605 2.31
true 0.090552855375092 69 4 2 0.92 1 0.32376370904828605 0.1
true 0.04751444980928857 211 4 2 0.92 2 0.32376370904828605 0.5
true 7.218598464683867e-5 272 4 2 0.92 3 0.32376370904828605 1.09
true 1.6667629785610538e-5 726 4 2 0.92 4 0.32376370904828605 2.95
true 0.08767472470169081 64 4 3 0.92 1 0.32376370904828605 0.1
true 0.002533787337850313 402 4 3 0.92 2 0.32376370904828605 0.91
true 2.574557611538057e-5 764 4 3 0.92 3 0.32376370904828605 2.41
true 3.316361974438816e-5 4822 4 3 0.92 4 0.32376370904828605 17.26
true 0.26616308077491485 70 4 4 0.92 1 0.32376370904828605 0.12
true 0.001963457184554415 309 4 4 0.92 2 0.32376370904828605 0.75
true 0.00020699143204014336 2386 4 4 0.92 3 0.32376370904828605 7.17
true 2.7565596788334257e-5 1869 4 4 0.92 4 0.32376370904828605 7.2
true 0.09458421723295873 53 4 1 0.94 1 0.313464491748325 0.08
true 0.0033436864444270076 240 4 1 0.94 2 0.313464491748325 0.55
true 2.5841214793542733e-6 818 4 1 0.94 3 0.313464491748325 2.39
true 3.76024446024914e-8 500 4 1 0.94 4 0.313464491748325 2.2
true 0.08648428188118265 73 4 2 0.94 1 0.313464491748325 0.1
true 0.0017924870282955974 329 4 2 0.94 2 0.313464491748325 0.75
true 0.03556791588564126 419 4 2 0.94 3 0.313464491748325 1.38
true 1.4185735039723424e-5 1232 4 2 0.94 4 0.313464491748325 4.65
true 0.08378453854102767 71 4 3 0.94 1 0.313464491748325 0.11
true 0.0023900274954641496 300 4 3 0.94 2 0.313464491748325 0.69
true 4.0917124586166885e-5 817 4 3 0.94 3 0.313464491748325 2.5
true 1.2297462851862395e-5 1279 4 3 0.94 4 0.313464491748325 4.82
true 0.06283883887288083 79 4 4 0.94 1 0.313464491748325 0.12
true 0.001852541542365957 450 4 4 0.94 2 0.313464491748325 1.0
true 0.0001610642546701485 1954 4 4 0.94 3 0.313464491748325 5.86
true 6.02610736314263e-5 2476 4 4 0.94 4 0.313464491748325 9.64
true 0.09025607493692567 74 4 1 0.96 1 0.30355517414078803 0.12
true 0.0031493374798368112 246 4 1 0.96 2 0.30355517414078803 0.55
true 7.682780635898112e-6 1078 4 1 0.96 3 0.30355517414078803 3.15
true 8.061613265830658e-8 783 4 1 0.96 4 0.30355517414078803 3.31
true 0.08265559018811036 62 4 2 0.96 1 0.30355517414078803 0.09
true 0.0016895871913044647 276 4 2 0.96 2 0.30355517414078803 0.64
true 0.0008432849583137891 450 4 2 0.96 3 0.30355517414078803 1.48
true 3.807146540940609e-6 936 4 2 0.96 4 0.30355517414078803 3.81
true 0.3634192113557853 60 4 3 0.96 1 0.30355517414078803 0.1
true 0.002252713409079917 590 4 3 0.96 2 0.30355517414078803 1.34
true 0.00019900677496922 1591 4 3 0.96 3 0.30355517414078803 4.72
true 0.0006517358431136396 2168 4 3 0.96 4 0.30355517414078803 7.91
true 0.264963766248242 74 4 4 0.96 1 0.30355517414078803 0.12
true 0.0017462880011122478 536 4 4 0.96 2 0.30355517414078803 1.21
true 0.24999503413671148 529 4 4 0.96 3 0.30355517414078803 1.72
true 0.00035104303135392867 2806 4 4 0.96 4 0.30355517414078803 10.61
true 0.08618675963708233 57 4 1 0.98 1 0.2940281549265302 0.09
true 0.0029669313274706677 215 4 1 0.98 2 0.2940281549265302 0.5
true 1.7433459045812505e-6 299 4 1 0.98 3 0.2940281549265302 1.05
true 9.298163363702372e-7 540 4 1 0.98 4 0.2940281549265302 2.3
true 0.0790518269583087 83 4 2 0.98 1 0.2940281549265302 0.12
true 0.00159233035603068 419 4 2 0.98 2 0.2940281549265302 0.94
true 0.0001880489142691566 1529 4 2 0.98 3 0.2940281549265302 4.54
true 3.4005833434491706e-5 672 4 2 0.98 4 0.2940281549265302 2.86
true 0.07667390014203807 65 4 3 0.98 1 0.2940281549265302 0.1
true 0.0021229068661710406 675 4 3 0.98 2 0.2940281549265302 1.5
true 0.00021644177272693113 761 4 3 0.98 3 0.2940281549265302 2.29
true 1.592419398166456e-5 1615 4 3 0.98 4 0.2940281549265302 6.13
true 0.057505379503746415 83 4 4 0.98 1 0.2940281549265302 0.14
true 0.0016467767699691743 413 4 4 0.98 2 0.2940281549265302 0.92
true 0.0005869643820457099 448 4 4 0.98 3 0.2940281549265302 1.53
true 0.0011189507988992459 1334 4 4 0.98 4 0.2940281549265302 5.09
true 0.0823591827230627 50 4 1 1.0 1 0.28487427258540376 0.07
true 0.0027932617916365254 173 4 1 1.0 2 0.28487427258540376 0.43
true 1.5571528814706248e-6 968 4 1 1.0 3 0.28487427258540376 2.9
true 1.8216139234805695e-6 494 4 1 1.0 4 0.28487427258540376 2.21
true 0.07565976189361606 72 4 2 1.0 1 0.28487427258540376 0.1
true 0.03957319405145554 266 4 2 1.0 2 0.28487427258540376 0.59
true 1.2633909690307199e-5 646 4 2 1.0 3 0.28487427258540376 1.96
true 1.2785656143959878e-5 2601 4 2 1.0 4 0.28487427258540376 9.43
true 0.36078686608635624 61 4 3 1.0 1 0.28487427258540376 0.09
true 0.002000348289413737 337 4 3 1.0 2 0.28487427258540376 0.79
true 3.344239162615207e-5 672 4 3 1.0 3 0.28487427258540376 2.11
true 0.00014913687769183928 1896 4 3 1.0 4 0.28487427258540376 7.05
true 0.05506853599705204 103 4 4 1.0 1 0.28487427258540376 0.16
true 0.0015517939307600342 563 4 4 1.0 2 0.28487427258540376 1.27
true 0.0001317041001146907 1100 4 4 1.0 3 0.28487427258540376 3.26
true 0.0006434109514643488 2648 4 4 1.0 4 0.28487427258540376 10.04