changes = Time vs nsites = 4 vs nqubits0 vs h vs nlayers

g_converged min_loss iter nsites nqubits0 h nlayers SvN time
true 6.900789151220721e-8 60 4 1 0.0 1 0.0 0.11
true 2.6487903165284266e-7 152 4 1 0.0 2 0.0 0.55
true 8.694926898478172e-7 241 4 1 0.0 3 0.0 1.22
true 4.669469403362214e-7 619 4 1 0.0 4 0.0 3.52
true 1.2882507147149447e-7 70 4 2 0.0 1 0.0 0.13
true 2.9335602658164817e-7 275 4 2 0.0 2 0.0 0.84
true 8.048964749540755e-6 407 4 2 0.0 3 0.0 1.8
true 4.579304972329723e-6 893 4 2 0.0 4 0.0 5.0
true 0.3333333603779689 43 4 3 0.0 1 0.0 0.09
true 5.953981301876077e-7 189 4 3 0.0 2 0.0 0.65
true 7.624960640917333e-5 318 4 3 0.0 3 0.0 1.55
true 5.109881063910156e-6 342 4 3 0.0 4 0.0 2.39
true 0.2500003162969823 82 4 4 0.0 1 0.0 0.15
true 1.1869664935798552e-6 267 4 4 0.0 2 0.0 0.92
true 0.25000098501981105 342 4 4 0.0 3 0.0 1.78
true 3.026490215524147e-7 510 4 4 0.0 4 0.0 3.35
true 1.7295080401158458e-7 57 4 1 0.02 1 1.5519341457791147e-8 0.11
true 3.121359414270941e-7 122 4 1 0.02 2 1.5519341457791147e-8 0.44
true 2.476948247742694e-5 247 4 1 0.02 3 1.5519341457791147e-8 1.25
true 2.6577787087811444e-7 412 4 1 0.02 4 1.5519341457791147e-8 2.6
true 1.5846289336263197e-7 64 4 2 0.02 1 1.5519341457791147e-8 0.17
true 5.499540888798116e-7 172 4 2 0.02 2 1.5519341457791147e-8 0.62
true 4.784099183391399e-6 247 4 2 0.02 3 1.5519341457791147e-8 1.27
true 3.7012110911394114e-6 826 4 2 0.02 4 1.5519341457791147e-8 4.57
true 5.373355108084787e-7 68 4 3 0.02 1 1.5519341457791147e-8 0.14
true 1.3724765868472488e-5 232 4 3 0.02 2 1.5519341457791147e-8 0.78
true 1.242826669245467e-6 420 4 3 0.02 3 1.5519341457791147e-8 1.98
true 4.731542589490416e-6 822 4 3 0.02 4 1.5519341457791147e-8 4.8
true 3.415215336088906e-7 84 4 4 0.02 1 1.5519341457791147e-8 0.16
true 2.684051035345414e-6 387 4 4 0.02 2 1.5519341457791147e-8 1.21
true 3.430703049839279e-7 432 4 4 0.02 3 1.5519341457791147e-8 1.97
true 4.4812889494483255e-6 548 4 4 0.02 4 1.5519341457791147e-8 3.34
true 4.2552222168090736e-7 57 4 1 0.04 1 5.221054521751489e-7 0.11
true 2.1774337616298212e-7 133 4 1 0.04 2 5.221054521751489e-7 0.53
true 8.005262543409053e-7 328 4 1 0.04 3 5.221054521751489e-7 1.52
true 8.235074766549388e-8 334 4 1 0.04 4 5.221054521751489e-7 2.29
true 3.7491942736500583e-7 63 4 2 0.04 1 5.221054521751489e-7 0.13
true 5.843697925000946e-7 166 4 2 0.04 2 5.221054521751489e-7 0.57
true 5.470433198928593e-7 347 4 2 0.04 3 5.221054521751489e-7 1.68
true 7.228805334685839e-6 373 4 2 0.04 4 5.221054521751489e-7 2.51
true 5.849173370468345e-7 72 4 3 0.04 1 5.221054521751489e-7 0.14
true 1.0577315160224346e-5 199 4 3 0.04 2 5.221054521751489e-7 0.68
true 2.2954224840887605e-6 321 4 3 0.04 3 5.221054521751489e-7 1.67
true 9.442249570372022e-7 624 4 3 0.04 4 5.221054521751489e-7 3.63
true 0.25000026205017395 77 4 4 0.04 1 5.221054521751489e-7 0.16
true 6.91727324267366e-7 309 4 4 0.04 2 5.221054521751489e-7 1.02
true 4.4309817632537385e-6 784 4 4 0.04 3 5.221054521751489e-7 3.44
true 1.4799064322681965e-5 1352 4 4 0.04 4 5.221054521751489e-7 7.15
true 4.357094388618421e-7 47 4 1 0.06 1 3.2712639605332464e-5 0.08
true 2.611510392547256e-6 155 4 1 0.06 2 3.2712639605332464e-5 0.57
true 2.6516789197739143e-7 269 4 1 0.06 3 3.2712639605332464e-5 1.38
true 1.015724472364088e-6 327 4 1 0.06 4 3.2712639605332464e-5 2.23
true 1.5918051649577158e-6 109 4 2 0.06 1 3.2712639605332464e-5 0.21
true 1.566059404878306e-6 178 4 2 0.06 2 3.2712639605332464e-5 0.6
true 1.0608593709604541e-6 285 4 2 0.06 3 3.2712639605332464e-5 1.44
true 2.3289819747751572e-7 528 4 2 0.06 4 3.2712639605332464e-5 3.39
true 0.3333335258040751 56 4 3 0.06 1 3.2712639605332464e-5 0.12
true 1.988434553586623e-6 229 4 3 0.06 2 3.2712639605332464e-5 0.77
true 2.696144149066937e-5 270 4 3 0.06 3 3.2712639605332464e-5 1.42
true 3.8772416847650724e-5 585 4 3 0.06 4 3.2712639605332464e-5 3.83
true 0.2500042995923277 57 4 4 0.06 1 3.2712639605332464e-5 0.12
true 2.4481059851394482e-6 389 4 4 0.06 2 3.2712639605332464e-5 1.28
true 1.1325674608694825e-5 391 4 4 0.06 3 3.2712639605332464e-5 1.92
true 6.64769468123605e-5 569 4 4 0.06 4 3.2712639605332464e-5 3.53
true 4.872011997725245e-7 54 4 1 0.08 1 0.00031555771092967207 0.12
true 2.570126677053919e-5 185 4 1 0.08 2 0.00031555771092967207 0.67
true 1.1543982737116654e-5 238 4 1 0.08 3 0.00031555771092967207 1.23
true 1.0199839286406664e-5 348 4 1 0.08 4 0.00031555771092967207 2.68
true 1.5245664143626048e-5 58 4 2 0.08 1 0.00031555771092967207 0.13
true 2.4569755440795316e-5 143 4 2 0.08 2 0.00031555771092967207 0.52
true 1.5174567256109883e-5 424 4 2 0.08 3 0.00031555771092967207 1.9
true 2.036498914956275e-5 893 4 2 0.08 4 0.00031555771092967207 4.92
true 2.026625568860944e-5 89 4 3 0.08 1 0.00031555771092967207 0.18
true 2.82450025606192e-5 266 4 3 0.08 2 0.00031555771092967207 0.89
true 1.29524331571688e-5 312 4 3 0.08 3 0.00031555771092967207 1.54
true 5.8637067021175916e-5 570 4 3 0.08 4 0.00031555771092967207 3.45
true 1.5390080274069184e-5 88 4 4 0.08 1 0.00031555771092967207 0.17
true 7.856563870187183e-6 166 4 4 0.08 2 0.00031555771092967207 0.64
true 1.4931674841081599e-5 311 4 4 0.08 3 0.00031555771092967207 1.59
true 1.9047052948195642e-6 659 4 4 0.08 4 0.00031555771092967207 4.14
true 2.7082214220652823e-6 53 4 1 0.1 1 0.0012584685665444728 0.12
true 0.00012468343254162795 180 4 1 0.1 2 0.0012584685665444728 0.62
true 5.245377860019218e-5 210 4 1 0.1 3 0.0012584685665444728 1.16
true 6.96279810608047e-6 568 4 1 0.1 4 0.0012584685665444728 3.62
true 6.641055459624678e-5 63 4 2 0.1 1 0.0012584685665444728 0.13
true 4.022828955865809e-5 153 4 2 0.1 2 0.0012584685665444728 0.56
true 1.5349058361008305e-5 432 4 2 0.1 3 0.0012584685665444728 2.11
true 8.936538623285917e-5 632 4 2 0.1 4 0.0012584685665444728 3.66
true 8.853270553723276e-5 185 4 3 0.1 1 0.0012584685665444728 0.37
true 0.00012533585660355154 298 4 3 0.1 2 0.0012584685665444728 1.02
true 5.833900263700157e-5 327 4 3 0.1 3 0.0012584685665444728 1.64
true 3.741239639037941e-5 479 4 3 0.1 4 0.0012584685665444728 3.19
true 6.847366786101594e-5 77 4 4 0.1 1 0.0012584685665444728 0.17
true 9.353723956377624e-5 605 4 4 0.1 2 0.0012584685665444728 1.96
true 2.8528550395465202e-5 544 4 4 0.1 3 0.0012584685665444728 2.53
true 8.187991536513783e-5 1084 4 4 0.1 4 0.0012584685665444728 5.85
true 8.974153865415335e-6 55 4 1 0.12 1 0.002857451366537061 0.13
true 0.0003122693599424964 147 4 1 0.12 2 0.002857451366537061 0.52
true 0.00024800724797402474 249 4 1 0.12 3 0.002857451366537061 1.42
true 1.873132081958717e-5 389 4 1 0.12 4 0.002857451366537061 2.71
true 0.00016427446212094465 68 4 2 0.12 1 0.002857451366537061 0.13
true 0.00013307137303444905 187 4 2 0.12 2 0.002857451366537061 0.64
true 0.0001117305925918688 451 4 2 0.12 3 0.002857451366537061 2.02
true 0.0002014629532519352 562 4 2 0.12 4 0.002857451366537061 3.67
true 0.0002164143831483075 71 4 3 0.12 1 0.002857451366537061 0.16
true 0.00016750227247036564 216 4 3 0.12 2 0.002857451366537061 0.74
true 4.2084041267616744e-5 563 4 3 0.12 3 0.002857451366537061 2.52
true 0.00011890729569039953 856 4 3 0.12 4 0.002857451366537061 4.87
true 0.00016614056607709704 113 4 4 0.12 1 0.002857451366537061 0.22
true 0.00023401866347105837 190 4 4 0.12 2 0.002857451366537061 0.69
true 0.00020546747012836764 330 4 4 0.12 3 0.002857451366537061 1.69
true 0.00015247885040318987 816 4 4 0.12 4 0.002857451366537061 5.11
true 2.1828872665552446e-5 55 4 1 0.14 1 0.005207607228596099 0.13
true 0.000600927514332994 149 4 1 0.14 2 0.005207607228596099 0.51
true 8.98339751698174e-6 249 4 1 0.14 3 0.005207607228596099 1.36
true 5.929836888185491e-7 368 4 1 0.14 4 0.005207607228596099 2.48
true 0.0003231427583794966 72 4 2 0.14 1 0.005207607228596099 0.14
true 0.0004337474589435619 340 4 2 0.14 2 0.005207607228596099 1.09
true 0.0002092037789903911 331 4 2 0.14 3 0.005207607228596099 1.61
true 0.0005700078635806904 484 4 2 0.14 4 0.005207607228596099 3.08
true 0.333340032195528 63 4 3 0.14 1 0.005207607228596099 0.13
true 0.0006186904038236185 240 4 3 0.14 2 0.005207607228596099 0.8
true 0.00031801974718592696 303 4 3 0.14 3 0.005207607228596099 1.54
true 3.966819249051623e-5 2513 4 3 0.14 4 0.005207607228596099 13.13
true 0.25002306637609184 63 4 4 0.14 1 0.005207607228596099 0.13
true 2.6151206659691395e-5 227 4 4 0.14 2 0.005207607228596099 0.8
true 0.00016191055852517178 458 4 4 0.14 3 0.005207607228596099 2.24
true 0.00023319453257082678 773 4 4 0.14 4 0.005207607228596099 4.54
true 5.4216177087451634e-5 44 4 1 0.16 1 0.009312166724123666 0.09
true 7.554584799723818e-5 361 4 1 0.16 2 0.009312166724123666 1.14
true 2.201715112204461e-5 989 4 1 0.16 3 0.009312166724123666 4.15
true 8.405703164521272e-5 373 4 1 0.16 4 0.009312166724123666 2.47
true 0.0006242940111383377 75 4 2 0.16 1 0.009312166724123666 0.14
true 9.24413224569487e-5 343 4 2 0.16 2 0.009312166724123666 1.07
true 0.0005963253443079519 422 4 2 0.16 3 0.009312166724123666 1.96
true 2.8607810155678592e-5 887 4 2 0.16 4 0.009312166724123666 4.91
true 0.33334867563347137 53 4 3 0.16 1 0.009312166724123666 0.12
true 0.0011968014110566583 535 4 3 0.16 2 0.009312166724123666 1.68
true 2.0701015208605494e-5 1198 4 3 0.16 3 0.009312166724123666 4.84
true 1.544448916290797e-5 1390 4 3 0.16 4 0.009312166724123666 7.9
true 0.0006366883341093199 155 4 4 0.16 1 0.009312166724123666 0.32
true 0.0006017940139451117 355 4 4 0.16 2 0.009312166724123666 1.1
true 0.0006086200328745961 275 4 4 0.16 3 0.009312166724123666 1.44
true 0.0005614253743712327 810 4 4 0.16 4 0.009312166724123666 4.57
true 0.00012768465760681913 68 4 1 0.18 1 0.01647603291411175 0.14
true 0.00010941415401527488 370 4 1 0.18 2 0.01647603291411175 1.17
true 0.00048761076778258694 353 4 1 0.18 3 0.01647603291411175 1.63
true 6.989918012179075e-6 733 4 1 0.18 4 0.01647603291411175 4.23
true 0.0012004227880582086 70 4 2 0.18 1 0.01647603291411175 0.14
true 0.0014335771342937342 181 4 2 0.18 2 0.01647603291411175 0.65
true 8.673780023296662e-5 994 4 2 0.18 3 0.01647603291411175 4.03
true 0.0004898783638551674 423 4 2 0.18 4 0.01647603291411175 3.03
true 0.0015677685997014061 58 4 3 0.18 1 0.01647603291411175 0.12
true 0.001585885672392669 214 4 3 0.18 2 0.01647603291411175 0.72
true 0.0014361853988043387 740 4 3 0.18 3 0.01647603291411175 3.07
true 1.3484012016543959e-5 1351 4 3 0.18 4 0.01647603291411175 7.14
true 0.0012305605055751984 142 4 4 0.18 1 0.01647603291411175 0.27
true 0.001606222159766732 273 4 4 0.18 2 0.01647603291411175 0.95
true 0.001616218293958721 411 4 4 0.18 3 0.01647603291411175 1.89
true 0.0016593759887485043 557 4 4 0.18 4 0.01647603291411175 3.37
true 0.00029184606618654074 50 4 1 0.2 1 0.028809882776728333 0.12
true 4.89199418235442e-5 406 4 1 0.2 2 0.028809882776728333 1.23
true 0.00015088759290809994 483 4 1 0.2 3 0.028809882776728333 2.09
true 0.00010409972639291443 616 4 1 0.2 4 0.028809882776728333 3.73
true 0.0023005669489662983 71 4 2 0.2 1 0.028809882776728333 0.14
true 0.0027149398408135295 177 4 2 0.2 2 0.028809882776728333 0.63
true 4.14136815354571e-5 1062 4 2 0.2 3 0.028809882776728333 4.48
true 6.676457016055459e-5 1043 4 2 0.2 4 0.028809882776728333 5.74
true 0.336141936305901 51 4 3 0.2 1 0.028809882776728333 0.12
true 0.0001094884479676909 557 4 3 0.2 2 0.028809882776728333 1.71
true 0.0015753469730472869 760 4 3 0.2 3 0.028809882776728333 3.5
true 9.588550236938609e-5 1626 4 3 0.2 4 0.028809882776728333 8.53
true 0.002371557088896692 100 4 4 0.2 1 0.028809882776728333 0.21
true 0.003228430458746226 530 4 4 0.2 2 0.028809882776728333 1.6
true 0.002270600465064526 306 4 4 0.2 3 0.028809882776728333 1.58
true 0.00010373151042078477 1678 4 4 0.2 4 0.028809882776728333 8.91
true 0.0006461466389293125 51 4 1 0.22 1 0.04938099268332533 0.1
true 0.00010194980121791541 327 4 1 0.22 2 0.04938099268332533 1.0
true 0.00018795310630714823 386 4 1 0.22 3 0.04938099268332533 1.71
true 7.914840257028377e-6 976 4 1 0.22 4 0.04938099268332533 5.63
true 0.004367030632800473 58 4 2 0.22 1 0.04938099268332533 0.12
true 0.004875688445583087 230 4 2 0.22 2 0.04938099268332533 0.74
true 0.00013098663651328613 849 4 2 0.22 3 0.04938099268332533 3.6
true 7.412059975067664e-5 2022 4 2 0.22 4 0.04938099268332533 10.43
true 0.005670964710327316 69 4 3 0.22 1 0.04938099268332533 0.14
true 0.0001821110304396171 244 4 3 0.22 2 0.04938099268332533 0.83
true 5.460448022663137e-5 795 4 3 0.22 3 0.04938099268332533 3.39
true 3.314366292237839e-5 1538 4 3 0.22 4 0.04938099268332533 8.14
true 0.2503828360326233 75 4 4 0.22 1 0.04938099268332533 0.16
true 0.00017803598445841062 482 4 4 0.22 2 0.04938099268332533 1.5
true 0.005130918937922127 452 4 4 0.22 3 0.04938099268332533 2.15
true 0.00013783002671838296 944 4 4 0.22 4 0.04938099268332533 5.44
true 0.0013660868988310537 52 4 1 0.24 1 0.08188079160576314 0.11
true 0.0006833588280868441 483 4 1 0.24 2 0.08188079160576314 1.46
true 0.00034345678030955895 841 4 1 0.24 3 0.08188079160576314 3.6
true 6.349781077552574e-6 668 4 1 0.24 4 0.08188079160576314 3.86
true 0.008093189310947074 61 4 2 0.24 1 0.08188079160576314 0.12
true 0.00014926824078217993 543 4 2 0.24 2 0.08188079160576314 1.64
true 0.0015002010302549162 690 4 2 0.24 3 0.08188079160576314 3.0
true 1.6032577986935248e-5 1033 4 2 0.24 4 0.08188079160576314 5.78
true 0.010477326403837842 93 4 3 0.24 1 0.08188079160576314 0.18
true 0.0003147481961515153 194 4 3 0.24 2 0.08188079160576314 0.65
true 5.5556839294053827e-5 842 4 3 0.24 3 0.08188079160576314 3.61
true 9.306759174247206e-6 1162 4 3 0.24 4 0.08188079160576314 6.12
true 0.2509243192285109 81 4 4 0.24 1 0.08188079160576314 0.17
true 0.007945662497238257 389 4 4 0.24 2 0.08188079160576314 1.3
true 0.00011847096253174427 2030 4 4 0.24 3 0.08188079160576314 8.25
true 0.00017761821058795424 893 4 4 0.24 4 0.08188079160576314 5.15
true 0.002743468451072928 53 4 1 0.26 1 0.1297967786166197 0.13
true 0.00042721874536255644 287 4 1 0.26 2 0.1297967786166197 0.89
true 4.618423264390881e-5 1066 4 1 0.26 3 0.1297967786166197 4.39
true 2.869890542434028e-7 748 4 1 0.26 4 0.1297967786166197 4.38
true 0.01446619898493931 69 4 2 0.26 1 0.1297967786166197 0.14
true 0.0002702193567133693 355 4 2 0.26 2 0.1297967786166197 1.09
true 0.0012673387854961748 472 4 2 0.26 3 0.1297967786166197 2.21
true 1.4940436522670186e-6 888 4 2 0.26 4 0.1297967786166197 4.82
true 0.018655833120428716 82 4 3 0.26 1 0.1297967786166197 0.17
true 0.0187018395259842 318 4 3 0.26 2 0.1297967786166197 1.02
true 6.684669078595624e-5 1395 4 3 0.26 3 0.1297967786166197 5.92
true 0.00042866113251379306 944 4 3 0.26 4 0.1297967786166197 5.28
true 0.015172610623940735 119 4 4 0.26 1 0.1297967786166197 0.25
true 0.0005502928230832621 373 4 4 0.26 2 0.1297967786166197 1.19
true 8.995148991101931e-5 2762 4 4 0.26 3 0.1297967786166197 11.51
true 0.000302679652949403 1190 4 4 0.26 4 0.1297967786166197 6.72
true 0.005214406212671163 52 4 1 0.28 1 0.1955000413843353 0.11
true 0.000807493226246847 322 4 1 0.28 2 0.1955000413843353 0.99
true 6.72248416265786e-5 389 4 1 0.28 3 0.1955000413843353 1.75
true 1.1653769838027017e-7 565 4 1 0.28 4 0.1955000413843353 3.29
true 0.024765376428013602 68 4 2 0.28 1 0.1955000413843353 0.13
true 0.00047377257030120634 449 4 2 0.28 2 0.1955000413843353 1.37
true 0.0023876845384269985 990 4 2 0.28 3 0.1955000413843353 3.99
true 9.078803120676771e-7 1661 4 2 0.28 4 0.1955000413843353 8.72
true 0.031806735111738 64 4 3 0.28 1 0.1955000413843353 0.14
true 0.0008755914808931305 282 4 3 0.28 2 0.1955000413843353 0.94
true 0.0004786820517036679 492 4 3 0.28 3 0.1955000413843353 2.21
true 0.0004262295009098138 617 4 3 0.28 4 0.1955000413843353 3.68
true 0.2732934330984566 64 4 4 0.28 1 0.1955000413843353 0.13
true 0.02433987954024093 444 4 4 0.28 2 0.1955000413843353 1.41
true 6.0703478640469766e-5 571 4 4 0.28 3 0.1955000413843353 2.58
true 0.00031431274958597377 876 4 4 0.28 4 0.1955000413843353 4.94
true 0.009288507394907553 46 4 1 0.3 1 0.27725966462546564 0.11
true 0.001417784494723684 594 4 1 0.3 2 0.27725966462546564 1.83
true 0.00033704071894735677 358 4 1 0.3 3 0.27725966462546564 1.75
true 1.8685202096691e-7 461 4 1 0.3 4 0.27725966462546564 3.15
true 0.040176216411683036 68 4 2 0.3 1 0.27725966462546564 0.15
true 0.0007886118505696371 275 4 2 0.3 2 0.27725966462546564 0.86
true 0.0034626434258049343 820 4 2 0.3 3 0.27725966462546564 3.44
true 1.4404866347628165e-5 1830 4 2 0.3 4 0.27725966462546564 9.3
true 0.0513487804012309 60 4 3 0.3 1 0.27725966462546564 0.13
true 0.0013722711428658478 200 4 3 0.3 2 0.27725966462546564 0.69
true 8.800372277042075e-5 1308 4 3 0.3 3 0.27725966462546564 5.38
true 0.0003196263479139927 1044 4 3 0.3 4 0.27725966462546564 5.68
true 0.04268706666498559 74 4 4 0.3 1 0.27725966462546564 0.15
true 0.03937736129469739 767 4 4 0.3 2 0.27725966462546564 2.5
true 0.00015041429068704537 977 4 4 0.3 3 0.27725966462546564 4.09
true 0.00016609746425727545 845 4 4 0.3 4 0.27725966462546564 4.78
true 0.015317371360379972 65 4 1 0.32 1 0.3673031991535092 0.12
true 0.002282236401903004 182 4 1 0.32 2 0.3673031991535092 0.64
true 5.5605233788502684e-5 911 4 1 0.32 3 0.3673031991535092 3.65
true 6.803488239448541e-8 487 4 1 0.32 4 0.3673031991535092 2.98
true 0.06102640383447552 55 4 2 0.32 1 0.3673031991535092 0.11
true 0.06310264014584252 687 4 2 0.32 2 0.3673031991535092 2.2
true 0.00562926964920385 1262 4 2 0.32 3 0.3673031991535092 4.95
true 2.070386316305184e-6 1377 4 2 0.32 4 0.3673031991535092 7.36
true 0.07755912608640035 64 4 3 0.32 1 0.3673031991535092 0.14
true 0.07735995270181119 429 4 3 0.32 2 0.3673031991535092 1.29
true 8.95122460306171e-5 515 4 3 0.32 3 0.3673031991535092 2.25
true 0.00010007395387240381 532 4 3 0.32 4 0.3673031991535092 3.32
true 0.06529180930829047 110 4 4 0.32 1 0.3673031991535092 0.21
true 0.0018601169565706788 513 4 4 0.32 2 0.3673031991535092 1.66
true 6.981257690399922e-5 1281 4 4 0.32 3 0.3673031991535092 5.42
true 1.387978910835641e-5 1411 4 4 0.32 4 0.3673031991535092 7.77
true 0.02320797137361419 65 4 1 0.34 1 0.4534331841925793 0.12
true 0.0033198389338509604 204 4 1 0.34 2 0.4534331841925793 0.63
true 0.00038109372024375254 414 4 1 0.34 3 0.4534331841925793 1.98
true 2.851173262485851e-7 654 4 1 0.34 4 0.4534331841925793 3.71
true 0.08611016317106807 97 4 2 0.34 1 0.4534331841925793 0.17
true 0.0017382750738287323 207 4 2 0.34 2 0.4534331841925793 0.67
true 0.008384854468635794 933 4 2 0.34 3 0.4534331841925793 3.76
true 8.101091222581513e-5 628 4 2 0.34 4 0.4534331841925793 3.76
true 0.10873134987712679 79 4 3 0.34 1 0.4534331841925793 0.15
true 0.0026886228120690525 321 4 3 0.34 2 0.4534331841925793 1.09
true 8.178240472178633e-5 849 4 3 0.34 3 0.4534331841925793 3.53
true 1.502666222526668e-6 454 4 3 0.34 4 0.4534331841925793 2.87
true 0.4152813147479917 117 4 4 0.34 1 0.4534331841925793 0.25
true 0.18218466315496817 444 4 4 0.34 2 0.4534331841925793 1.45
true 0.00011571872436991204 1087 4 4 0.34 3 0.4534331841925793 4.83
true 0.0002689147075924381 974 4 4 0.34 4 0.4534331841925793 5.63
true 0.03233996527391536 45 4 1 0.36 1 0.5242078864035358 0.12
true 0.004407181335956578 317 4 1 0.36 2 0.5242078864035358 0.99
true 4.596007380980316e-5 670 4 1 0.36 3 0.5242078864035358 2.93
true 1.1679049006785291e-6 372 4 1 0.36 4 0.5242078864035358 2.52
true 0.1127518536408249 76 4 2 0.36 1 0.5242078864035358 0.14
true 0.0022716994982492633 181 4 2 0.36 2 0.5242078864035358 0.64
true 9.886707868256295e-5 733 4 2 0.36 3 0.5242078864035358 3.09
true 2.6892382275489624e-6 616 4 2 0.36 4 0.5242078864035358 4.04
true 0.141304015616812 62 4 3 0.36 1 0.5242078864035358 0.13
true 0.0033450836319134925 235 4 3 0.36 2 0.5242078864035358 0.79
true 0.0001401817414211822 1873 4 3 0.36 3 0.5242078864035358 7.62
true 7.20014170253469e-5 583 4 3 0.36 4 0.5242078864035358 3.68
true 0.12260694285633082 121 4 4 0.36 1 0.5242078864035358 0.26
true 0.002775107554813111 314 4 4 0.36 2 0.5242078864035358 1.05
true 0.05453185683163417 938 4 4 0.36 3 0.5242078864035358 4.1
true 1.994920273419576e-5 2120 4 4 0.36 4 0.5242078864035358 10.84
true 0.04185360227315821 55 4 1 0.38 1 0.5738898971784198 0.12
true 0.005396484789198797 339 4 1 0.38 2 0.5738898971784198 1.07
true 0.0007540310501164549 331 4 1 0.38 3 0.5738898971784198 1.63
true 2.9867333466992996e-6 471 4 1 0.38 4 0.5738898971784198 2.96
true 0.137813028381688 66 4 2 0.38 1 0.5738898971784198 0.13
true 0.0027542185092966354 262 4 2 0.38 2 0.5738898971784198 0.84
true 0.00013043807397009055 597 4 2 0.38 3 0.5738898971784198 2.69
true 7.336901243631955e-6 1294 4 2 0.38 4 0.5738898971784198 7.02
true 0.3389702487708528 99 4 3 0.38 1 0.5738898971784198 0.2
true 0.003906530639525767 459 4 3 0.38 2 0.5738898971784198 1.54
true 6.788818804065455e-5 432 4 3 0.38 3 0.5738898971784198 1.98
true 0.00012850922459991163 762 4 3 0.38 4 0.5738898971784198 4.64
true 0.1512523943640042 68 4 4 0.38 1 0.5738898971784198 0.15
true 0.0031151648986165875 223 4 4 0.38 2 0.5738898971784198 0.8
true 0.00011260208656727055 789 4 4 0.38 3 0.5738898971784198 3.34
true 4.9523194885797706e-5 1729 4 4 0.38 4 0.5738898971784198 9.5
true 0.05107470630790867 62 4 1 0.4 1 0.6032626509160969 0.12
true 0.006204698797646291 160 4 1 0.4 2 0.6032626509160969 0.55
true 0.00036274841520450574 837 4 1 0.4 3 0.6032626509160969 3.46
true 9.40226843604286e-8 474 4 1 0.4 4 0.6032626509160969 3.05
true 0.158970466151022 65 4 2 0.4 1 0.6032626509160969 0.14
true 0.1459283409915959 399 4 2 0.4 2 0.6032626509160969 1.25
true 0.016220754324411474 704 4 2 0.4 3 0.6032626509160969 3.19
true 4.9696344439909e-6 1036 4 2 0.4 4 0.6032626509160969 5.67
true 0.19557673363494055 96 4 3 0.4 1 0.6032626509160969 0.2
true 0.004352984360160554 249 4 3 0.4 2 0.6032626509160969 0.83
true 6.386333312117613e-5 531 4 3 0.4 3 0.6032626509160969 2.49
true 2.1949520915220955e-5 1102 4 3 0.4 4 0.6032626509160969 5.94
true 0.3065651074704701 143 4 4 0.4 1 0.6032626509160969 0.29
true 0.0033847076213536914 334 4 4 0.4 2 0.6032626509160969 1.13
true 5.0070227340992535e-5 799 4 4 0.4 3 0.6032626509160969 3.63
true 4.9611141433064665e-5 1998 4 4 0.4 4 0.6032626509160969 10.62
true 0.05971846184974994 51 4 1 0.42 1 0.6168497726156195 0.1
true 0.006818118806936557 187 4 1 0.42 2 0.6168497726156195 0.63
true 2.8672679813213087e-6 764 4 1 0.42 3 0.6168497726156195 3.08
true 2.90794170576536e-6 795 4 1 0.42 4 0.6168497726156195 4.65
true 0.17529341631290646 74 4 2 0.42 1 0.6168497726156195 0.14
true 0.15012614332262825 346 4 2 0.42 2 0.6168497726156195 1.05
true 0.018238130874423497 427 4 2 0.42 3 0.6168497726156195 1.89
true 5.399722905086168e-6 536 4 2 0.42 4 0.6168497726156195 3.3
true 0.21321260623964897 99 4 3 0.42 1 0.6168497726156195 0.21
true 0.004693590413622643 219 4 3 0.42 2 0.6168497726156195 0.75
true 0.00015529507654891508 674 4 3 0.42 3 0.6168497726156195 2.98
true 0.00023994818756336209 643 4 3 0.42 4 0.6168497726156195 3.74
true 0.1954330444034421 127 4 4 0.42 1 0.6168497726156195 0.26
true 0.0035955146763213264 267 4 4 0.42 2 0.6168497726156195 0.9
true 0.00010941557560148474 1943 4 4 0.42 3 0.6168497726156195 7.86
true 0.00010031154554909771 3572 4 4 0.42 4 0.6168497726156195 18.98
true 0.06781077449276585 54 4 1 0.44 1 0.6197629413526827 0.11
true 0.007261816826219403 229 4 1 0.44 2 0.6197629413526827 0.74
true 8.921368610026459e-6 801 4 1 0.44 3 0.6197629413526827 3.3
true 1.6294084114187868e-6 512 4 1 0.44 4 0.6197629413526827 3.57
true 0.1869964479095857 69 4 2 0.44 1 0.6197629413526827 0.14
true 0.0036737359109412226 297 4 2 0.44 2 0.6197629413526827 0.93
true 0.00014755057065030108 372 4 2 0.44 3 0.6197629413526827 1.82
true 1.3163163309681813e-5 920 4 2 0.44 4 0.6197629413526827 5.11
true 0.224430069605557 63 4 3 0.44 1 0.6197629413526827 0.13
true 0.004949173639060482 257 4 3 0.44 2 0.6197629413526827 0.84
true 4.295433610196353e-5 725 4 3 0.44 3 0.6197629413526827 3.2
true 0.0018992121811012101 1205 4 3 0.44 4 0.6197629413526827 6.48
true 0.29019852630349885 101 4 4 0.44 1 0.6197629413526827 0.2
true 0.0037617892320077756 377 4 4 0.44 2 0.6197629413526827 1.25
true 0.08260179310581174 1048 4 4 0.44 3 0.6197629413526827 4.34
true 3.6151100005446524e-5 3184 4 4 0.44 4 0.6197629413526827 16.33
true 0.07551837737712919 66 4 1 0.46 1 0.6160458563573982 0.12
true 0.007571006015024362 190 4 1 0.46 2 0.6160458563573982 0.61
true 1.0638401827800514e-5 1793 4 1 0.46 3 0.6160458563573982 7.12
true 1.1031157975960326e-7 425 4 1 0.46 4 0.6160458563573982 2.74
true 0.1948435317263447 91 4 2 0.46 1 0.6160458563573982 0.18
true 0.0038330949159595396 169 4 2 0.46 2 0.6160458563573982 0.61
true 0.00014367694214575955 861 4 2 0.46 3 0.6160458563573982 3.67
true 4.386783574839015e-6 970 4 2 0.46 4 0.6160458563573982 5.3
true 0.23022115534681065 77 4 3 0.46 1 0.6160458563573982 0.17
true 0.0051367990883823085 480 4 3 0.46 2 0.6160458563573982 1.54
true 6.394502062823104e-5 671 4 3 0.46 3 0.6160458563573982 2.98
true 7.616494756116736e-5 726 4 3 0.46 4 0.6160458563573982 4.14
true 0.29662588843432103 88 4 4 0.46 1 0.6160458563573982 0.18
true 0.0038901456976113274 333 4 4 0.46 2 0.6160458563573982 1.12
true 0.00013165603012735283 985 4 4 0.46 3 0.6160458563573982 4.31
true 0.0037245909539963956 1507 4 4 0.46 4 0.6160458563573982 7.89
true 0.08301083827300476 60 4 1 0.48 1 0.6083694839555642 0.12
true 0.007774784497582121 202 4 1 0.48 2 0.6083694839555642 0.64
true 1.835681419259938e-6 849 4 1 0.48 3 0.6083694839555642 3.46
true 1.3545090893352096e-7 624 4 1 0.48 4 0.6083694839555642 3.6
true 0.19966301870458922 59 4 2 0.48 1 0.6083694839555642 0.13
true 0.0039417996086647256 374 4 2 0.48 2 0.6083694839555642 1.17
true 0.023332447802787704 505 4 2 0.48 3 0.6083694839555642 2.25
true 2.599958511600997e-5 1619 4 2 0.48 4 0.6083694839555642 8.4
true 0.2609182917718582 67 4 3 0.48 1 0.6083694839555642 0.14
true 0.0052690749873650815 304 4 3 0.48 2 0.6083694839555642 0.96
true 7.976042571058069e-5 404 4 3 0.48 3 0.6083694839555642 1.92
true 0.00010351962069560239 2253 4 3 0.48 4 0.6083694839555642 11.57
true 0.19280688131233387 95 4 4 0.48 1 0.6083694839555642 0.2
true 0.0039856174251173965 470 4 4 0.48 2 0.6083694839555642 1.52
true 0.00014352643538449728 1245 4 4 0.48 3 0.6083694839555642 4.96
true 6.899917009473011e-6 3074 4 4 0.48 4 0.6083694839555642 16.05
true 0.09042107659426968 56 4 1 0.5 1 0.5983249863531529 0.13
true 0.00789435182990772 248 4 1 0.5 2 0.5983249863531529 0.82
true 3.0941838709552805e-6 845 4 1 0.5 3 0.5983249863531529 3.53
true 2.1822969165086192e-7 410 4 1 0.5 4 0.5983249863531529 2.58
true 0.22229250737449005 67 4 2 0.5 1 0.5983249863531529 0.13
true 0.13456412796676057 454 4 2 0.5 2 0.5983249863531529 1.47
true 0.024571112337882395 804 4 2 0.5 3 0.5983249863531529 3.32
true 0.0001330113326162008 1168 4 2 0.5 4 0.5983249863531529 6.16
true 0.22993350915223068 73 4 3 0.5 1 0.5983249863531529 0.15
true 0.0053544066840736275 213 4 3 0.5 2 0.5983249863531529 0.76
true 0.07518358712488345 719 4 3 0.5 3 0.5983249863531529 3.05
true 0.0003919985038186395 1378 4 3 0.5 4 0.5983249863531529 7.5
true 0.30266940803211717 151 4 4 0.5 1 0.5983249863531529 0.31
true 0.004050736447904157 623 4 4 0.5 2 0.5983249863531529 2.0
true 0.00010718259890478421 393 4 4 0.5 3 0.5983249863531529 1.85
true 7.000732319525915e-5 2684 4 4 0.5 4 0.5983249863531529 13.57
true 0.09782405075956879 50 4 1 0.52 1 0.5868107723568018 0.1
true 0.00794273769532955 268 4 1 0.52 2 0.5868107723568018 0.82
true 1.2021560416575205e-6 1569 4 1 0.52 3 0.5868107723568018 6.06
true 1.4856325969425654e-7 403 4 1 0.52 4 0.5868107723568018 2.53
true 0.2028019853928512 63 4 2 0.52 1 0.5868107723568018 0.13
true 0.004046965498568589 333 4 2 0.52 2 0.5868107723568018 1.04
true 0.0004002325546721974 670 4 2 0.52 3 0.5868107723568018 2.8
true 3.3485768224650325e-6 693 4 2 0.52 4 0.5868107723568018 4.0
true 0.23644265504507286 57 4 3 0.52 1 0.5868107723568018 0.13
true 0.005397570887618682 437 4 3 0.52 2 0.5868107723568018 1.48
true 4.4406919695594294e-5 1198 4 3 0.52 3 0.5868107723568018 5.09
true 6.018088145561447e-6 1867 4 3 0.52 4 0.5868107723568018 9.71
true 0.17643686598655672 119 4 4 0.52 1 0.5868107723568018 0.25
true 0.004086012573237055 814 4 4 0.52 2 0.5868107723568018 2.6
true 0.00012742200534388015 2039 4 4 0.52 3 0.5868107723568018 8.5
true 0.004254477000438142 2303 4 4 0.52 4 0.5868107723568018 11.97
true 0.1052537578661994 70 4 1 0.54 1 0.5743296695059446 0.12
true 0.007929727636856843 205 4 1 0.54 2 0.5743296695059446 0.69
true 5.022999192860755e-6 775 4 1 0.54 3 0.5743296695059446 3.17
true 2.394967215657573e-7 495 4 1 0.54 4 0.5743296695059446 3.06
true 0.21083306526662912 95 4 2 0.54 1 0.5743296695059446 0.17
true 0.12286354611684333 320 4 2 0.54 2 0.5743296695059446 0.96
true 0.004031955865247738 387 4 2 0.54 3 0.5743296695059446 1.78
true 6.474746321594171e-7 1418 4 2 0.54 4 0.5743296695059446 7.42
true 0.21949746131944825 72 4 3 0.54 1 0.5743296695059446 0.15
true 0.005402327070309909 212 4 3 0.54 2 0.5743296695059446 0.76
true 0.00017955754160794055 928 4 3 0.54 3 0.5743296695059446 3.87
true 1.5742762994893262e-5 659 4 3 0.54 4 0.5743296695059446 3.92
true 0.30993731231010124 97 4 4 0.54 1 0.5743296695059446 0.2
true 0.004094628276315487 260 4 4 0.54 2 0.5743296695059446 0.86
true 0.0010388076399840684 613 4 4 0.54 3 0.5743296695059446 2.7
true 6.334694834606025e-5 1163 4 4 0.54 4 0.5743296695059446 6.35
true 0.11271854931745434 58 4 1 0.56 1 0.5611752507606665 0.13
true 0.007862849828555396 296 4 1 0.56 2 0.5611752507606665 0.94
true 1.6441748708295734e-5 816 4 1 0.56 3 0.5611752507606665 3.32
true 3.202836461602132e-6 541 4 1 0.56 4 0.5611752507606665 3.29
true 0.2055471640141469 59 4 2 0.56 1 0.5611752507606665 0.12
true 0.004028871495197678 216 4 2 0.56 2 0.5611752507606665 0.7
true 0.026704539826889112 662 4 2 0.56 3 0.5611752507606665 2.69
true 1.6647134560565657e-6 1347 4 2 0.56 4 0.5611752507606665 7.22
true 0.21185753822740527 84 4 3 0.56 1 0.5611752507606665 0.17
true 0.0053721134255590814 284 4 3 0.56 2 0.5611752507606665 0.93
true 0.00014616632677525812 476 4 3 0.56 3 0.5611752507606665 2.16
true 7.601382840875341e-5 848 4 3 0.56 4 0.5611752507606665 4.98
true 0.2862190426159649 72 4 4 0.56 1 0.5611752507606665 0.16
true 0.004077728405176367 375 4 4 0.56 2 0.5611752507606665 1.17
true 0.00027472313992280006 745 4 4 0.56 3 0.5611752507606665 3.15
true 4.916000716471969e-5 2810 4 4 0.56 4 0.5611752507606665 14.24
true 0.12020520191038508 56 4 1 0.58 1 0.5475360323215799 0.12
true 0.007748369857071391 187 4 1 0.58 2 0.5475360323215799 0.61
true 0.0006906608989209473 438 4 1 0.58 3 0.5475360323215799 1.9
true 8.234123455297393e-8 469 4 1 0.58 4 0.5475360323215799 2.89
true 0.20017831527667135 59 4 2 0.58 1 0.5475360323215799 0.13
true 0.1115143069595636 352 4 2 0.58 2 0.5475360323215799 1.1
true 0.027351862510295616 1878 4 2 0.58 3 0.5475360323215799 7.28
true 3.618138434924312e-5 725 4 2 0.58 4 0.5475360323215799 4.24
true 0.20305496442361237 74 4 3 0.58 1 0.5475360323215799 0.15
true 0.005310426789211638 222 4 3 0.58 2 0.5475360323215799 0.74
true 0.00022212570103850396 739 4 3 0.58 3 0.5475360323215799 3.21
true 1.4239977883486373e-5 2692 4 3 0.58 4 0.5475360323215799 13.64
true 0.2845006553606857 73 4 4 0.58 1 0.5475360323215799 0.16
true 0.00403654338820493 284 4 4 0.58 2 0.5475360323215799 0.93
true 0.00016293402300616988 878 4 4 0.58 3 0.5475360323215799 3.93
true 0.0001270065794914954 2000 4 4 0.58 4 0.5475360323215799 10.55
true 0.12769479515829235 38 4 1 0.6 1 0.533549180191324 0.08
true 0.007592632320885362 207 4 1 0.6 2 0.533549180191324 0.66
true 1.0909327204933206e-6 835 4 1 0.6 3 0.533549180191324 3.53
true 1.3374062002302622e-7 761 4 1 0.6 4 0.533549180191324 4.26
true 0.19233775489571475 59 4 2 0.6 1 0.533549180191324 0.11
true 0.003914890321977033 228 4 2 0.6 2 0.533549180191324 0.75
true 1.5294268438936776e-6 863 4 2 0.6 3 0.533549180191324 3.59
true 8.290400371674389e-6 1295 4 2 0.6 4 0.533549180191324 6.96
true 0.1935437854541886 86 4 3 0.6 1 0.533549180191324 0.17
true 0.0052202983629015915 250 4 3 0.6 2 0.533549180191324 0.92
true 5.9279072582130166e-5 1345 4 3 0.6 3 0.533549180191324 5.7
true 3.817996947473127e-5 2308 4 3 0.6 4 0.533549180191324 11.98
true 0.14521438224915456 88 4 4 0.6 1 0.533549180191324 0.19
true 0.003974143759734983 426 4 4 0.6 2 0.533549180191324 1.4
true 0.0002232087189414922 421 4 4 0.6 3 0.533549180191324 2.02
true 0.002327050290969468 921 4 4 0.6 4 0.533549180191324 5.34
true 0.1351630191392117 73 4 1 0.62 1 0.5193262561278011 0.16
true 0.007402165527753135 201 4 1 0.62 2 0.5193262561278011 0.68
true 1.588182742540134e-7 1072 4 1 0.62 3 0.5193262561278011 4.4
true 2.432782971184544e-7 373 4 1 0.62 4 0.5193262561278011 2.48
true 0.18696691103500085 62 4 2 0.62 1 0.5193262561278011 0.13
true 0.0038290105553434595 289 4 2 0.62 2 0.5193262561278011 0.91
true 0.028646957769866838 1388 4 2 0.62 3 0.5193262561278011 5.71
true 9.130288836645128e-7 876 4 2 0.62 4 0.5193262561278011 4.79
true 0.18409104720489136 64 4 3 0.62 1 0.5193262561278011 0.14
true 0.005106337832703793 278 4 3 0.62 2 0.5193262561278011 0.9
true 0.00023077281612930248 376 4 3 0.62 3 0.5193262561278011 1.82
true 2.7114623293430135e-5 2883 4 3 0.62 4 0.5193262561278011 14.98
true 0.28132486098061815 66 4 4 0.62 1 0.5193262561278011 0.15
true 0.0038969823030286788 413 4 4 0.62 2 0.5193262561278011 1.34
true 0.0002087342779975715 2066 4 4 0.62 3 0.5193262561278011 8.45
true 3.503197999941976e-5 1378 4 4 0.62 4 0.5193262561278011 7.33
true 0.14258559043441854 63 4 1 0.64 1 0.5049645940759805 0.13
true 0.0071823276212264475 262 4 1 0.64 2 0.5049645940759805 0.84
true 6.2180277895507174e-6 796 4 1 0.64 3 0.5049645940759805 3.3
true 3.366332124166149e-8 462 4 1 0.64 4 0.5049645940759805 2.87
true 0.18106507005189248 84 4 2 0.64 1 0.5049645940759805 0.16
true 0.0037275096242786743 269 4 2 0.64 2 0.5049645940759805 0.85
true 3.0289026416385756e-5 592 4 2 0.64 3 0.5049645940759805 2.5
true 2.539837756407315e-5 1209 4 2 0.64 4 0.5049645940759805 6.31
true 0.1749795868635161 61 4 3 0.64 1 0.5049645940759805 0.14
true 0.0049698413029596504 239 4 3 0.64 2 0.5049645940759805 0.79
true 0.0009345661978056308 487 4 3 0.64 3 0.5049645940759805 2.24
true 2.8870812689725984e-5 1673 4 3 0.64 4 0.5049645940759805 8.66
true 0.13123610785407905 96 4 4 0.64 1 0.5049645940759805 0.2
true 0.0037951169416543667 736 4 4 0.64 2 0.5049645940759805 2.34
true 0.00021474023552393862 485 4 4 0.64 3 0.5049645940759805 2.24
true 0.00016116447875551276 1921 4 4 0.64 4 0.5049645940759805 10.82
true 0.14993843242706728 63 4 1 0.66 1 0.49055177436486347 0.13
true 0.006939639400640407 486 4 1 0.66 2 0.49055177436486347 1.55
true 0.00019382028007619567 385 4 1 0.66 3 0.49055177436486347 1.87
true 4.52002756334835e-8 513 4 1 0.66 4 0.49055177436486347 3.28
true 0.17272105496863338 88 4 2 0.66 1 0.49055177436486347 0.16
true 0.09106562526593395 219 4 2 0.66 2 0.49055177436486347 0.75
true 0.0001656513169872309 623 4 2 0.66 3 0.49055177436486347 2.65
true 1.664036634704824e-5 1172 4 2 0.66 4 0.49055177436486347 6.32
true 0.16627719951495415 69 4 3 0.66 1 0.49055177436486347 0.14
true 0.004817937106512478 216 4 3 0.66 2 0.49055177436486347 0.74
true 0.00039838115181069683 595 4 3 0.66 3 0.49055177436486347 2.52
true 2.741555843562467e-5 1684 4 3 0.66 4 0.49055177436486347 8.91
true 0.12470874772653667 83 4 4 0.66 1 0.49055177436486347 0.17
true 0.0036841979712377015 350 4 4 0.66 2 0.49055177436486347 1.15
true 0.00020575522673697832 1150 4 4 0.66 3 0.49055177436486347 4.82
true 0.00128882533055448 448 4 4 0.66 4 0.49055177436486347 2.97
true 0.15719943475906084 56 4 1 0.68 1 0.4761670391572981 0.12
true 0.006679726701741828 215 4 1 0.68 2 0.4761670391572981 0.68
true 3.7389374407670317e-6 957 4 1 0.68 3 0.4761670391572981 3.67
true 3.5360367056647135e-7 351 4 1 0.68 4 0.4761670391572981 2.61
true 0.1641614658293743 74 4 2 0.68 1 0.4761670391572981 0.14
true 0.003488206448783615 661 4 2 0.68 2 0.4761670391572981 2.0
true 2.5446433479375807e-5 580 4 2 0.68 3 0.4761670391572981 2.46
true 9.420866056430999e-7 730 4 2 0.68 4 0.4761670391572981 3.96
true 0.1579931007169185 58 4 3 0.68 1 0.4761670391572981 0.12
true 0.0046512056713604215 227 4 3 0.68 2 0.4761670391572981 0.83
true 6.159653849561557e-5 796 4 3 0.68 3 0.4761670391572981 3.59
true 0.0035807465812499975 1266 4 3 0.68 4 0.4761670391572981 7.03
true 0.11849555932970471 77 4 4 0.68 1 0.4761670391572981 0.17
true 0.00356205618131486 319 4 4 0.68 2 0.4761670391572981 1.07
true 0.00022765788509615525 735 4 4 0.68 3 0.4761670391572981 3.29
true 0.00010991116942279944 1072 4 4 0.68 4 0.4761670391572981 5.83
true 0.16434893467153355 43 4 1 0.7 1 0.46188152135118604 0.09
true 0.0064078742700474645 262 4 1 0.7 2 0.46188152135118604 0.81
true 1.0944284058567177e-5 512 4 1 0.7 3 0.46188152135118604 2.14
true 4.336386940639869e-7 798 4 1 0.7 4 0.46188152135118604 4.4
true 0.1559291961078264 80 4 2 0.7 1 0.46188152135118604 0.15
true 0.0033560869206013255 279 4 2 0.7 2 0.46188152135118604 0.86
true 2.3452820811564745e-5 1269 4 2 0.7 3 0.46188152135118604 5.04
true 3.6725384991997956e-6 1085 4 2 0.7 4 0.46188152135118604 5.85
true 0.15012474035562362 73 4 3 0.7 1 0.46188152135118604 0.15
true 0.00447531575917041 258 4 3 0.7 2 0.46188152135118604 0.86
true 5.689987905194149e-5 980 4 3 0.7 3 0.46188152135118604 4.07
true 0.0010325437909142199 1900 4 3 0.7 4 0.46188152135118604 10.18
true 0.11259336921541124 100 4 4 0.7 1 0.46188152135118604 0.2
true 0.0034323682864028093 640 4 4 0.7 2 0.46188152135118604 2.0
true 0.07528429831847946 716 4 4 0.7 3 0.46188152135118604 3.17
true 4.662378642938947e-5 1522 4 4 0.7 4 0.46188152135118604 7.87
true 0.1644912476316459 67 4 1 0.72 1 0.4477581467864862 0.12
true 0.006128135010918967 176 4 1 0.72 2 0.4477581467864862 0.58
true 1.5576659596616693e-6 649 4 1 0.72 3 0.4477581467864862 2.83
true 2.989205624137625e-7 475 4 1 0.72 4 0.4477581467864862 3.01
true 0.14812150475994326 67 4 2 0.72 1 0.4477581467864862 0.12
true 0.0032195614126528105 271 4 2 0.72 2 0.4477581467864862 0.9
true 5.057128061175531e-6 1006 4 2 0.72 3 0.4477581467864862 4.03
true 4.183484795000636e-6 1632 4 2 0.72 4 0.4477581467864862 8.24
true 0.1426638156454437 83 4 3 0.72 1 0.4477581467864862 0.17
true 0.004291817699056288 356 4 3 0.72 2 0.4477581467864862 1.16
true 0.00027388972491304564 408 4 3 0.72 3 0.4477581467864862 1.91
true 8.327798828161592e-5 1037 4 3 0.72 4 0.4477581467864862 5.51
true 0.10699805991157633 141 4 4 0.72 1 0.4477581467864862 0.28
true 0.0032962382964653175 407 4 4 0.72 2 0.4477581467864862 1.29
true 4.8414050450723556e-5 450 4 4 0.72 3 0.4477581467864862 2.09
true 0.0016815391410120728 1820 4 4 0.72 4 0.4477581467864862 10.26
true 0.15610731207729434 92 4 1 0.74 1 0.433851572131634 0.19
true 0.005845349606374395 160 4 1 0.74 2 0.433851572131634 0.56
true 1.1020250662019393e-7 416 4 1 0.74 3 0.433851572131634 1.86
true 2.763718287557282e-8 591 4 1 0.74 4 0.433851572131634 3.68
true 0.14072965105659457 61 4 2 0.74 1 0.433851572131634 0.13
true 0.0741292725407375 347 4 2 0.74 2 0.433851572131634 1.13
true 0.0002590956253724075 440 4 2 0.74 3 0.433851572131634 2.02
true 3.834753953824155e-7 628 4 2 0.74 4 0.433851572131634 3.94
true 0.13560353088502572 73 4 3 0.74 1 0.433851572131634 0.15
true 0.004104840053730833 233 4 3 0.74 2 0.433851572131634 0.84
true 5.5509193999029684e-5 768 4 3 0.74 3 0.433851572131634 3.39
true 0.004354849486215913 2016 4 3 0.74 4 0.433851572131634 10.84
true 0.10170264037946178 125 4 4 0.74 1 0.433851572131634 0.27
true 0.003155885310789988 479 4 4 0.74 2 0.433851572131634 1.47
true 0.0002723309914208216 1277 4 4 0.74 3 0.433851572131634 5.35
true 0.0011589484587102156 2006 4 4 0.74 4 0.433851572131634 10.46
true 0.1481784140934959 44 4 1 0.76 1 0.4202082855607151 0.09
true 0.005561824977461438 302 4 1 0.76 2 0.4202082855607151 1.0
true 3.8898485354987855e-7 759 4 1 0.76 3 0.4202082855607151 3.22
true 1.4034692741304866e-7 459 4 1 0.76 4 0.4202082855607151 2.77
true 0.13374317486998424 62 4 2 0.76 1 0.4202082855607151 0.13
true 0.002936707317948123 483 4 2 0.76 2 0.4202082855607151 1.46
true 0.02829928747361335 1545 4 2 0.76 3 0.4202082855607151 6.25
true 2.3061261230916674e-6 1034 4 2 0.76 4 0.4202082855607151 5.62
true 0.12893154921841737 82 4 3 0.76 1 0.4202082855607151 0.16
true 0.003916068511886565 486 4 3 0.76 2 0.4202082855607151 1.52
true 0.00021961541601859627 393 4 3 0.76 3 0.4202082855607151 1.84
true 8.296688070045613e-6 2404 4 3 0.76 4 0.4202082855607151 12.26
true 0.09669857281628208 102 4 4 0.76 1 0.4202082855607151 0.21
true 0.0030138577065150912 414 4 4 0.76 2 0.4202082855607151 1.34
true 0.00025533755884060705 1871 4 4 0.76 3 0.4202082855607151 7.93
true 2.815224044219744e-5 4581 4 4 0.76 4 0.4202082855607151 23.41
true 0.14069254069852155 50 4 1 0.78 1 0.4068668907949228 0.1
true 0.005281980916749973 219 4 1 0.78 2 0.4068668907949228 0.76
true 9.654046250973103e-6 565 4 1 0.78 3 0.4068668907949228 2.33
true 2.984388153270956e-6 656 4 1 0.78 4 0.4068668907949228 3.75
true 0.12714853700245807 75 4 2 0.78 1 0.4068668907949228 0.15
true 0.0027969415804979525 190 4 2 0.78 2 0.4068668907949228 0.64
true 0.00021097418864213235 378 4 2 0.78 3 0.4068668907949228 1.84
true 1.3030385875023587e-6 980 4 2 0.78 4 0.4068668907949228 5.4
true 0.12263339701049923 82 4 3 0.78 1 0.4068668907949228 0.18
true 0.0037280048582090477 377 4 3 0.78 2 0.4068668907949228 1.24
true 0.00030616901366855204 583 4 3 0.78 3 0.4068668907949228 2.75
true 8.299049142185266e-5 1573 4 3 0.78 4 0.4068668907949228 8.4
true 0.09197672427495218 89 4 4 0.78 1 0.4068668907949228 0.2
true 0.030997766940052532 429 4 4 0.78 2 0.4068668907949228 1.41
true 0.00019333744521572716 1370 4 4 0.78 3 0.4068668907949228 5.58
true 0.0016499270508999186 1473 4 4 0.78 4 0.4068668907949228 8.33
true 0.13363305537835973 65 4 1 0.8 1 0.3938585502319869 0.15
true 0.005007154404710112 400 4 1 0.8 2 0.3938585502319869 1.27
true 1.7888609233851493e-5 832 4 1 0.8 3 0.3938585502319869 3.55
true 3.633087355403575e-7 467 4 1 0.8 4 0.3938585502319869 3.15
true 0.12092952959185813 96 4 2 0.8 1 0.3938585502319869 0.18
true 0.0026558664577537583 303 4 2 0.8 2 0.3938585502319869 0.95
true 0.00034423197543551054 397 4 2 0.8 3 0.3938585502319869 1.82
true 2.525344192264023e-5 546 4 2 0.8 4 0.3938585502319869 3.44
true 0.11669540135073096 80 4 3 0.8 1 0.3938585502319869 0.15
true 0.003541570260915191 404 4 3 0.8 2 0.3938585502319869 1.3
true 4.144262739624871e-5 1501 4 3 0.8 3 0.3938585502319869 6.02
true 0.00019326124007958598 1470 4 3 0.8 4 0.3938585502319869 7.66
true 0.08752166151115845 79 4 4 0.8 1 0.3938585502319869 0.17
true 0.0027322862189450015 179 4 4 0.8 2 0.3938585502319869 0.68
true 0.027876857438710698 986 4 4 0.8 3 0.3938585502319869 4.17
true 0.0003543189190980123 988 4 4 0.8 4 0.3938585502319869 5.88
true 0.12698191971669354 57 4 1 0.82 1 0.38120754717639876 0.12
true 0.004740057952987209 223 4 1 0.82 2 0.38120754717639876 0.71
true 7.222660710626272e-7 361 4 1 0.82 3 0.38120754717639876 1.67
true 1.2607534506936524e-6 805 4 1 0.82 4 0.38120754717639876 4.7
true 0.11507018841394387 66 4 2 0.82 1 0.38120754717639876 0.13
true 0.0025189824928913696 500 4 2 0.82 2 0.38120754717639876 1.51
true 1.6743692211551586e-5 1836 4 2 0.82 3 0.38120754717639876 7.39
true 1.945427803057287e-5 507 4 2 0.82 4 0.38120754717639876 3.24
true 0.1110991365913927 81 4 3 0.82 1 0.38120754717639876 0.17
true 0.003358957607295913 610 4 3 0.82 2 0.38120754717639876 1.96
true 0.00027730596336387564 537 4 3 0.82 3 0.38120754717639876 2.41
true 0.00013116365184070075 980 4 3 0.82 4 0.38120754717639876 5.9
true 0.08332468433457922 79 4 4 0.82 1 0.38120754717639876 0.16
true 0.00259346481472833 247 4 4 0.82 2 0.38120754717639876 0.83
true 4.229808144012859e-5 880 4 4 0.82 3 0.38120754717639876 3.81
true 8.10722747535686e-5 950 4 4 0.82 4 0.38120754717639876 5.42
true 0.12072080376568922 49 4 1 0.84 1 0.36893192506274924 0.11
true 0.00448087221337673 157 4 1 0.84 2 0.36893192506274924 0.54
true 3.997582360137919e-7 730 4 1 0.84 3 0.36893192506274924 3.0
true 1.383817181621616e-6 421 4 1 0.84 4 0.36893192506274924 2.93
true 0.10955272030028454 56 4 2 0.84 1 0.36893192506274924 0.13
true 0.0023860395133962486 394 4 2 0.84 2 0.36893192506274924 1.19
true 0.0001954663219933539 1103 4 2 0.84 3 0.36893192506274924 4.46
true 8.840941794091561e-5 793 4 2 0.84 4 0.36893192506274924 4.4
true 0.10583012417216209 62 4 3 0.84 1 0.36893192506274924 0.14
true 0.003181616143696849 663 4 3 0.84 2 0.36893192506274924 2.1
true 0.0002368366062447206 1476 4 3 0.84 3 0.36893192506274924 6.05
true 1.2470619976741778e-5 1820 4 3 0.84 4 0.36893192506274924 9.41
true 0.07937245324305431 89 4 4 0.84 1 0.36893192506274924 0.18
true 0.02695538127319283 286 4 4 0.84 2 0.36893192506274924 0.95
true 0.00021161941399597262 1228 4 4 0.84 3 0.36893192506274924 5.13
true 7.985527764819977e-6 3615 4 4 0.84 4 0.36893192506274924 18.77
true 0.11483046701248745 54 4 1 0.86 1 0.35704416557853136 0.13
true 0.004235337234214709 169 4 1 0.86 2 0.35704416557853136 0.56
true 4.35952927724248e-6 816 4 1 0.86 3 0.35704416557853136 3.24
true 2.309149876977834e-6 1245 4 1 0.86 4 0.35704416557853136 6.75
true 0.1043601324884767 98 4 2 0.86 1 0.35704416557853136 0.2
true 0.0022571347171561895 362 4 2 0.86 2 0.35704416557853136 1.14
true 2.2839693156029295e-5 511 4 2 0.86 3 0.35704416557853136 2.25
true 1.2223573328806747e-6 2437 4 2 0.86 4 0.35704416557853136 12.46
true 0.10086965310045737 60 4 3 0.86 1 0.35704416557853136 0.13
true 0.0030097189212008137 299 4 3 0.86 2 0.35704416557853136 1.01
true 0.00013032186117558261 950 4 3 0.86 3 0.35704416557853136 4.14
true 0.0007569999164222888 735 4 3 0.86 4 0.35704416557853136 4.16
true 0.07565202505559755 81 4 4 0.86 1 0.35704416557853136 0.17
true 0.004100749040231805 735 4 4 0.86 2 0.35704416557853136 2.36
true 0.00017864469726140697 496 4 4 0.86 3 0.35704416557853136 2.32
true 0.00011531967821806766 865 4 4 0.86 4 0.35704416557853136 4.76
true 0.10929108261745518 51 4 1 0.88 1 0.34555187407953597 0.11
true 0.003993308356081027 197 4 1 0.88 2 0.34555187407953597 0.67
true 2.503089617245102e-7 543 4 1 0.88 3 0.34555187407953597 2.45
true 1.1266645832952449e-7 681 4 1 0.88 4 0.34555187407953597 4.05
true 0.09947436845426663 52 4 2 0.88 1 0.34555187407953597 0.1
true 0.052223143281156265 200 4 2 0.88 2 0.34555187407953597 0.68
true 0.0008030158062880544 615 4 2 0.88 3 0.34555187407953597 2.67
true 9.072011515898204e-6 799 4 2 0.88 4 0.34555187407953597 4.44
true 0.09620184636456341 59 4 3 0.88 1 0.34555187407953597 0.12
true 0.0028443146144345546 309 4 3 0.88 2 0.34555187407953597 1.02
true 0.00013772109566863774 1621 4 3 0.88 3 0.34555187407953597 6.46
true 1.710628167302571e-5 1623 4 3 0.88 4 0.34555187407953597 8.36
true 0.07215122513601886 86 4 4 0.88 1 0.34555187407953597 0.17
true 0.002200632230744473 701 4 4 0.88 2 0.34555187407953597 2.19
true 0.00012312155631399868 1635 4 4 0.88 3 0.34555187407953597 6.86
true 0.000128191529391114 2509 4 4 0.88 4 0.34555187407953597 13.22
true 0.1040834303430479 46 4 1 0.9 1 0.3344584477916396 0.11
true 0.0037656811521725175 197 4 1 0.9 2 0.3344584477916396 0.62
true 0.003987163964506268 614 4 1 0.9 3 0.3344584477916396 2.65
true 4.8560224008564745e-8 478 4 1 0.9 4 0.3344584477916396 2.89
true 0.09487696848874658 73 4 2 0.9 1 0.3344584477916396 0.13
true 0.0020137304823661384 314 4 2 0.9 2 0.3344584477916396 0.96
true 0.0001617630725599395 1034 4 2 0.9 3 0.3344584477916396 4.11
true 1.4891367351360651e-5 1892 4 2 0.9 4 0.3344584477916396 9.6
true 0.09180906101222776 68 4 3 0.9 1 0.3344584477916396 0.14
true 0.002685495730887555 477 4 3 0.9 2 0.3344584477916396 1.53
true 3.8626672593818544e-5 814 4 3 0.9 3 0.3344584477916396 3.52
true 3.2605551990342686e-5 1140 4 3 0.9 4 0.3344584477916396 6.31
true 0.06885677100435177 71 4 4 0.9 1 0.3344584477916396 0.15
true 0.0020796705914534197 347 4 4 0.9 2 0.3344584477916396 1.1
true 0.0019835460244771314 655 4 4 0.9 3 0.3344584477916396 2.85
true 9.102333645294447e-5 2871 4 4 0.9 4 0.3344584477916396 15.03
true 0.0991861857632374 61 4 1 0.92 1 0.32376370904828605 0.12
true 0.0035489238986951 244 4 1 0.92 2 0.32376370904828605 0.78
true 1.5132700798003995e-7 487 4 1 0.92 3 0.32376370904828605 2.15
true 1.4237889874868515e-6 521 4 1 0.92 4 0.32376370904828605 3.13
true 0.09055320541958176 78 4 2 0.92 1 0.32376370904828605 0.16
true 0.001925763566027805 185 4 2 0.92 2 0.32376370904828605 0.66
true 0.00012595647439930802 781 4 2 0.92 3 0.32376370904828605 3.25
true 7.091451643403968e-7 1368 4 2 0.92 4 0.32376370904828605 7.3
true 0.3663955569749695 78 4 3 0.92 1 0.32376370904828605 0.16
true 0.002533795423507623 348 4 3 0.92 2 0.32376370904828605 1.14
true 0.000254853079430258 580 4 3 0.92 3 0.32376370904828605 2.51
true 0.0004044523123829709 3114 4 3 0.92 4 0.32376370904828605 16.16
true 0.0657564342879824 112 4 4 0.92 1 0.32376370904828605 0.23
true 0.001964750238545518 345 4 4 0.92 2 0.32376370904828605 1.1
true 0.002115883955874545 1081 4 4 0.92 3 0.32376370904828605 4.61
true 0.0010018662099808145 1365 4 4 0.92 4 0.32376370904828605 7.35
true 0.09458345685574199 50 4 1 0.94 1 0.313464491748325 0.12
true 0.0033439142280909384 229 4 1 0.94 2 0.313464491748325 0.73
true 8.346180932483627e-7 627 4 1 0.94 3 0.313464491748325 2.67
true 1.5988337922490103e-6 463 4 1 0.94 4 0.313464491748325 2.8
true 0.08648566136496141 82 4 2 0.94 1 0.313464491748325 0.16
true 0.0017934735386782585 374 4 2 0.94 2 0.313464491748325 1.12
true 0.024395730061595455 709 4 2 0.94 3 0.313464491748325 2.92
true 8.795658602012146e-7 1123 4 2 0.94 4 0.313464491748325 5.9
true 0.08378429594976046 68 4 3 0.94 1 0.313464491748325 0.14
true 0.0023894739837479104 295 4 3 0.94 2 0.313464491748325 0.95
true 0.0002381256817567956 1647 4 3 0.94 3 0.313464491748325 6.94
true 5.086625298589276e-5 2099 4 3 0.94 4 0.313464491748325 10.95
true 0.06283828645891708 85 4 4 0.94 1 0.313464491748325 0.19
true 0.0018517424847729752 494 4 4 0.94 2 0.313464491748325 1.59
true 0.0001613625670824903 690 4 4 0.94 3 0.313464491748325 3.04
true 0.0004711924091456432 1823 4 4 0.94 4 0.313464491748325 9.7
true 0.09025655129149646 69 4 1 0.96 1 0.30355517414078803 0.13
true 0.07504570294104196 220 4 1 0.96 2 0.30355517414078803 0.72
true 8.788934103942658e-6 610 4 1 0.96 3 0.30355517414078803 2.66
true 9.529185213130731e-8 426 4 1 0.96 4 0.30355517414078803 2.71
true 0.08265589973642062 90 4 2 0.96 1 0.30355517414078803 0.16
true 0.0016894544283818091 369 4 2 0.96 2 0.30355517414078803 1.09
true 0.0002871244485969371 332 4 2 0.96 3 0.30355517414078803 1.6
true 1.2911611030064218e-6 772 4 2 0.96 4 0.30355517414078803 4.37
true 0.0801222325892147 72 4 3 0.96 1 0.30355517414078803 0.15
true 0.002252721097753337 430 4 3 0.96 2 0.30355517414078803 1.39
true 0.00020281479215887113 1517 4 3 0.96 3 0.30355517414078803 5.99
true 0.00010767063474857268 1402 4 3 0.96 4 0.30355517414078803 7.47
true 0.06009163559500033 99 4 4 0.96 1 0.30355517414078803 0.21
true 0.0017466400071682459 384 4 4 0.96 2 0.30355517414078803 1.25
true 8.507726821750661e-5 1192 4 4 0.96 3 0.30355517414078803 4.94
true 1.0070685765223297e-5 1621 4 4 0.96 4 0.30355517414078803 8.43
true 0.08618696907174384 54 4 1 0.98 1 0.2940281549265302 0.11
true 0.002965965887046562 270 4 1 0.98 2 0.2940281549265302 0.84
true 0.00029696893205866104 413 4 1 0.98 3 0.2940281549265302 1.91
true 3.6328625130366277e-7 531 4 1 0.98 4 0.2940281549265302 3.21
true 0.07905199389195311 77 4 2 0.98 1 0.2940281549265302 0.15
true 0.04139500815293726 295 4 2 0.98 2 0.2940281549265302 0.89
true 0.0001077681931702934 1150 4 2 0.98 3 0.2940281549265302 4.67
true 1.3071794652624869e-5 2013 4 2 0.98 4 0.2940281549265302 10.38
true 0.36206276350050387 68 4 3 0.98 1 0.2940281549265302 0.14
true 0.0021227509117570653 284 4 3 0.98 2 0.2940281549265302 0.92
true 0.00046008463825904694 1055 4 3 0.98 3 0.2940281549265302 4.44
true 0.0003012218467043544 1681 4 3 0.98 4 0.2940281549265302 8.97
true 0.0575058130407403 108 4 4 0.98 1 0.2940281549265302 0.23
true 0.0016465683840365813 386 4 4 0.98 2 0.2940281549265302 1.24
true 1.9023144348775944e-5 1484 4 4 0.98 3 0.2940281549265302 6.25
true 7.013288261503714e-5 1789 4 4 0.98 4 0.2940281549265302 9.43
true 0.08235904676597444 39 4 1 1.0 1 0.28487427258540376 0.1
true 0.0027933159523465534 195 4 1 1.0 2 0.28487427258540376 0.65
true 9.295569135481241e-6 1007 4 1 1.0 3 0.28487427258540376 4.14
true 3.065590343909186e-6 782 4 1 1.0 4 0.28487427258540376 4.64
true 0.07565830979060487 123 4 2 1.0 1 0.28487427258540376 0.23
true 0.0015003971720194131 230 4 2 1.0 2 0.28487427258540376 0.76
true 9.30913755066709e-5 1141 4 2 1.0 3 0.28487427258540376 4.66
true 0.00015566781289361176 2832 4 2 1.0 4 0.28487427258540376 14.59
true 0.07342454786165782 79 4 3 1.0 1 0.28487427258540376 0.16
true 0.0020007630445073588 275 4 3 1.0 2 0.28487427258540376 0.92
true 0.0002657872890750035 1221 4 3 1.0 3 0.28487427258540376 4.96
true 6.730607471446455e-5 1626 4 3 1.0 4 0.28487427258540376 8.32
true 0.05506931665365257 70 4 4 1.0 1 0.28487427258540376 0.15
true 0.0015526408530818353 469 4 4 1.0 2 0.28487427258540376 1.49
true 0.00011096823487527496 719 4 4 1.0 3 0.28487427258540376 3.25
true 0.0011695990144850177 1250 4 4 1.0 4 0.28487427258540376 6.64