g_converged	min_loss	iter	nsites	nqubits0	h	nlayers	time
TRUE	3,27E-08	260	8	5	0	1	6,24
TRUE	1,43E-09	276	8	5	0,02	1	1,05
TRUE	0,200000141	186	8	5	0,04	1	0,76
TRUE	6,66E-07	235	8	5	0,06	1	0,9
TRUE	0,399999924	196	8	5	0,08	1	1,34
TRUE	0,200007958	163	8	5	0,1	1	1,25
TRUE	0,199995987	170	8	5	0,12	1	1,27
TRUE	0,40000052	168	8	5	0,14	1	1,36
TRUE	0,200002207	150	8	5	0,16	1	1,26
TRUE	0,200004158	191	8	5	0,18	1	1,51
TRUE	0,200006272	235	8	5	0,2	1	1,73
TRUE	1,46E-11	267	8	5	0,22	1	2
TRUE	2,25E-11	265	8	5	0,24	1	2,09
TRUE	0,200014467	150	8	5	0,26	1	1,31
TRUE	4,73E-11	190	8	5	0,28	1	1,56
TRUE	6,94E-10	161	8	5	0,3	1	1,43
TRUE	0,000109962	229	8	5	0,32	1	1,83
TRUE	0,000252154	281	8	5	0,34	1	2,26
TRUE	0,001031047	572	8	5	0,36	1	4,36
TRUE	0,005746491	224	8	5	0,38	1	1,87
TRUE	0,217358377	203	8	5	0,4	1	1,62
TRUE	0,210800264	320	8	5	0,42	1	2,6
TRUE	0,052782782	193	8	5	0,44	1	1,1
TRUE	0,333288017	225	8	5	0,46	1	1,19
TRUE	0,178301809	172	8	5	0,48	1	1,58
TRUE	0,362131967	390	8	5	0,5	1	3,57
TRUE	0,430001986	171	8	5	0,52	1	1,64
TRUE	0,23271561	232	8	5	0,54	1	2
TRUE	0,355546017	378	8	5	0,56	1	2,95
TRUE	0,234079368	316	8	5	0,58	1	2,43
TRUE	0,235930318	206	8	5	0,6	1	1,68
TRUE	1,02E-10	448	8	5	0	2	3,35
TRUE	2,09E-09	815	8	5	0,02	2	5,27
TRUE	5,07E-09	1015	8	5	0,04	2	6,5
TRUE	0,099998137	1018	8	5	0,06	2	7,7
TRUE	0,20000052	897	8	5	0,08	2	10,32
TRUE	2,37E-10	1352	8	5	0,1	2	15,14
TRUE	4,33E-09	629	8	5	0,12	2	8,23
TRUE	5,87E-08	1171	8	5	0,14	2	13,02
TRUE	0,200001088	1141	8	5	0,16	2	14,45
TRUE	4,16E-11	1566	8	5	0,18	2	17,83
TRUE	3,32E-09	1475	8	5	0,2	2	16,84
TRUE	4,63E-09	853	8	5	0,22	2	10,19
TRUE	7,12E-10	404	8	5	0,24	2	5,91
TRUE	0,000102746	489	8	5	0,26	2	6,9
TRUE	1,34E-10	1172	8	5	0,28	2	14,62
TRUE	0,000171312	481	8	5	0,3	2	6,8
TRUE	0,000245538	1240	8	5	0,32	2	14,87
TRUE	0,00041442	1218	8	5	0,34	2	14,94
TRUE	0,00068037	618	8	5	0,36	2	8,48
TRUE	0,000908157	1354	8	5	0,38	2	16,39
TRUE	0,002417738	1200	8	5	0,4	2	14,68
TRUE	0,017627258	1079	8	5	0,42	2	14,09
TRUE	0,005654011	1581	8	5	0,44	2	13,28
TRUE	0,012458481	497	8	5	0,46	2	4,66
TRUE	0,119655719	1802	8	5	0,48	2	23,15
TRUE	0,014932981	2357	8	5	0,5	2	32,06
TRUE	0,015942321	891	8	5	0,52	2	12,19
TRUE	0,160162211	1326	8	5	0,54	2	18,72
TRUE	0,017830433	698	8	5	0,56	2	9,01
TRUE	0,018677963	1127	8	5	0,58	2	14,82
TRUE	0,292368071	776	8	5	0,6	2	10,9
TRUE	3,92E-11	2387	8	5	0	3	21,91
TRUE	5,71E-08	1559	8	5	0,02	3	14,14
TRUE	6,04E-09	1605	8	5	0,04	3	14,83
TRUE	1,53E-11	1359	8	5	0,06	3	23,08
TRUE	1,24E-10	1633	8	5	0,08	3	27,06
TRUE	1,16E-11	1066	8	5	0,1	3	19,24
TRUE	4,38E-09	964	8	5	0,12	3	17,84
TRUE	1,49E-11	1441	8	5	0,14	3	24,37
TRUE	1,21E-11	1298	8	5	0,16	3	22,67
TRUE	3,19E-10	1601	8	5	0,18	3	26,26
TRUE	5,53E-11	1360	8	5	0,2	3	24,24
TRUE	4,58E-10	1692	8	5	0,22	3	30,1
TRUE	9,35E-10	1199	8	5	0,24	3	22,12
TRUE	9,25E-10	1104	8	5	0,26	3	21,34
TRUE	8,42E-10	1826	8	5	0,28	3	33,48
TRUE	0,00018977	1713	8	5	0,3	3	31,08
TRUE	0,000226412	1742	8	5	0,32	3	32,4
TRUE	0,000651013	3287	8	5	0,34	3	58,05
TRUE	0,001118535	2071	8	5	0,36	3	36,36
TRUE	0,005722266	2260	8	5	0,38	3	40,88
TRUE	0,021110807	6352	8	5	0,4	3	109,22
TRUE	0,003994213	4276	8	5	0,42	3	73,01
TRUE	0,000516815	18003	8	5	0,44	3	193,04
TRUE	0,000319752	3073	8	5	0,46	3	41,91
TRUE	0,040330642	2600	8	5	0,48	3	47,27
TRUE	0,129684428	3371	8	5	0,5	3	62,4
TRUE	0,0004151	1507	8	5	0,52	3	33,81
TRUE	0,136542718	4113	8	5	0,54	3	76,37
TRUE	0,138996715	3246	8	5	0,56	3	59,19
TRUE	0,130559051	6037	8	5	0,58	3	105,89
TRUE	0,05275077	1279	8	5	0,6	3	25,67
TRUE	5,56E-09	1948	8	5	0	4	26,61
TRUE	1,25E-10	1402	8	5	0,02	4	21,16
TRUE	9,87E-08	2110	8	5	0,04	4	26,45
TRUE	1,15E-11	4887	8	5	0,06	4	95,12
TRUE	5,50E-10	3141	8	5	0,08	4	67,94
TRUE	4,00E-10	6257	8	5	0,1	4	126,33
TRUE	7,72E-09	1461	8	5	0,12	4	34,74
TRUE	5,73E-10	2322	8	5	0,14	4	52,19
TRUE	7,71E-10	4976	8	5	0,16	4	97,69
TRUE	8,15E-10	2875	8	5	0,18	4	61,6
TRUE	1,40E-11	1484	8	5	0,2	4	35,7
TRUE	9,46E-10	3773	8	5	0,22	4	84,17
TRUE	0,100158762	3579	8	5	0,24	4	78,36
TRUE	0,000161773	2627	8	5	0,26	4	62,02
TRUE	0,000264913	2142	8	5	0,28	4	50,49
TRUE	0,000281536	4024	8	5	0,3	4	87,91
TRUE	0,000710797	10011	8	5	0,32	4	229,89
TRUE	0,000595227	7856	8	5	0,34	4	166,99
TRUE	0,001668202	1982	8	5	0,36	4	48,91
TRUE	0,001138259	8322	8	5	0,38	4	187,37
TRUE	0,022627438	10910	8	5	0,4	4	236,85
TRUE	0,009141228	11693	8	5	0,42	4	253,18
TRUE	0,005221956	5639	8	5	0,44	4	82,8
TRUE	0,010808358	6843	8	5	0,46	4	161,94
TRUE	0,010811784	9773	8	5	0,48	4	230,06
TRUE	0,000169433	16697	8	5	0,5	4	392,94
TRUE	0,012768205	4193	8	5	0,52	4	99,48
TRUE	0,013508598	10842	8	5	0,54	4	252,22
TRUE	0,014428984	4027	8	5	0,56	4	95,38
TRUE	0,040814012	7528	8	5	0,58	4	173,43
TRUE	0,015643636	2315	8	5	0,6	4	56,39
TRUE	0,166667384	203	8	6	0	1	1,35
TRUE	0,166667171	309	8	6	0,02	1	2,27
TRUE	7,43E-08	575	8	6	0,04	1	3,91
TRUE	0,166667754	339	8	6	0,06	1	2,27
TRUE	1,04E-10	409	8	6	0,08	1	2,55
TRUE	0,166667182	212	8	6	0,1	1	1,47
TRUE	3,43E-10	220	8	6	0,12	1	1,61
TRUE	6,01E-09	205	8	6	0,14	1	1,58
TRUE	0,166676339	249	8	6	0,16	1	1,77
TRUE	0,166680991	244	8	6	0,18	1	1,81
TRUE	2,49E-10	259	8	6	0,2	1	1,92
TRUE	3,69E-11	386	8	6	0,22	1	2,76
TRUE	5,33E-10	359	8	6	0,24	1	2,63
TRUE	7,57E-10	256	8	6	0,26	1	1,9
TRUE	0,000104526	317	8	6	0,28	1	2,56
TRUE	0,166787998	197	8	6	0,3	1	1,73
TRUE	0,16683553	255	8	6	0,32	1	2,06
TRUE	0,166959247	198	8	6	0,34	1	1,69
TRUE	0,001282545	259	8	6	0,36	1	1,93
TRUE	0,333069501	147	8	6	0,38	1	1,34
TRUE	0,024316302	373	8	6	0,4	1	3,14
TRUE	0,015400291	368	8	6	0,42	1	2,96
TRUE	0,057324633	292	8	6	0,44	1	2,43
TRUE	0,195597578	184	8	6	0,46	1	1,72
TRUE	0,190623497	284	8	6	0,48	1	2,23
TRUE	0,347455518	288	8	6	0,5	1	2,42
TRUE	0,415216482	295	8	6	0,52	1	2,59
TRUE	0,283935951	285	8	6	0,54	1	2,39
TRUE	0,243771337	405	8	6	0,56	1	3,18
TRUE	0,350052894	364	8	6	0,58	1	2,98
TRUE	0,418289964	152	8	6	0,6	1	1,36
TRUE	2,28E-10	2666	8	6	0	2	29,73
TRUE	1,37E-09	935	8	6	0,02	2	11,46
TRUE	2,75E-09	2428	8	6	0,04	2	26,32
TRUE	2,61E-09	2731	8	6	0,06	2	28,82
TRUE	0,166691218	1387	8	6	0,08	2	14,63
TRUE	3,30E-10	1458	8	6	0,1	2	16,2
TRUE	0,166665262	1016	8	6	0,12	2	11,54
TRUE	1,05E-11	1842	8	6	0,14	2	20,3
TRUE	1,88E-11	2464	8	6	0,16	2	26,01
TRUE	7,86E-09	2009	8	6	0,18	2	22,54
TRUE	4,57E-10	485	8	6	0,2	2	6,61
TRUE	6,00E-09	825	8	6	0,22	2	10,22
TRUE	9,77E-10	473	8	6	0,24	2	6,72
TRUE	0,000137806	878	8	6	0,26	2	11,25
TRUE	6,45E-10	1069	8	6	0,28	2	13,61
TRUE	0,000230672	750	8	6	0,3	2	9,77
TRUE	0,000321592	839	8	6	0,32	2	11,16
TRUE	0,00058797	2084	8	6	0,34	2	25,08
TRUE	0,00083372	2387	8	6	0,36	2	31,48
TRUE	0,001010445	1572	8	6	0,38	2	18,76
TRUE	0,014529829	1928	8	6	0,4	2	24,66
TRUE	0,016010388	2343	8	6	0,42	2	28,35
TRUE	0,005317265	2858	8	6	0,44	2	36,78
TRUE	0,010482047	1460	8	6	0,46	2	18,59
TRUE	0,011312113	547	8	6	0,48	2	7,63
TRUE	0,141157353	1509	8	6	0,5	2	20,43
TRUE	0,013364814	997	8	6	0,52	2	12,51
TRUE	0,154707978	1848	8	6	0,54	2	22,86
TRUE	0,160751055	1715	8	6	0,56	2	20,55
TRUE	0,167555552	3896	8	6	0,58	2	48,01
TRUE	0,016446183	1620	8	6	0,6	2	20,17
TRUE	0,000104068	1857	8	6	0	3	30,89
TRUE	1,83E-10	2400	8	6	0,02	3	37,47
TRUE	3,51E-11	1801	8	6	0,04	3	29,27
TRUE	1,79E-11	1794	8	6	0,06	3	28,12
TRUE	6,76E-09	2888	8	6	0,08	3	46,38
TRUE	2,49E-11	905	8	6	0,1	3	16,43
TRUE	3,06E-10	2978	8	6	0,12	3	45,4
TRUE	4,52E-10	1731	8	6	0,14	3	28,15
TRUE	1,09E-11	2234	8	6	0,16	3	35,59
TRUE	2,19E-11	1497	8	6	0,18	3	25,3
TRUE	2,79E-10	870	8	6	0,2	3	16,34
TRUE	6,54E-10	2944	8	6	0,22	3	46,61
TRUE	5,01E-10	1177	8	6	0,24	3	21,72
TRUE	0,000143635	4451	8	6	0,26	3	75,69
TRUE	0,000147914	1263	8	6	0,28	3	24,28
TRUE	0,00023878	2673	8	6	0,3	3	46,26
TRUE	4,59E-10	5196	8	6	0,32	3	87,16
TRUE	0,000599685	3129	8	6	0,34	3	54,71
TRUE	0,001250356	2745	8	6	0,36	3	48,25
TRUE	0,004659126	5307	8	6	0,38	3	94,98
TRUE	0,017662881	9377	8	6	0,4	3	160,53
TRUE	0,003708374	5969	8	6	0,42	3	101,57
TRUE	0,013041174	7504	8	6	0,44	3	127,77
TRUE	0,094360191	8268	8	6	0,46	3	143,06
TRUE	0,094612738	8967	8	6	0,48	3	152,4
TRUE	0,04394401	4102	8	6	0,5	3	75,13
TRUE	0,092717022	2452	8	6	0,52	3	47,28
TRUE	0,064346012	4314	8	6	0,54	3	74,93
TRUE	0,04506876	9183	8	6	0,56	3	156,9
TRUE	0,049169655	5535	8	6	0,58	3	93,92
TRUE	0,037955377	3862	8	6	0,6	3	65,77
TRUE	2,32E-11	3040	8	6	0	4	65,69
TRUE	1,03E-11	3324	8	6	0,02	4	68,2
TRUE	6,09E-09	2752	8	6	0,04	4	58,18
TRUE	4,44E-09	3718	8	6	0,06	4	73,52
TRUE	3,58E-11	3330	8	6	0,08	4	68,41
TRUE	4,06E-11	3020	8	6	0,1	4	62,88
TRUE	1,06E-11	1898	8	6	0,12	4	42,93
TRUE	3,08E-10	3534	8	6	0,14	4	73,62
TRUE	3,47E-11	1351	8	6	0,16	4	32,56
TRUE	3,68E-10	3462	8	6	0,18	4	74,15
TRUE	4,17E-11	1416	8	6	0,2	4	34,55
TRUE	9,13E-10	1406	8	6	0,22	4	38,78
TRUE	8,53E-09	6311	8	6	0,24	4	129,65
TRUE	0,000157055	6406	8	6	0,26	4	135,66
TRUE	0,000275267	3975	8	6	0,28	4	87,68
TRUE	0,000237356	2620	8	6	0,3	4	61,57
TRUE	0,000366272	2853	8	6	0,32	4	65,51
TRUE	0,000195606	2032	8	6	0,34	4	54,05
TRUE	0,00157308	4804	8	6	0,36	4	113,34
TRUE	0,005746588	7574	8	6	0,38	4	171,05
TRUE	0,018909144	5772	8	6	0,4	4	127,13
TRUE	0,002437184	5757	8	6	0,42	4	130,02
TRUE	0,008329445	8197	8	6	0,44	4	177,6
TRUE	0,011077771	14163	8	6	0,46	4	325,25
TRUE	0,000344035	20241	8	6	0,48	4	441,32
TRUE	0,011681704	9108	8	6	0,5	4	213,89
TRUE	0,002141105	20812	8	6	0,52	4	438,93
TRUE	0,041004137	5168	8	6	0,54	4	122,68
TRUE	0,1839787	23527	8	6	0,56	4	530,06
TRUE	0,012549522	30464	8	6	0,58	4	663,35
TRUE	0,013287912	7206	8	6	0,6	4	148,95
TRUE	6,51E-08	427	8	7	0	1	1,66
TRUE	0,285714721	308	8	7	0	1	11,44
TRUE	2,56E-09	267	8	7	0,02	1	1,57
TRUE	0,142858539	239	8	7	0,04	1	1,45
TRUE	7,80E-08	369	8	7	0,06	1	2,06
TRUE	1,77E-10	833	8	7	0,08	1	4,5
TRUE	0,142888417	186	8	7	0,1	1	1,21
TRUE	0,14286154	294	8	7	0,12	1	1,68
TRUE	0,285722021	164	8	7	0,14	1	1,15
TRUE	0,1428669	248	8	7	0,16	1	1,65
TRUE	2,32E-09	349	8	7	0,18	1	2,15
TRUE	3,54E-10	387	8	7	0,2	1	2,29
TRUE	5,27E-11	532	8	7	0,22	1	3,49
TRUE	0,142926784	370	8	7	0,24	1	2,65
TRUE	0,000109164	219	8	7	0,26	1	1,7
TRUE	0,142891726	376	8	7	0,28	1	2,69
TRUE	0,142907068	179	8	7	0,3	1	1,44
TRUE	0,143101293	212	8	7	0,32	1	1,69
TRUE	0,143311454	335	8	7	0,34	1	2,42
TRUE	0,00149423	398	8	7	0,36	1	2,7
TRUE	0,007320066	420	8	7	0,38	1	2,85
TRUE	0,166451357	265	8	7	0,4	1	1,8
TRUE	0,292838937	368	8	7	0,42	1	2,63
TRUE	0,178143137	672	8	7	0,44	1	4,67
TRUE	0,262886731	289	8	7	0,46	1	2,05
TRUE	0,206631512	248	8	7	0,48	1	1,6
TRUE	0,349114853	424	8	7	0,5	1	2,42
TRUE	0,25959965	285	8	7	0,52	1	1,67
TRUE	0,259919083	269	8	7	0,54	1	1,6
TRUE	0,305544963	628	8	7	0,56	1	3,6
TRUE	0,255019226	257	8	7	0,58	1	2,09
TRUE	0,253935133	282	8	7	0,6	1	1,69
TRUE	0,14286286	1420	8	7	0	2	9,08
TRUE	0,142857439	523	8	7	0	2	7,59
TRUE	9,10E-08	2912	8	7	0,02	2	25,54
TRUE	6,11E-10	1261	8	7	0,04	2	11,96
TRUE	1,82E-09	3606	8	7	0,06	2	34,27
TRUE	1,28E-10	1231	8	7	0,08	2	11,16
TRUE	4,55E-10	2274	8	7	0,1	2	20,75
TRUE	1,01E-11	2039	8	7	0,12	2	19,45
TRUE	2,14E-10	1580	8	7	0,14	2	15,22
TRUE	0,1428581	1117	8	7	0,16	2	11,92
TRUE	0,000403634	2130	8	7	0,18	2	21,23
TRUE	3,74E-10	2310	8	7	0,2	2	22,67
TRUE	5,50E-10	1091	8	7	0,22	2	10,5
TRUE	7,81E-10	653	8	7	0,24	2	7,5
TRUE	0,000107237	1558	8	7	0,26	2	16,11
TRUE	0,000139115	2758	8	7	0,28	2	30,08
TRUE	0,000203051	1992	8	7	0,3	2	22,42
TRUE	0,071524806	1438	8	7	0,32	2	15,08
TRUE	0,000471185	1437	8	7	0,34	2	16,76
TRUE	0,000498652	1377	8	7	0,36	2	15,06
TRUE	0,000971306	1709	8	7	0,38	2	17,86
TRUE	0,018270167	2249	8	7	0,4	2	24,13
TRUE	0,017269136	1102	8	7	0,42	2	12,39
TRUE	0,066767386	752	8	7	0,44	2	8,84
TRUE	0,010336397	530	8	7	0,46	2	6,5
TRUE	0,154239075	1731	8	7	0,48	2	18,15
TRUE	0,012203077	2619	8	7	0,5	2	23,87
TRUE	0,013010796	1451	8	7	0,52	2	12,34
TRUE	0,1911474	1491	8	7	0,54	2	14,22
TRUE	0,302844549	1032	8	7	0,56	2	9,59
TRUE	0,015187046	948	8	7	0,58	2	9,59
TRUE	0,015795751	1566	8	7	0,6	2	14,61
TRUE	2,82E-09	2864	8	7	0	3	35,79
TRUE	2,26E-09	1464	8	7	0,02	3	19,97
TRUE	3,25E-09	1014	8	7	0,04	3	15,08
TRUE	0,000150868	4288	8	7	0,06	3	55,95
TRUE	2,02E-11	2212	8	7	0,08	3	30,28
TRUE	7,31E-09	1811	8	7	0,1	3	26,13
TRUE	4,86E-09	1202	8	7	0,12	3	18,5
TRUE	1,98E-11	2046	8	7	0,14	3	28,32
TRUE	3,01E-10	1705	8	7	0,16	3	23,7
TRUE	0,142885999	1401	8	7	0,18	3	20,79
TRUE	4,21E-10	3138	8	7	0,2	3	47,04
TRUE	0,142914223	1851	8	7	0,22	3	28,02
TRUE	0,14292292	1712	8	7	0,24	3	27
TRUE	0,000107267	3204	8	7	0,26	3	49,53
TRUE	0,00017078	2775	8	7	0,28	3	44,09
TRUE	0,000229245	2286	8	7	0,3	3	34,61
TRUE	0,000158105	4750	8	7	0,32	3	75,68
TRUE	0,000469469	2964	8	7	0,34	3	45,66
TRUE	0,001280921	3187	8	7	0,36	3	47,42
TRUE	0,145627413	4752	8	7	0,38	3	68,48
TRUE	0,027668956	2994	8	7	0,4	3	44,98
TRUE	0,011098055	6808	8	7	0,42	3	103,13
TRUE	0,041889764	3095	8	7	0,44	3	48,38
TRUE	0,000215275	3257	8	7	0,46	3	48,31
TRUE	0,000296936	6174	8	7	0,48	3	73,24
TRUE	0,226383775	4622	8	7	0,5	3	59,43
TRUE	0,000363313	1865	8	7	0,52	3	23,18
TRUE	0,03567538	2180	8	7	0,54	3	28,27
TRUE	0,034633997	7304	8	7	0,56	3	86,08
TRUE	0,000748787	2865	8	7	0,58	3	35,7
TRUE	0,114857721	2895	8	7	0,6	3	36,92
TRUE	1,55E-10	3775	8	7	0	4	65,64
TRUE	4,71E-10	2222	8	7	0,02	4	42,37
TRUE	6,33E-09	3822	8	7	0,04	4	65,55
TRUE	4,59E-11	2579	8	7	0,06	4	47,91
TRUE	6,41E-09	1774	8	7	0,08	4	34,39
TRUE	2,89E-10	7895	8	7	0,1	4	129,07
TRUE	2,37E-10	2354	8	7	0,12	4	43,79
TRUE	2,43E-11	4566	8	7	0,14	4	76,38
TRUE	0,142873141	3363	8	7	0,16	4	61,6
TRUE	5,74E-10	3273	8	7	0,18	4	59,24
TRUE	3,53E-11	4933	8	7	0,2	4	89,75
TRUE	7,11E-10	2529	8	7	0,22	4	50,77
TRUE	0,07148041	3407	8	7	0,24	4	69,77
TRUE	1,16E-11	2474	8	7	0,26	4	52,27
TRUE	0,000244687	5074	8	7	0,28	4	104,53
TRUE	0,00024373	3530	8	7	0,3	4	68,31
TRUE	0,000354019	3235	8	7	0,32	4	66,38
TRUE	0,000232894	13777	8	7	0,34	4	256,7
TRUE	0,001757244	2375	8	7	0,36	4	48,98
TRUE	0,002930519	23559	8	7	0,38	4	452,16
TRUE	0,004036404	4692	8	7	0,4	4	89,79
TRUE	0,002616829	22546	8	7	0,42	4	426,64
TRUE	0,000595037	10850	8	7	0,44	4	204,73
TRUE	0,000950079	13163	8	7	0,46	4	243,71
TRUE	0,061729609	10161	8	7	0,48	4	155,52
TRUE	0,010541011	27275	8	7	0,5	4	426,67
TRUE	0,01127709	1863	8	7	0,52	4	33,62
TRUE	0,007924221	10471	8	7	0,54	4	162,92
TRUE	0,010499515	8409	8	7	0,56	4	127,81
TRUE	0,075514119	11763	8	7	0,58	4	182,92
TRUE	0,017105966	8632	8	7	0,6	4	134,34
TRUE	0,125001843	312	8	8	0	1	1,31
TRUE	0,25000022	426	8	8	0,02	1	1,76
TRUE	0,125000192	414	8	8	0,04	1	1,68
TRUE	1,44E-10	400	8	8	0,06	1	1,64
TRUE	1,66E-09	440	8	8	0,08	1	1,84
TRUE	0,125002198	335	8	8	0,1	1	1,49
TRUE	0,12500389	278	8	8	0,12	1	1,27
TRUE	8,00E-09	257	8	8	0,14	1	1,24
TRUE	0,125012017	344	8	8	0,16	1	1,66
TRUE	0,125019574	568	8	8	0,18	1	2,6
TRUE	3,20E-10	237	8	8	0,2	1	1,15
TRUE	0,125042989	427	8	8	0,22	1	2,03
TRUE	6,79E-10	415	8	8	0,24	1	1,97
TRUE	9,58E-10	411	8	8	0,26	1	1,96
TRUE	0,125032576	393	8	8	0,28	1	2,08
TRUE	0,250033696	323	8	8	0,3	1	1,77
TRUE	0,1252243	535	8	8	0,32	1	2,69
TRUE	0,125389652	466	8	8	0,34	1	2,33
TRUE	0,001404379	319	8	8	0,36	1	1,63
TRUE	0,25430331	405	8	8	0,38	1	3,79
TRUE	0,025753883	458	8	8	0,4	1	3,98
TRUE	0,016364139	338	8	8	0,42	1	3,13
TRUE	0,177723799	351	8	8	0,44	1	3,2
TRUE	0,207104845	257	8	8	0,46	1	1,67
TRUE	0,416491627	234	8	8	0,48	1	1,66
TRUE	0,382152469	282	8	8	0,5	1	2,27
TRUE	0,384295849	304	8	8	0,52	1	2,47
TRUE	0,301042781	414	8	8	0,54	1	2,92
TRUE	0,255649129	403	8	8	0,56	1	2,85
TRUE	0,253299274	351	8	8	0,58	1	2,39
TRUE	0,4186101	332	8	8	0,6	1	1,83
TRUE	6,66E-08	3396	8	8	0	2	21,58
TRUE	3,59E-09	707	8	8	0,02	2	5,11
TRUE	2,89E-09	2724	8	8	0,04	2	17,89
TRUE	5,36E-09	2740	8	8	0,06	2	17,8
TRUE	3,79E-09	2504	8	8	0,08	2	16,72
TRUE	0,000165186	1555	8	8	0,1	2	10,45
TRUE	6,86E-09	1570	8	8	0,12	2	10,75
TRUE	1,57E-11	2823	8	8	0,14	2	19,73
TRUE	9,92E-09	2568	8	8	0,16	2	17,66
TRUE	6,70E-10	2041	8	8	0,18	2	13,85
TRUE	3,51E-10	708	8	8	0,2	2	5,59
TRUE	0,125045936	1491	8	8	0,22	2	10,9
TRUE	7,03E-10	733	8	8	0,24	2	6,01
TRUE	9,97E-09	2375	8	8	0,26	2	18,06
TRUE	0,062374087	1611	8	8	0,28	2	13,31
TRUE	0,000181852	809	8	8	0,3	2	6,9
TRUE	0,000298731	844	8	8	0,32	2	7,8
TRUE	0,000392148	1256	8	8	0,34	2	10,2
TRUE	0,000482156	3806	8	8	0,36	2	31,3
TRUE	0,001091582	1995	8	8	0,38	2	28,3
TRUE	0,134982428	2211	8	8	0,4	2	29,26
TRUE	0,017468544	3190	8	8	0,42	2	43,88
TRUE	0,00577132	1750	8	8	0,44	2	25,43
TRUE	0,009156704	1582	8	8	0,46	2	14,17
TRUE	0,009857542	880	8	8	0,48	2	9,99
TRUE	0,010720151	2030	8	8	0,5	2	25,52
TRUE	0,011444513	1199	8	8	0,52	2	14,39
TRUE	0,215739411	1503	8	8	0,54	2	16,88
TRUE	0,224919585	2795	8	8	0,56	2	30,45
TRUE	0,013433491	3642	8	8	0,58	2	41,37
TRUE	0,291986796	3550	8	8	0,6	2	30,55
TRUE	1,51E-11	2619	8	8	0	3	25,81
TRUE	2,23E-10	7342	8	8	0,02	3	71,79
TRUE	3,93E-10	3249	8	8	0,04	3	30,01
TRUE	3,16E-09	1516	8	8	0,06	3	15,45
TRUE	8,42E-09	3054	8	8	0,08	3	30,15
TRUE	7,67E-08	1516	8	8	0,1	3	16,34
TRUE	6,20E-09	2590	8	8	0,12	3	25,71
TRUE	6,26E-10	3493	8	8	0,14	3	33,9
TRUE	3,65E-11	2700	8	8	0,16	3	26,65
TRUE	0,125062842	1244	8	8	0,18	3	13,93
TRUE	0,125040512	1421	8	8	0,2	3	15,95
TRUE	5,27E-10	2783	8	8	0,22	3	28,8
TRUE	0,000138083	2585	8	8	0,24	3	28,87
TRUE	0,000119816	2263	8	8	0,26	3	24,59
TRUE	9,31E-10	2518	8	8	0,28	3	31,07
TRUE	9,44E-10	2786	8	8	0,3	3	33,86
TRUE	0,000210224	6670	8	8	0,32	3	74,04
TRUE	0,000637401	2847	8	8	0,34	3	33
TRUE	0,001331549	3612	8	8	0,36	3	59,38
TRUE	0,0092399	4029	8	8	0,38	3	86,45
TRUE	0,029168542	3593	8	8	0,4	3	66,67
TRUE	0,00092041	6942	8	8	0,42	3	127,74
TRUE	0,135022367	7625	8	8	0,44	3	138,27
TRUE	0,189885417	8453	8	8	0,46	3	108,68
TRUE	0,129169923	5981	8	8	0,48	3	92,49
TRUE	0,123396991	7353	8	8	0,5	3	122,02
TRUE	0,00036763	5497	8	8	0,52	3	88,28
TRUE	0,000450008	13762	8	8	0,54	3	208,03
TRUE	0,146469559	4475	8	8	0,56	3	71,19
TRUE	0,001102793	6031	8	8	0,58	3	89,36
TRUE	0,155935614	7138	8	8	0,6	3	94,11
TRUE	8,60E-09	2684	8	8	0	4	34,93
TRUE	8,63E-09	2480	8	8	0,02	4	33,35
TRUE	2,81E-10	3296	8	8	0,04	4	42,73
TRUE	6,19E-09	2152	8	8	0,06	4	30,23
TRUE	7,73E-09	2725	8	8	0,08	4	38,46
TRUE	1,36E-11	3379	8	8	0,1	4	44,36
TRUE	1,19E-11	2977	8	8	0,12	4	39,3
TRUE	4,16E-11	2123	8	8	0,14	4	32,3
TRUE	3,48E-09	4655	8	8	0,16	4	59,32
TRUE	5,25E-11	3015	8	8	0,18	4	44,61
TRUE	1,88E-10	3472	8	8	0,2	4	47,69
TRUE	9,65E-10	2509	8	8	0,22	4	39,9
TRUE	0,000124227	3688	8	8	0,24	4	53,74
TRUE	0,000110553	4751	8	8	0,26	4	68,25
TRUE	0,125154688	2519	8	8	0,28	4	40,79
TRUE	0,000227037	1710	8	8	0,3	4	31,21
TRUE	0,125287295	4054	8	8	0,32	4	63,41
TRUE	0,000438188	3535	8	8	0,34	4	56,57
TRUE	0,000587171	4129	8	8	0,36	4	105,25
TRUE	0,005960308	8397	8	8	0,38	4	199,87
TRUE	0,003527797	21573	8	8	0,4	4	539,09
TRUE	0,01315191	11639	8	8	0,42	4	300,47
TRUE	0,007653701	7297	8	8	0,44	4	113,51
TRUE	0,008857963	23021	8	8	0,46	4	422,91
TRUE	0,08021861	7818	8	8	0,48	4	163,5
TRUE	0,007398546	6711	8	8	0,5	4	134
TRUE	0,000401308	18575	8	8	0,52	4	362,27
TRUE	0,150023631	5112	8	8	0,54	4	105,1
TRUE	0,117749773	9445	8	8	0,56	4	187,81
TRUE	0,012112654	28114	8	8	0,58	4	541,83
TRUE	0,132718521	9543	8	8	0,6	4	172,53
TRUE	1,77E-08	560	9	1	0	1	7,95
TRUE	1,95E-07	171	9	1	0,02	1	0,91
TRUE	1,37E-08	215	9	1	0,04	1	1,04
TRUE	2,78E-08	328	9	1	0,06	1	2,41
TRUE	2,13E-09	416	9	1	0,08	1	2,97
TRUE	6,19E-08	168	9	1	0,1	1	1,37
TRUE	1,12E-10	234	9	1	0,12	1	1,81
TRUE	1,94E-10	186	9	1	0,14	1	1,59
TRUE	3,47E-07	169	9	1	0,16	1	1,5
TRUE	5,48E-09	178	9	1	0,18	1	1,61
TRUE	8,99E-09	297	9	1	0,2	1	2,32
TRUE	1,50E-11	194	9	1	0,22	1	1,67
TRUE	2,06E-10	243	9	1	0,24	1	2,08
TRUE	3,01E-10	258	9	1	0,26	1	2,34
TRUE	4,33E-10	191	9	1	0,28	1	1,76
TRUE	6,04E-09	197	9	1	0,3	1	1,91
TRUE	8,35E-10	207	9	1	0,32	1	2,11
TRUE	0,000114804	210	9	1	0,34	1	2,11
TRUE	0,000157188	230	9	1	0,36	1	2,21
TRUE	0,000238634	396	9	1	0,38	1	3,22
TRUE	0,000432973	188	9	1	0,4	1	1,8
TRUE	0,001114839	269	9	1	0,42	1	2,53
TRUE	0,008527316	187	9	1	0,44	1	1,94
TRUE	0,036493121	202	9	1	0,46	1	2,49
TRUE	0,145224402	176	9	1	0,48	1	2,27
TRUE	0,225906192	206	9	1	0,5	1	2,24
TRUE	0,268062569	317	9	1	0,52	1	2,92
TRUE	0,233659488	312	9	1	0,54	1	2,76
TRUE	0,272149163	214	9	1	0,56	1	2,29
TRUE	0,284375616	156	9	1	0,58	1	1,74
TRUE	0,270127415	292	9	1	0,6	1	2,67
TRUE	1,82E-09	420	9	1	0	2	4,16
TRUE	1,11E-09	417	9	1	0,02	2	3,99
TRUE	2,18E-09	416	9	1	0,04	2	4,14
TRUE	2,29E-09	434	9	1	0,06	2	6,57
TRUE	1,16E-09	827	9	1	0,08	2	10,66
TRUE	1,06E-10	454	9	1	0,1	2	7,53
TRUE	2,71E-09	473	9	1	0,12	2	7,61
TRUE	2,20E-11	1035	9	1	0,14	2	13,61
TRUE	4,35E-09	416	9	1	0,16	2	7,13
TRUE	1,77E-10	482	9	1	0,18	2	7,71
TRUE	1,35E-11	820	9	1	0,2	2	10,99
TRUE	2,36E-11	638	9	1	0,22	2	9,07
TRUE	4,76E-10	776	9	1	0,24	2	13,16
TRUE	2,85E-11	421	9	1	0,26	2	7,51
TRUE	6,62E-10	464	9	1	0,28	2	8,65
TRUE	3,23E-10	417	9	1	0,3	2	8,68
TRUE	0,000135235	426	9	1	0,32	2	7,8
TRUE	0,000176822	447	9	1	0,34	2	7,72
TRUE	0,000163621	485	9	1	0,36	2	8,42
TRUE	0,000317584	494	9	1	0,38	2	8,8
TRUE	0,000257054	441	9	1	0,4	2	7,6
TRUE	0,000991736	414	9	1	0,42	2	7,5
TRUE	0,002564073	1274	9	1	0,44	2	18,95
TRUE	0,0031436	2749	9	1	0,46	2	46,69
TRUE	0,011435594	538	9	1	0,48	2	11,01
TRUE	0,051265174	1188	9	1	0,5	2	21,21
TRUE	0,01827366	844	9	1	0,52	2	13,2
TRUE	0,066629069	882	9	1	0,54	2	14,62
TRUE	0,053018615	526	9	1	0,56	2	10,49
TRUE	0,085638702	1212	9	1	0,58	2	19,37
TRUE	0,089625493	1630	9	1	0,6	2	25,51
TRUE	2,90E-07	944	9	1	0	3	14,52
TRUE	1,83E-10	922	9	1	0,02	3	13,12
TRUE	7,66E-07	1075	9	1	0,04	3	14,35
TRUE	7,00E-08	716	9	1	0,06	3	17,14
TRUE	1,83E-10	2105	9	1	0,08	3	40,47
TRUE	1,69E-10	832	9	1	0,1	3	18,03
TRUE	2,08E-09	680	9	1	0,12	3	17,37
TRUE	3,74E-10	2092	9	1	0,14	3	42,12
TRUE	7,23E-09	1561	9	1	0,16	3	31,4
TRUE	4,04E-11	807	9	1	0,18	3	18,72
TRUE	2,14E-11	798	9	1	0,2	3	19,21
TRUE	2,68E-09	1210	9	1	0,22	3	25,76
TRUE	4,47E-10	1280	9	1	0,24	3	26,82
TRUE	3,95E-10	874	9	1	0,26	3	23,86
TRUE	9,78E-10	1839	9	1	0,28	3	41,76
TRUE	5,06E-10	860	9	1	0,3	3	22,13
TRUE	0,00015641	1986	9	1	0,32	3	43,62
TRUE	8,15E-10	962	9	1	0,34	3	25,05
TRUE	0,000221397	1194	9	1	0,36	3	32,69
TRUE	0,000233349	1149	9	1	0,38	3	26,62
TRUE	0,000324282	1162	9	1	0,4	3	28,18
TRUE	0,000532141	3094	9	1	0,42	3	68,13
TRUE	0,001890104	5056	9	1	0,44	3	103,66
TRUE	0,003152209	8438	9	1	0,46	3	204,35
TRUE	0,012067921	1821	9	1	0,48	3	48,8
TRUE	0,030767925	3447	9	1	0,5	3	87,79
TRUE	0,000392653	7076	9	1	0,52	3	147,73
TRUE	0,023617037	3036	9	1	0,54	3	68
TRUE	0,048092859	3582	9	1	0,56	3	88,42
TRUE	0,000642841	5565	9	1	0,58	3	114,79
TRUE	0,022725405	3140	9	1	0,6	3	69,85
TRUE	1,14E-09	2666	9	1	0	4	43,41
TRUE	7,76E-09	2283	9	1	0,02	4	36,7
TRUE	2,21E-10	2026	9	1	0,04	4	40,24
TRUE	5,72E-09	1315	9	1	0,06	4	37,24
TRUE	1,36E-11	1686	9	1	0,08	4	50,64
TRUE	2,96E-11	2363	9	1	0,1	4	59,65
TRUE	5,47E-10	3287	9	1	0,12	4	81,09
TRUE	6,11E-09	2433	9	1	0,14	4	62,16
TRUE	2,44E-10	1479	9	1	0,16	4	43,42
TRUE	0,000116057	2967	9	1	0,18	4	79,05
TRUE	3,43E-11	1958	9	1	0,2	4	52,93
TRUE	4,40E-10	2523	9	1	0,22	4	75,87
TRUE	5,54E-10	1963	9	1	0,24	4	59,71
TRUE	9,25E-10	2725	9	1	0,26	4	71,4
TRUE	7,69E-10	2739	9	1	0,28	4	76,24
TRUE	7,51E-10	1078	9	1	0,3	4	40,19
TRUE	0,000217098	2308	9	1	0,32	4	72,6
TRUE	0,000237581	2464	9	1	0,34	4	72,3
TRUE	0,000346033	2545	9	1	0,36	4	85,57
TRUE	0,000436021	2087	9	1	0,38	4	64,21
TRUE	0,000768293	1291	9	1	0,4	4	51,78
TRUE	0,002696526	5325	9	1	0,42	4	150,58
TRUE	0,000900086	6346	9	1	0,44	4	189,07
TRUE	0,008644142	4341	9	1	0,46	4	142,94
TRUE	0,006150576	6628	9	1	0,48	4	206,39
TRUE	0,036688098	6123	9	1	0,5	4	173,84
TRUE	0,005423449	17613	9	1	0,52	4	503,65
TRUE	0,011347487	8774	9	1	0,54	4	257,93
TRUE	0,045130962	4531	9	1	0,56	4	133,6
TRUE	0,012175726	10507	9	1	0,58	4	289,12
TRUE	0,032832985	17981	9	1	0,6	4	504,28
TRUE	8,49E-07	214	9	2	0	1	1,7
TRUE	5,69E-08	215	9	2	0,02	1	1,78
TRUE	2,23E-07	215	9	2	0,04	1	1,73
TRUE	2,70E-08	179	9	2	0,06	1	1,52
TRUE	3,02E-05	404	9	2	0,08	1	3,07
TRUE	6,94E-08	182	9	2	0,1	1	1,55
TRUE	1,19E-10	258	9	2	0,12	1	2,03
TRUE	2,01E-09	234	9	2	0,14	1	1,85
TRUE	3,41E-10	305	9	2	0,16	1	2,35
TRUE	1,44E-10	299	9	2	0,18	1	2,61
TRUE	8,93E-09	284	9	2	0,2	1	2,45
TRUE	1,39E-11	172	9	2	0,22	1	1,59
TRUE	2,07E-11	199	9	2	0,24	1	1,83
TRUE	2,99E-11	152	9	2	0,26	1	1,55
TRUE	4,27E-11	272	9	2	0,28	1	2,54
TRUE	5,98E-11	270	9	2	0,3	1	2,57
TRUE	8,25E-09	231	9	2	0,32	1	2,29
TRUE	0,000112584	221	9	2	0,34	1	2,33
TRUE	0,000152787	223	9	2	0,36	1	2,03
TRUE	0,000221485	203	9	2	0,38	1	1,91
TRUE	0,000370319	184	9	2	0,4	1	1,87
TRUE	0,000853978	451	9	2	0,42	1	3,95
TRUE	0,005979299	475	9	2	0,44	1	4,42
TRUE	0,025885201	268	9	2	0,46	1	2,76
TRUE	0,108542712	190	9	2	0,48	1	1,97
TRUE	0,177735627	199	9	2	0,5	1	2,05
TRUE	0,219683174	167	9	2	0,52	1	1,87
TRUE	0,193020103	152	9	2	0,54	1	1,67
TRUE	0,232994774	225	9	2	0,56	1	2,18
TRUE	0,236884121	187	9	2	0,58	1	1,84
TRUE	0,24762652	183	9	2	0,6	1	1,92
TRUE	6,58E-09	855	9	2	0	2	12,14
TRUE	2,17E-09	581	9	2	0,02	2	8,06
TRUE	1,10E-09	662	9	2	0,04	2	9,81
TRUE	1,71E-10	834	9	2	0,06	2	12,22
TRUE	7,50E-08	417	9	2	0,08	2	6,72
TRUE	9,85E-08	724	9	2	0,1	2	9,87
TRUE	6,22E-09	1113	9	2	0,12	2	15,73
TRUE	3,53E-10	438	9	2	0,14	2	7,19
TRUE	6,21E-09	515	9	2	0,16	2	7,86
TRUE	2,83E-09	549	9	2	0,18	2	8,4
TRUE	1,42E-11	527	9	2	0,2	2	8,79
TRUE	1,13E-09	1147	9	2	0,22	2	16,35
TRUE	3,19E-11	772	9	2	0,24	2	12,1
TRUE	8,36E-09	547	9	2	0,26	2	8,64
TRUE	5,70E-10	390	9	2	0,28	2	7,02
TRUE	1,64E-11	1132	9	2	0,3	2	16,36
TRUE	7,85E-10	433	9	2	0,32	2	7,55
TRUE	0,00012595	658	9	2	0,34	2	10,64
TRUE	0,000166209	697	9	2	0,36	2	10,96
TRUE	0,000248312	415	9	2	0,38	2	7,54
TRUE	0,000319692	552	9	2	0,4	2	9,91
TRUE	0,000996262	385	9	2	0,42	2	7,65
TRUE	0,004946012	1748	9	2	0,44	2	27,26
TRUE	0,009031578	2643	9	2	0,46	2	41,67
TRUE	0,036175386	2496	9	2	0,48	2	38,5
TRUE	0,044734133	1226	9	2	0,5	2	18,66
TRUE	0,050147886	935	9	2	0,52	2	14,79
TRUE	0,056414246	1218	9	2	0,54	2	18,29
TRUE	0,065822801	858	9	2	0,56	2	14,5
TRUE	0,022955549	633	9	2	0,58	2	11,15
TRUE	0,09899039	1507	9	2	0,6	2	22,75
TRUE	1,15E-09	1582	9	2	0	3	30,87
TRUE	8,42E-09	1118	9	2	0,02	3	24,59
TRUE	5,78E-08	1186	9	2	0,04	3	26,52
TRUE	2,44E-10	1081	9	2	0,06	3	23,16
TRUE	2,02E-10	1043	9	2	0,08	3	22,4
TRUE	1,85E-11	1284	9	2	0,1	3	26,86
TRUE	3,78E-11	1497	9	2	0,12	3	29,11
TRUE	4,19E-10	782	9	2	0,14	3	18,08
TRUE	1,14E-11	2588	9	2	0,16	3	51,25
TRUE	1,15E-10	1341	9	2	0,18	3	28,03
TRUE	9,62E-09	1246	9	2	0,2	3	28,43
TRUE	3,89E-11	1254	9	2	0,22	3	27,45
TRUE	4,03E-10	2353	9	2	0,24	3	44,69
TRUE	5,29E-09	1335	9	2	0,26	3	28,26
TRUE	4,63E-10	2117	9	2	0,28	3	44,06
TRUE	0,000172432	1267	9	2	0,3	3	28,8
TRUE	0,000110704	1461	9	2	0,32	3	32,25
TRUE	0,000135562	2989	9	2	0,34	3	63,79
TRUE	0,00019059	1507	9	2	0,36	3	35,09
TRUE	0,000221178	1560	9	2	0,38	3	34,92
TRUE	0,000420435	1002	9	2	0,4	3	27,89
TRUE	0,000466853	4555	9	2	0,42	3	98,54
TRUE	0,0013277	4467	9	2	0,44	3	95,62
TRUE	0,003381826	5672	9	2	0,46	3	121,75
TRUE	0,016931419	3565	9	2	0,48	3	81,73
TRUE	0,04400202	1622	9	2	0,5	3	38,27
TRUE	0,033060058	2790	9	2	0,52	3	62,85
TRUE	0,035879264	2893	9	2	0,54	3	64,91
TRUE	0,036751386	6577	9	2	0,56	3	141,46
TRUE	0,040607409	5256	9	2	0,58	3	113,76
TRUE	0,203370967	3133	9	2	0,6	3	69,92
TRUE	1,28E-11	2133	9	2	0	4	55,42
TRUE	2,42E-09	1830	9	2	0,02	4	49,79
TRUE	7,33E-08	1742	9	2	0,04	4	55,8
TRUE	6,17E-09	1262	9	2	0,06	4	40,79
TRUE	4,35E-10	1890	9	2	0,08	4	53,72
TRUE	1,20E-10	2131	9	2	0,1	4	59,92
TRUE	1,96E-11	1944	9	2	0,12	4	51,44
TRUE	2,23E-11	1972	9	2	0,14	4	60,21
TRUE	5,28E-09	1224	9	2	0,16	4	39,94
TRUE	3,01E-10	1619	9	2	0,18	4	48,43
TRUE	2,36E-11	2350	9	2	0,2	4	65,24
TRUE	3,46E-10	1701	9	2	0,22	4	52,67
TRUE	2,81E-09	1240	9	2	0,24	4	39
TRUE	0,00022705	3430	9	2	0,26	4	90,14
TRUE	6,47E-10	2608	9	2	0,28	4	72,14
TRUE	0,000109851	1914	9	2	0,3	4	54,84
TRUE	2,18E-11	1579	9	2	0,32	4	49,79
TRUE	0,000163308	1623	9	2	0,34	4	49,99
TRUE	0,000241235	1760	9	2	0,36	4	66,38
TRUE	0,000188286	1724	9	2	0,38	4	56,58
TRUE	0,000551608	2398	9	2	0,4	4	82,94
TRUE	0,001379227	2004	9	2	0,42	4	61,28
TRUE	0,001647733	5425	9	2	0,44	4	154,47
TRUE	0,006360491	11238	9	2	0,46	4	307,61
TRUE	0,013728704	14112	9	2	0,48	4	413,07
TRUE	0,015102681	7973	9	2	0,5	4	219,17
TRUE	0,027116255	13786	9	2	0,52	4	380,85
TRUE	0,006444623	12360	9	2	0,54	4	342,11
TRUE	0,026605849	12976	9	2	0,56	4	365,59
TRUE	0,028113366	17047	9	2	0,58	4	480,31
TRUE	0,001141667	13388	9	2	0,6	4	371,11
TRUE	3,09E-09	346	9	3	0	1	2,52
TRUE	2,76E-09	240	9	3	0,02	1	1,85
TRUE	0,33333363	235	9	3	0,04	1	1,78
TRUE	2,89E-11	182	9	3	0,06	1	1,69
TRUE	2,57E-09	185	9	3	0,08	1	1,53
TRUE	8,59E-10	246	9	3	0,1	1	1,89
TRUE	1,06E-10	242	9	3	0,12	1	1,83
TRUE	0,333335068	168	9	3	0,14	1	1,43
TRUE	3,47E-09	201	9	3	0,16	1	1,72
TRUE	5,57E-09	317	9	3	0,18	1	2,53
TRUE	8,88E-09	209	9	3	0,2	1	1,87
TRUE	1,39E-11	253	9	3	0,22	1	2,69
TRUE	2,10E-11	198	9	3	0,24	1	1,86
TRUE	3,04E-11	205	9	3	0,26	1	1,88
TRUE	4,36E-11	185	9	3	0,28	1	1,79
TRUE	6,13E-10	172	9	3	0,3	1	1,77
TRUE	8,49E-10	237	9	3	0,32	1	2,18
TRUE	0,00011569	239	9	3	0,34	1	2,28
TRUE	0,000157595	232	9	3	0,36	1	2,11
TRUE	0,000225498	375	9	3	0,38	1	3,4
TRUE	0,000366067	230	9	3	0,4	1	2,23
TRUE	0,000802146	249	9	3	0,42	1	2,23
TRUE	0,336372629	230	9	3	0,44	1	2,33
TRUE	0,346282149	298	9	3	0,46	1	3,03
TRUE	0,307433411	183	9	3	0,48	1	1,92
TRUE	0,269112794	231	9	3	0,5	1	2,31
TRUE	0,239592332	343	9	3	0,52	1	3,12
TRUE	0,17930416	235	9	3	0,54	1	2,37
TRUE	0,236016178	338	9	3	0,56	1	3,22
TRUE	0,224539993	329	9	3	0,58	1	3,17
TRUE	0,237036514	234	9	3	0,6	1	2,23
TRUE	2,04E-10	608	9	3	0	2	8,74
TRUE	1,09E-09	552	9	3	0,02	2	7,89
TRUE	5,81E-09	873	9	3	0,04	2	11,08
TRUE	2,23E-09	1285	9	3	0,06	2	15,41
TRUE	5,95E-08	607	9	3	0,08	2	8,84
TRUE	1,03E-10	647	9	3	0,1	2	9,03
TRUE	1,11E-11	869	9	3	0,12	2	11,46
TRUE	1,27E-09	1530	9	3	0,14	2	18,27
TRUE	1,12E-11	786	9	3	0,16	2	10,77
TRUE	7,00E-09	1248	9	3	0,18	2	16,45
TRUE	9,58E-09	1614	9	3	0,2	2	20,7
TRUE	1,06E-11	1017	9	3	0,22	2	13,99
TRUE	6,05E-09	2049	9	3	0,24	2	26,57
TRUE	9,47E-09	676	9	3	0,26	2	10,22
TRUE	6,69E-10	963	9	3	0,28	2	14,3
TRUE	8,93E-10	1101	9	3	0,3	2	15,52
TRUE	0,000181865	605	9	3	0,32	2	9,88
TRUE	0,00015207	539	9	3	0,34	2	9,04
TRUE	0,000212761	436	9	3	0,36	2	7,71
TRUE	0,000292307	718	9	3	0,38	2	11,89
TRUE	0,000498433	568	9	3	0,4	2	9,91
TRUE	0,000583398	540	9	3	0,42	2	8,97
TRUE	0,001115407	3797	9	3	0,44	2	52,96
TRUE	0,003314962	970	9	3	0,46	2	14,49
TRUE	0,031466267	4129	9	3	0,48	2	61,52
TRUE	0,0475401	1213	9	3	0,5	2	17,96
TRUE	0,056409861	2996	9	3	0,52	2	45,09
TRUE	0,060459714	1468	9	3	0,54	2	21,9
TRUE	0,208455449	939	9	3	0,56	2	14,76
TRUE	0,077779896	1559	9	3	0,58	2	24,43
TRUE	0,085611739	709	9	3	0,6	2	11,98
TRUE	4,39E-09	1515	9	3	0	3	28,06
TRUE	3,30E-10	2355	9	3	0,02	3	41,61
TRUE	4,06E-10	2005	9	3	0,04	3	36,91
TRUE	1,14E-11	1312	9	3	0,06	3	25,27
TRUE	3,28E-10	1606	9	3	0,08	3	29,24
TRUE	5,00E-10	1814	9	3	0,1	3	34,22
TRUE	4,64E-11	1088	9	3	0,12	3	23,46
TRUE	2,16E-10	2323	9	3	0,14	3	41,29
TRUE	4,18E-09	1362	9	3	0,16	3	26,27
TRUE	3,32E-10	2480	9	3	0,18	3	44,6
TRUE	0,000104579	5515	9	3	0,2	3	102,11
TRUE	1,43E-11	2326	9	3	0,22	3	43,16
TRUE	1,73E-11	700	9	3	0,24	3	17,12
TRUE	0,000158315	1204	9	3	0,26	3	25,56
TRUE	0,000197045	1788	9	3	0,28	3	35,64
TRUE	9,69E-10	1896	9	3	0,3	3	38,18
TRUE	0,000116935	1271	9	3	0,32	3	29,64
TRUE	0,000112491	2617	9	3	0,34	3	53,31
TRUE	0,000381521	2445	9	3	0,36	3	50,28
TRUE	0,000679768	1219	9	3	0,38	3	28,51
TRUE	0,000311991	1323	9	3	0,4	3	30,46
TRUE	0,00172693	1976	9	3	0,42	3	44,86
TRUE	0,004914179	2711	9	3	0,44	3	62,42
TRUE	0,006638158	4005	9	3	0,46	3	88,04
TRUE	0,028349135	6275	9	3	0,48	3	131,69
TRUE	0,027025264	1485	9	3	0,5	3	33,6
TRUE	0,000453521	4378	9	3	0,52	3	95,89
TRUE	0,025810519	6111	9	3	0,54	3	125,74
TRUE	0,000654817	15201	9	3	0,56	3	305,18
TRUE	0,056930553	6650	9	3	0,58	3	143,9
TRUE	0,066541009	6682	9	3	0,6	3	141,29
TRUE	1,43E-11	4443	9	3	0	4	112,27
TRUE	5,63E-09	2347	9	3	0,02	4	56,8
TRUE	5,39E-11	3068	9	3	0,04	4	70,64
TRUE	2,37E-11	2987	9	3	0,06	4	71,81
TRUE	2,34E-10	1670	9	3	0,08	4	46,67
TRUE	1,26E-11	7069	9	3	0,1	4	155,29
TRUE	6,94E-08	1717	9	3	0,12	4	47,13
TRUE	8,47E-10	9526	9	3	0,14	4	220,74
TRUE	4,55E-11	2735	9	3	0,16	4	68,01
TRUE	3,54E-10	1387	9	3	0,18	4	41,63
TRUE	9,55E-10	6256	9	3	0,2	4	163,41
TRUE	8,12E-10	1648	9	3	0,22	4	45,69
TRUE	0,000104727	1819	9	3	0,24	4	57,99
TRUE	6,40E-10	2456	9	3	0,26	4	64,34
TRUE	8,20E-10	4803	9	3	0,28	4	125,05
TRUE	2,86E-11	2002	9	3	0,3	4	58,04
TRUE	0,000182767	1971	9	3	0,32	4	61,03
TRUE	0,00054538	5922	9	3	0,34	4	158,59
TRUE	0,0006224	2286	9	3	0,36	4	69,9
TRUE	0,00054465	3276	9	3	0,38	4	91,92
TRUE	0,000590296	1876	9	3	0,4	4	59,11
TRUE	0,001662087	2556	9	3	0,42	4	80,69
TRUE	0,002249973	8001	9	3	0,44	4	221,66
TRUE	0,009256744	6255	9	3	0,46	4	168,45
TRUE	0,010087658	6224	9	3	0,48	4	162,25
TRUE	0,023772931	21402	9	3	0,5	4	582,49
TRUE	0,004250972	16431	9	3	0,52	4	441,13
TRUE	0,015849674	4691	9	3	0,54	4	136,54
TRUE	0,039143277	7404	9	3	0,56	4	212,92
TRUE	0,018511351	4439	9	3	0,58	4	122,76
TRUE	0,018946553	3367	9	3	0,6	4	96,09
TRUE	0,250109624	327	9	4	0	1	2,39
TRUE	0,250000092	322	9	4	0,02	1	2,32
TRUE	0,250000141	185	9	4	0,04	1	1,5
TRUE	0,250000095	216	9	4	0,06	1	2,18
TRUE	3,67E-08	217	9	4	0,08	1	1,78
TRUE	0,250000456	248	9	4	0,1	1	1,85
TRUE	0,25000067	270	9	4	0,12	1	2,08
TRUE	2,05E-10	467	9	4	0,14	1	3,49
TRUE	3,38E-10	252	9	4	0,16	1	2,08
TRUE	5,60E-09	203	9	4	0,18	1	2,1
TRUE	8,83E-08	215	9	4	0,2	1	1,88
TRUE	1,37E-10	251	9	4	0,22	1	2,07
TRUE	2,06E-11	249	9	4	0,24	1	2,24
TRUE	0,250011218	170	9	4	0,26	1	1,71
TRUE	4,34E-10	235	9	4	0,28	1	2,16
TRUE	6,09E-10	304	9	4	0,3	1	2,73
TRUE	0,250042079	239	9	4	0,32	1	2,11
TRUE	0,000115595	239	9	4	0,34	1	2,13
TRUE	0,000157887	234	9	4	0,36	1	2,24
TRUE	0,000230162	220	9	4	0,38	1	2,04
TRUE	0,250163126	298	9	4	0,4	1	2,58
TRUE	0,0008955	224	9	4	0,42	1	1,94
TRUE	0,00627479	295	9	4	0,44	1	2,75
TRUE	0,027166398	228	9	4	0,46	1	2,18
TRUE	0,113940859	367	9	4	0,48	1	3,3
TRUE	0,18699224	283	9	4	0,5	1	2,51
TRUE	0,305721878	232	9	4	0,52	1	2,14
TRUE	0,202681866	197	9	4	0,54	1	1,93
TRUE	0,265526855	526	9	4	0,56	1	4,63
TRUE	0,2480264	360	9	4	0,58	1	3,18
TRUE	0,258483865	262	9	4	0,6	1	2,32
TRUE	2,44E-09	1792	9	4	0	2	21,34
TRUE	3,57E-11	1039	9	4	0,02	2	13,05
TRUE	1,67E-10	866	9	4	0,04	2	11,06
TRUE	3,51E-09	478	9	4	0,06	2	7,53
TRUE	3,12E-08	1120	9	4	0,08	2	13,71
TRUE	1,18E-10	1316	9	4	0,1	2	16,87
TRUE	7,48E-10	823	9	4	0,12	2	10,77
TRUE	1,34E-11	676	9	4	0,14	2	9,43
TRUE	6,04E-08	1175	9	4	0,16	2	15,46
TRUE	2,33E-10	580	9	4	0,18	2	8,75
TRUE	1,41E-11	2131	9	4	0,2	2	27,68
TRUE	2,10E-11	818	9	4	0,22	2	11,69
TRUE	3,24E-10	490	9	4	0,24	2	7,67
TRUE	4,33E-10	1194	9	4	0,26	2	16,77
TRUE	9,98E-09	4650	9	4	0,28	2	60,94
TRUE	8,00E-10	1312	9	4	0,3	2	17,51
TRUE	0,000115275	632	9	4	0,32	2	9,64
TRUE	0,000145519	803	9	4	0,34	2	12,12
TRUE	0,000187384	1445	9	4	0,36	2	20,69
TRUE	0,000211465	600	9	4	0,38	2	9,34
TRUE	0,000198228	826	9	4	0,4	2	12,35
TRUE	0,000474296	1511	9	4	0,42	2	20,76
TRUE	0,002766882	685	9	4	0,44	2	10,97
TRUE	0,003297327	2703	9	4	0,46	2	36,09
TRUE	0,010993285	1677	9	4	0,48	2	23,34
TRUE	0,05563175	933	9	4	0,5	2	14,49
TRUE	0,066192312	994	9	4	0,52	2	16,57
TRUE	0,018670429	1070	9	4	0,54	2	16,11
TRUE	0,080902953	1463	9	4	0,56	2	22,52
TRUE	0,021972029	481	9	4	0,58	2	8,34
TRUE	0,096436342	1167	9	4	0,6	2	18,86
TRUE	4,74E-09	1250	9	4	0	3	23,85
TRUE	1,38E-11	1494	9	4	0,02	3	28,2
TRUE	1,66E-11	3247	9	4	0,04	3	55,82
TRUE	1,60E-10	2038	9	4	0,06	3	37,29
TRUE	1,15E-11	4007	9	4	0,08	3	69,03
TRUE	3,03E-10	2510	9	4	0,1	3	45,5
TRUE	1,32E-11	2344	9	4	0,12	3	41,51
TRUE	1,71E-11	2414	9	4	0,14	3	42,44
TRUE	2,66E-11	2687	9	4	0,16	3	48,1
TRUE	2,00E-11	1841	9	4	0,18	3	35,49
TRUE	1,69E-10	1738	9	4	0,2	3	33,43
TRUE	6,86E-10	1310	9	4	0,22	3	25,68
TRUE	8,35E-10	1328	9	4	0,24	3	28,18
TRUE	3,75E-11	2125	9	4	0,26	3	40,42
TRUE	0,000110549	1714	9	4	0,28	3	38,58
TRUE	0,000120783	1716	9	4	0,3	3	33,95
TRUE	0,000211571	2177	9	4	0,32	3	42,39
TRUE	0,000323212	4936	9	4	0,34	3	92,62
TRUE	0,00011614	691	9	4	0,36	3	17,12
TRUE	0,000232624	1879	9	4	0,38	3	40,65
TRUE	0,000605316	1404	9	4	0,4	3	30,91
TRUE	0,000848767	3490	9	4	0,42	3	70,31
TRUE	0,002272685	5349	9	4	0,44	3	105,59
TRUE	0,007576177	5906	9	4	0,46	3	122,97
TRUE	0,018259367	9307	9	4	0,48	3	180,6
TRUE	0,027474865	1605	9	4	0,5	3	36,72
TRUE	0,039491069	7350	9	4	0,52	3	146,69
TRUE	0,121847176	3282	9	4	0,54	3	73,21
TRUE	0,04747075	6529	9	4	0,56	3	142,02
TRUE	0,03726101	1686	9	4	0,58	3	36,1
TRUE	0,000999436	6281	9	4	0,6	3	117,25
TRUE	2,54E-10	1781	9	4	0	4	48,11
TRUE	6,46E-09	2703	9	4	0,02	4	62,79
TRUE	9,65E-09	2287	9	4	0,04	4	56,27
TRUE	0,125004677	2519	9	4	0,06	4	69,23
TRUE	2,29E-11	2118	9	4	0,08	4	57,46
TRUE	5,40E-09	1960	9	4	0,1	4	49,24
TRUE	4,48E-09	1951	9	4	0,12	4	55,82
TRUE	2,73E-10	4732	9	4	0,14	4	109,5
TRUE	1,92E-11	2193	9	4	0,16	4	56,19
TRUE	3,28E-11	2003	9	4	0,18	4	52,6
TRUE	5,31E-11	3324	9	4	0,2	4	84,81
TRUE	6,32E-10	1514	9	4	0,22	4	42,52
TRUE	8,40E-10	2567	9	4	0,24	4	66,65
TRUE	0,000149267	7415	9	4	0,26	4	183,3
TRUE	0,000182376	1299	9	4	0,28	4	43,7
TRUE	0,000100087	2696	9	4	0,3	4	74,58
TRUE	0,000313118	4753	9	4	0,32	4	119,18
TRUE	0,000314942	4068	9	4	0,34	4	105,65
TRUE	0,000503777	6192	9	4	0,36	4	165,87
TRUE	0,000285848	4803	9	4	0,38	4	122,45
TRUE	0,000906989	2006	9	4	0,4	4	57,59
TRUE	0,00135307	6000	9	4	0,42	4	167,42
TRUE	0,002657602	13323	9	4	0,44	4	341,22
TRUE	0,007942218	11385	9	4	0,46	4	310,38
TRUE	0,010441593	2250	9	4	0,48	4	66,22
TRUE	0,016088805	6675	9	4	0,5	4	182,06
TRUE	0,018280384	14658	9	4	0,52	4	382,68
TRUE	0,000778329	16605	9	4	0,54	4	428,37
TRUE	0,000325168	13605	9	4	0,56	4	343,46
TRUE	0,000400703	18464	9	4	0,58	4	456,57
TRUE	0,001310024	9219	9	4	0,6	4	241,82
TRUE	0,200000649	217	9	5	0	1	1,62
TRUE	0,200000124	273	9	5	0,02	1	1,9
TRUE	2,42E-08	324	9	5	0,04	1	2,64
TRUE	0,200000776	257	9	5	0,06	1	1,87
TRUE	6,46E-07	293	9	5	0,08	1	2,22
TRUE	0,200000677	238	9	5	0,1	1	1,2
TRUE	0,200001207	303	9	5	0,12	1	2,78
TRUE	2,24E-10	747	9	5	0,14	1	6,41
TRUE	0,200002442	266	9	5	0,16	1	2,59
TRUE	0,200011805	328	9	5	0,18	1	3,03
TRUE	9,86E-09	390	9	5	0,2	1	3,57
TRUE	0,200009614	234	9	5	0,22	1	2,47
TRUE	2,27E-11	532	9	5	0,24	1	4,97
TRUE	0,200021649	235	9	5	0,26	1	2,66
TRUE	4,84E-10	307	9	5	0,28	1	3,07
TRUE	0,200044561	227	9	5	0,3	1	2,04
TRUE	9,54E-10	430	9	5	0,32	1	3,35
TRUE	0,000131868	233	9	5	0,34	1	2,11
TRUE	0,000180397	341	9	5	0,36	1	2,95
TRUE	0,000262697	277	9	5	0,38	1	2,39
TRUE	0,200256815	215	9	5	0,4	1	1,97
TRUE	0,20066795	214	9	5	0,42	1	2,03
TRUE	0,006709882	216	9	5	0,44	1	2,08
TRUE	0,212967321	359	9	5	0,46	1	3,54
TRUE	0,258680846	295	9	5	0,48	1	2,75
TRUE	0,334245635	536	9	5	0,5	1	4,9
TRUE	0,36252889	210	9	5	0,52	1	2,06
TRUE	0,342463012	380	9	5	0,54	1	3,23
TRUE	0,271656494	532	9	5	0,56	1	4,62
TRUE	0,333724707	409	9	5	0,58	1	3,62
TRUE	0,254812074	503	9	5	0,6	1	4,26
TRUE	6,92E-08	1494	9	5	0	2	16,44
TRUE	6,93E-08	896	9	5	0,02	2	10,72
TRUE	4,03E-09	1344	9	5	0,04	2	15,29
TRUE	1,26E-10	860	9	5	0,06	2	10,98
TRUE	1,25E-11	901	9	5	0,08	2	10,97
TRUE	7,93E-08	548	9	5	0,1	2	4,61
TRUE	4,56E-09	1349	9	5	0,12	2	20,77
TRUE	0,200011351	626	9	5	0,14	2	10,78
TRUE	3,59E-11	1578	9	5	0,16	2	22,57
TRUE	2,37E-11	498	9	5	0,18	2	8,81
TRUE	3,93E-11	2476	9	5	0,2	2	36,67
TRUE	5,32E-10	678	9	5	0,22	2	11,73
TRUE	6,39E-10	4849	9	5	0,24	2	74,37
TRUE	9,99E-10	1589	9	5	0,26	2	24,78
TRUE	2,46E-11	1701	9	5	0,28	2	25,38
TRUE	0,00017029	1070	9	5	0,3	2	14,7
TRUE	0,000236125	1040	9	5	0,32	2	13,89
TRUE	0,000305447	751	9	5	0,34	2	11,55
TRUE	0,000389007	784	9	5	0,36	2	11,63
TRUE	0,000530116	1100	9	5	0,38	2	15,16
TRUE	0,000754077	515	9	5	0,4	2	8,38
TRUE	0,00101355	2605	9	5	0,42	2	33,85
TRUE	0,005275502	836	9	5	0,44	2	12,98
TRUE	0,009021942	2935	9	5	0,46	2	42,14
TRUE	0,010655229	1372	9	5	0,48	2	19,24
TRUE	0,014643507	1368	9	5	0,5	2	18,68
TRUE	0,063463039	2402	9	5	0,52	2	33,37
TRUE	0,176237441	2876	9	5	0,54	2	42,14
TRUE	0,018958373	794	9	5	0,56	2	11,96
TRUE	0,020089234	2025	9	5	0,58	2	28,86
TRUE	0,021163206	904	9	5	0,6	2	13,42
TRUE	5,26E-11	3544	9	5	0	3	55,42
TRUE	1,00E-11	3156	9	5	0,02	3	52,26
TRUE	1,50E-11	4797	9	5	0,04	3	75,11
TRUE	3,42E-08	1259	9	5	0,06	3	23,57
TRUE	2,18E-09	2676	9	5	0,08	3	45,76
TRUE	1,58E-11	3379	9	5	0,1	3	33,21
TRUE	4,42E-10	2322	9	5	0,12	3	47,47
TRUE	1,66E-11	1853	9	5	0,14	3	40,15
TRUE	1,74E-10	3170	9	5	0,16	3	67,48
TRUE	2,98E-11	1945	9	5	0,18	3	43,39
TRUE	5,47E-11	1842	9	5	0,2	3	42,86
TRUE	3,94E-10	938	9	5	0,22	3	25,95
TRUE	6,63E-10	3105	9	5	0,24	3	68,18
TRUE	9,81E-10	2327	9	5	0,26	3	49,17
TRUE	0,000128595	4227	9	5	0,28	3	87,27
TRUE	0,000138428	1178	9	5	0,3	3	26,89
TRUE	0,000199409	965	9	5	0,32	3	24,08
TRUE	0,000230819	1347	9	5	0,34	3	28,42
TRUE	0,000299901	2250	9	5	0,36	3	45,2
TRUE	0,000500258	1725	9	5	0,38	3	38,22
TRUE	0,000730885	2847	9	5	0,4	3	61,44
TRUE	0,001102286	1935	9	5	0,42	3	40,76
TRUE	0,003889857	5016	9	5	0,44	3	104,42
TRUE	0,006674825	11979	9	5	0,46	3	232,27
TRUE	0,058619682	2176	9	5	0,48	3	48,29
TRUE	0,02421867	2129	9	5	0,5	3	44,61
TRUE	0,052552973	7928	9	5	0,52	3	163,57
TRUE	0,044402204	6042	9	5	0,54	3	118,42
TRUE	0,047354094	2850	9	5	0,56	3	61,95
TRUE	0,059926686	6963	9	5	0,58	3	137,75
TRUE	0,059955494	8018	9	5	0,6	3	165,47
TRUE	4,29E-10	2451	9	5	0	4	56,97
TRUE	3,93E-11	7415	9	5	0,02	4	158,33
TRUE	6,26E-10	5112	9	5	0,04	4	110,15
TRUE	6,54E-10	2335	9	5	0,06	4	56,82
TRUE	1,92E-11	3121	9	5	0,08	4	48,3
TRUE	6,00E-11	4142	9	5	0,1	4	101,89
TRUE	4,58E-11	4339	9	5	0,12	4	120,29
TRUE	5,69E-09	4292	9	5	0,14	4	115,9
TRUE	3,34E-10	2386	9	5	0,16	4	73,43
TRUE	7,23E-10	4673	9	5	0,18	4	123,82
TRUE	8,94E-09	3735	9	5	0,2	4	106,24
TRUE	0,100050066	3298	9	5	0,22	4	94,9
TRUE	0,00011491	6231	9	5	0,24	4	169,59
TRUE	0,000155568	3118	9	5	0,26	4	86,43
TRUE	0,000468923	5816	9	5	0,28	4	143,83
TRUE	0,000296467	2331	9	5	0,3	4	63,84
TRUE	4,33E-11	1800	9	5	0,32	4	54,69
TRUE	0,000509612	4269	9	5	0,34	4	106,89
TRUE	0,000621902	3912	9	5	0,36	4	99,84
TRUE	0,000782435	3069	9	5	0,38	4	81,85
TRUE	0,001093935	2726	9	5	0,4	4	74,89
TRUE	0,001462601	3338	9	5	0,42	4	90,41
TRUE	0,000150955	15559	9	5	0,44	4	389,15
TRUE	0,013453757	22240	9	5	0,46	4	565,39
TRUE	0,009015618	3504	9	5	0,48	4	94,13
TRUE	0,000660996	30816	9	5	0,5	4	763,23
TRUE	0,049455579	18520	9	5	0,52	4	479,06
TRUE	0,11132708	8360	9	5	0,54	4	220,89
TRUE	0,037077163	40496	9	5	0,56	4	1043,38
TRUE	0,136129481	15219	9	5	0,58	4	390,98
TRUE	0,016771646	4119	9	5	0,6	4	107,39
TRUE	3,07E-08	262	9	6	0	1	1,89
TRUE	3,84E-08	272	9	6	0,02	1	1,94
TRUE	4,14E-09	283	9	6	0,04	1	2,09
TRUE	2,52E-10	177	9	6	0,06	1	1,44
TRUE	0,166667393	318	9	6	0,08	1	2,65
TRUE	0,166667045	219	9	6	0,1	1	1,67
TRUE	0,166667516	234	9	6	0,12	1	2,15
TRUE	0,333334166	198	9	6	0,14	1	1,57
TRUE	0,16666907	460	9	6	0,16	1	3,46
TRUE	6,16E-10	247	9	6	0,18	1	2,05
TRUE	0,166673131	430	9	6	0,2	1	3,38
TRUE	1,46E-11	324	9	6	0,22	1	2,52
TRUE	0,166681763	401	9	6	0,24	1	3,11
TRUE	0,166688842	351	9	6	0,26	1	2,81
TRUE	0,166701948	338	9	6	0,28	1	2,72
TRUE	6,52E-10	270	9	6	0,3	1	2,32
TRUE	9,41E-08	286	9	6	0,32	1	2,43
TRUE	0,000124768	284	9	6	0,34	1	2,53
TRUE	0,000170494	335	9	6	0,36	1	2,9
TRUE	0,333346205	180	9	6	0,38	1	2,29
TRUE	0,16696981	214	9	6	0,4	1	1,99
TRUE	0,167370715	192	9	6	0,42	1	1,83
TRUE	0,006040261	371	9	6	0,44	1	3,29
TRUE	0,025953556	324	9	6	0,46	1	2,94
TRUE	0,108613457	470	9	6	0,48	1	4,14
TRUE	0,306240632	449	9	6	0,5	1	3,86
TRUE	0,265238678	202	9	6	0,52	1	1,98
TRUE	0,193256247	259	9	6	0,54	1	2,38
TRUE	0,233496209	295	9	6	0,56	1	2,8
TRUE	0,288374699	209	9	6	0,58	1	1,98
TRUE	0,240112051	351	9	6	0,6	1	3,1
TRUE	1,13E-09	1066	9	6	0	2	12,42
TRUE	4,33E-09	944	9	6	0,02	2	11,27
TRUE	3,02E-09	1356	9	6	0,04	2	15,11
TRUE	6,30E-10	1097	9	6	0,06	2	12,81
TRUE	7,69E-10	2500	9	6	0,08	2	28,87
TRUE	2,10E-10	1268	9	6	0,1	2	14,84
TRUE	3,89E-10	584	9	6	0,12	2	8,03
TRUE	1,40E-11	5203	9	6	0,14	2	59,57
TRUE	1,30E-11	2666	9	6	0,16	2	30,22
TRUE	1,39E-11	1160	9	6	0,18	2	14,07
TRUE	3,16E-10	1306	9	6	0,2	2	16,04
TRUE	7,27E-09	1677	9	6	0,22	2	20,11
TRUE	6,57E-09	830	9	6	0,24	2	11,14
TRUE	0,166687547	1407	9	6	0,26	2	17,91
TRUE	0,000109957	1488	9	6	0,28	2	20,64
TRUE	0,00015704	2647	9	6	0,3	2	35,4
TRUE	0,000223348	1437	9	6	0,32	2	18,85
TRUE	4,20E-10	1696	9	6	0,34	2	22,51
TRUE	0,000332378	2615	9	6	0,36	2	36,13
TRUE	0,000363767	1523	9	6	0,38	2	21,22
TRUE	0,000633238	548	9	6	0,4	2	9,02
TRUE	0,000994329	4492	9	6	0,42	2	59,87
TRUE	0,01063055	729	9	6	0,44	2	11,81
TRUE	0,027636436	2185	9	6	0,46	2	31,11
TRUE	0,01068424	2753	9	6	0,48	2	39,25
TRUE	0,014632589	787	9	6	0,5	2	11,64
TRUE	0,130704117	1725	9	6	0,52	2	23,43
TRUE	0,017239873	688	9	6	0,54	2	11,07
TRUE	0,154275073	1577	9	6	0,56	2	22,61
TRUE	0,135006437	1168	9	6	0,58	2	17,35
TRUE	0,0209224	1437	9	6	0,6	2	21,59
TRUE	3,88E-10	1757	9	6	0	3	33,2
TRUE	6,29E-09	1425	9	6	0,02	3	26,83
TRUE	8,92E-09	1752	9	6	0,04	3	34,04
TRUE	1,95E-11	2019	9	6	0,06	3	33,96
TRUE	2,31E-11	3443	9	6	0,08	3	54,68
TRUE	3,24E-10	1727	9	6	0,1	3	32,7
TRUE	1,50E-11	1474	9	6	0,12	3	26,92
TRUE	8,99E-09	3226	9	6	0,14	3	53
TRUE	1,08E-11	1388	9	6	0,16	3	25,61
TRUE	2,78E-11	2029	9	6	0,18	3	35,31
TRUE	4,21E-11	2244	9	6	0,2	3	38,75
TRUE	7,87E-10	2158	9	6	0,22	3	40,29
TRUE	5,33E-10	2630	9	6	0,24	3	46,57
TRUE	0,000120039	1305	9	6	0,26	3	25,41
TRUE	0,000133031	1465	9	6	0,28	3	29,94
TRUE	0,000224002	8342	9	6	0,3	3	152,18
TRUE	0,000287033	2620	9	6	0,32	3	49,43
TRUE	0,000264652	2730	9	6	0,34	3	50,93
TRUE	0,000253853	3316	9	6	0,36	3	66,11
TRUE	0,000515459	3324	9	6	0,38	3	64,92
TRUE	0,000658555	1560	9	6	0,4	3	33,03
TRUE	0,00162026	3765	9	6	0,42	3	72,28
TRUE	0,003325779	6977	9	6	0,44	3	139,25
TRUE	0,004951305	7320	9	6	0,46	3	146,39
TRUE	0,000538122	5532	9	6	0,48	3	109,5
TRUE	0,065081179	4649	9	6	0,5	3	95,22
TRUE	0,046142265	9452	9	6	0,52	3	195,14
TRUE	0,000731607	16951	9	6	0,54	3	314,69
TRUE	0,000877604	19554	9	6	0,56	3	367,92
TRUE	0,062113557	8186	9	6	0,58	3	158,56
TRUE	0,08129334	2420	9	6	0,6	3	51,53
TRUE	2,33E-10	3904	9	6	0	4	82,48
TRUE	1,08E-08	9298	9	6	0,02	4	184,25
TRUE	5,12E-10	3104	9	6	0,04	4	67,57
TRUE	7,10E-09	9781	9	6	0,06	4	205,22
TRUE	4,00E-11	6266	9	6	0,08	4	133,24
TRUE	4,86E-10	7965	9	6	0,1	4	163,52
TRUE	2,35E-11	7048	9	6	0,12	4	150,03
TRUE	6,40E-10	3027	9	6	0,14	4	69,68
TRUE	7,98E-08	3070	9	6	0,16	4	70,93
TRUE	0,000142096	3895	9	6	0,18	4	92,01
TRUE	5,10E-09	7163	9	6	0,2	4	171,64
TRUE	8,56E-10	2399	9	6	0,22	4	56,99
TRUE	0,000113182	8904	9	6	0,24	4	195,24
TRUE	0,000105837	3518	9	6	0,26	4	87,55
TRUE	2,32E-11	12056	9	6	0,28	4	297,18
TRUE	0,000235193	8788	9	6	0,3	4	207,27
TRUE	0,000315898	4435	9	6	0,32	4	118,55
TRUE	0,000379748	6373	9	6	0,34	4	156,55
TRUE	0,000614924	4072	9	6	0,36	4	110,76
TRUE	0,000614943	12872	9	6	0,38	4	314,68
TRUE	0,000998237	2599	9	6	0,4	4	71,31
TRUE	0,001572606	3368	9	6	0,42	4	93,53
TRUE	0,004356586	15693	9	6	0,44	4	387,17
TRUE	0,017912355	16739	9	6	0,46	4	433,31
TRUE	0,009406954	14983	9	6	0,48	4	379,2
TRUE	0,015987284	8635	9	6	0,5	4	221,01
TRUE	0,016105589	25429	9	6	0,52	4	659,46
TRUE	0,014552749	9056	9	6	0,54	4	241,42
TRUE	0,015847423	4219	9	6	0,56	4	109,95
TRUE	0,004559232	23103	9	6	0,58	4	597,73
TRUE	0,017625897	3141	9	6	0,6	4	85,36
TRUE	0,142857877	1265	9	7	0	1	8,42
TRUE	0,285714807	231	9	7	0,02	1	1,73
TRUE	3,36E-08	361	9	7	0,04	1	2,54
TRUE	0,142857724	431	9	7	0,06	1	2,97
TRUE	0,142857848	276	9	7	0,08	1	2,01
TRUE	0,285715638	343	9	7	0,1	1	2,49
TRUE	0,142860984	382	9	7	0,12	1	2,8
TRUE	0,285718605	334	9	7	0,14	1	2,32
TRUE	0,285722046	426	9	7	0,16	1	3,02
TRUE	0,142870387	439	9	7	0,18	1	3,08
TRUE	0,285732063	359	9	7	0,2	1	2,88
TRUE	3,35E-10	778	9	7	0,22	1	5,81
TRUE	0,142900463	283	9	7	0,24	1	2,43
TRUE	6,91E-10	389	9	7	0,26	1	3,18
TRUE	0,142940665	580	9	7	0,28	1	4,52
TRUE	0,000129636	381	9	7	0,3	1	3,17
TRUE	0,000173884	474	9	7	0,32	1	3,74
TRUE	0,143051746	632	9	7	0,34	1	5,14
TRUE	0,143112219	222	9	7	0,36	1	2,06
TRUE	0,286005706	397	9	7	0,38	1	3,39
TRUE	0,000594907	804	9	7	0,4	1	6,58
TRUE	0,286066237	453	9	7	0,42	1	3,73
TRUE	0,289886066	288	9	7	0,44	1	2,68
TRUE	0,02535982	361	9	7	0,46	1	3,43
TRUE	0,200781086	444	9	7	0,48	1	3,85
TRUE	0,298871783	329	9	7	0,5	1	3
TRUE	0,21624152	293	9	7	0,52	1	2,66
TRUE	0,257972534	322	9	7	0,54	1	2,89
TRUE	0,273478506	430	9	7	0,56	1	3,59
TRUE	0,32753534	332	9	7	0,58	1	2,95
TRUE	0,469567687	361	9	7	0,6	1	3,25
TRUE	1,01E-11	4593	9	7	0	2	50,06
TRUE	0,071071721	2199	9	7	0,02	2	23,46
TRUE	1,54E-10	1231	9	7	0,04	2	14,5
TRUE	6,93E-08	1305	9	7	0,06	2	14,95
TRUE	0,142861235	580	9	7	0,08	2	7,81
TRUE	2,98E-09	3858	9	7	0,1	2	43,14
TRUE	4,36E-11	2541	9	7	0,12	2	28,08
TRUE	9,59E-09	4048	9	7	0,14	2	47,94
TRUE	3,25E-11	3428	9	7	0,16	2	38,32
TRUE	2,59E-10	1903	9	7	0,18	2	21,73
TRUE	0,142889282	921	9	7	0,2	2	11,68
TRUE	5,55E-10	836	9	7	0,22	2	10,66
TRUE	8,43E-08	2613	9	7	0,24	2	31,91
TRUE	0,142962138	3158	9	7	0,26	2	38,25
TRUE	0,000153079	2781	9	7	0,28	2	35,47
TRUE	0,144131437	1591	9	7	0,3	2	20,58
TRUE	0,000278832	4441	9	7	0,32	2	56,31
TRUE	0,000341372	1468	9	7	0,34	2	20,19
TRUE	0,000424864	2857	9	7	0,36	2	37,12
TRUE	0,000548687	2242	9	7	0,38	2	30,4
TRUE	0,000974937	2689	9	7	0,4	2	35,47
TRUE	0,001208547	1138	9	7	0,42	2	15,51
TRUE	0,001563784	6835	9	7	0,44	2	93,14
TRUE	0,013576953	1000	9	7	0,46	2	15,27
TRUE	0,079744752	1245	9	7	0,48	2	18,71
TRUE	0,281257232	1648	9	7	0,5	2	23,44
TRUE	0,014204978	1712	9	7	0,52	2	23,33
TRUE	0,015204118	1684	9	7	0,54	2	23,37
TRUE	0,151675991	3166	9	7	0,56	2	43,71
TRUE	0,255653723	1686	9	7	0,58	2	24,75
TRUE	0,018158564	1686	9	7	0,6	2	22,49
TRUE	4,30E-11	1550	9	7	0	3	27,25
TRUE	7,83E-09	3316	9	7	0,02	3	53,24
TRUE	1,73E-10	3291	9	7	0,04	3	55,09
TRUE	0,000315392	1620	9	7	0,06	3	28,55
TRUE	2,51E-10	10614	9	7	0,08	3	167,93
TRUE	0,142952288	2220	9	7	0,1	3	37,43
TRUE	3,02E-09	3607	9	7	0,12	3	60,95
TRUE	0,142875875	2626	9	7	0,14	3	43,36
TRUE	5,18E-10	1320	9	7	0,16	3	24,98
TRUE	5,80E-10	3004	9	7	0,18	3	49,25
TRUE	3,12E-10	2394	9	7	0,2	3	46,21
TRUE	6,63E-10	3244	9	7	0,22	3	57,04
TRUE	0,142896885	817	9	7	0,24	3	17,47
TRUE	0,000122142	6201	9	7	0,26	3	105,48
TRUE	0,14295813	2250	9	7	0,28	3	40,65
TRUE	0,000235432	2644	9	7	0,3	3	49,41
TRUE	0,000358379	2429	9	7	0,32	3	46,62
TRUE	0,143131669	2622	9	7	0,34	3	49,97
TRUE	0,000259399	3576	9	7	0,36	3	67,26
TRUE	0,000621994	2775	9	7	0,38	3	55,67
TRUE	0,143268461	3366	9	7	0,4	3	62,58
TRUE	0,00101274	10740	9	7	0,42	3	204,97
TRUE	0,005274443	5238	9	7	0,44	3	111,03
TRUE	0,013521248	6313	9	7	0,46	3	123,26
TRUE	0,044763597	9173	9	7	0,48	3	173,88
TRUE	0,123593175	17475	9	7	0,5	3	337,76
TRUE	0,046450811	15104	9	7	0,52	3	293,17
TRUE	0,049160819	13221	9	7	0,54	3	266,81
TRUE	0,248713743	4359	9	7	0,56	3	88,12
TRUE	0,001082167	6903	9	7	0,58	3	125,78
TRUE	0,066039602	6184	9	7	0,6	3	124,35
TRUE	0,071451795	4273	9	7	0	4	91,26
TRUE	0,14287492	3915	9	7	0,02	4	90,46
TRUE	3,54E-10	7307	9	7	0,04	4	159,03
TRUE	1,63E-11	6773	9	7	0,06	4	134,58
TRUE	1,18E-11	5234	9	7	0,08	4	107,64
TRUE	8,94E-09	4379	9	7	0,1	4	101,81
TRUE	2,09E-10	3970	9	7	0,12	4	89,47
TRUE	3,69E-10	12958	9	7	0,14	4	260,23
TRUE	0,000101009	4136	9	7	0,16	4	89,64
TRUE	3,68E-10	2248	9	7	0,18	4	63,29
TRUE	0,000121875	8189	9	7	0,2	4	168,39
TRUE	8,05E-10	6915	9	7	0,22	4	147,92
TRUE	8,36E-10	6937	9	7	0,24	4	144,76
TRUE	1,27E-11	6231	9	7	0,26	4	153,04
TRUE	0,000216688	3045	9	7	0,28	4	76,33
TRUE	0,000121876	2082	9	7	0,3	4	56,95
TRUE	0,000259491	3767	9	7	0,32	4	95,77
TRUE	0,00040938	3826	9	7	0,34	4	99,53
TRUE	0,000547442	8102	9	7	0,36	4	206,03
TRUE	0,000866735	2100	9	7	0,38	4	65,71
TRUE	0,000813392	8584	9	7	0,4	4	213,96
TRUE	0,001530603	8032	9	7	0,42	4	212,6
TRUE	0,004481366	7616	9	7	0,44	4	197,77
TRUE	0,003927874	21330	9	7	0,46	4	539,26
TRUE	0,009894273	18483	9	7	0,48	4	458,26
TRUE	0,09498878	17628	9	7	0,5	4	455,72
TRUE	0,011916819	24484	9	7	0,52	4	594,21
TRUE	0,00254745	19579	9	7	0,54	4	490,88
TRUE	0,125241272	8541	9	7	0,56	4	227,11
TRUE	0,015190544	11536	9	7	0,58	4	284,33
TRUE	0,016560969	35443	9	7	0,6	4	928,13
TRUE	0,125000635	303	9	8	0	1	2,1
TRUE	0,125000134	288	9	8	0,02	1	2,09
TRUE	4,83E-08	391	9	8	0,04	1	2,79
TRUE	0,375003112	294	9	8	0,06	1	2,17
TRUE	0,125001497	255	9	8	0,08	1	1,89
TRUE	0,250001999	446	9	8	0,1	1	3,15
TRUE	5,04E-09	358	9	8	0,12	1	2,6
TRUE	0,250004952	355	9	8	0,14	1	2,53
TRUE	0,125002821	376	9	8	0,16	1	2,77
TRUE	0,125019494	422	9	8	0,18	1	3,23
TRUE	0,125028396	366	9	8	0,2	1	2,86
TRUE	0,25004271	228	9	8	0,22	1	1,95
TRUE	0,250059209	287	9	8	0,24	1	2,44
TRUE	0,250013105	197	9	8	0,26	1	1,82
TRUE	0,125121163	288	9	8	0,28	1	2,52
TRUE	0,125162428	435	9	8	0,3	1	3,69
TRUE	0,125138316	329	9	8	0,32	1	3,58
TRUE	0,125094771	287	9	8	0,34	1	3,34
TRUE	0,000397072	422	9	8	0,36	1	4,64
TRUE	0,250415878	383	9	8	0,38	1	4,23
TRUE	0,000747374	416	9	8	0,4	1	4,4
TRUE	0,126037154	492	9	8	0,42	1	5,36
TRUE	0,12887926	1120	9	8	0,44	1	11,84
TRUE	0,027721986	274	9	8	0,46	1	3,24
TRUE	0,303595506	368	9	8	0,48	1	3,29
TRUE	0,245895057	449	9	8	0,5	1	4,6
TRUE	0,268958392	308	9	8	0,52	1	3,61
TRUE	0,202573825	518	9	8	0,54	1	5,39
TRUE	0,264793617	361	9	8	0,56	1	3,96
TRUE	0,378928949	315	9	8	0,58	1	3,25
TRUE	0,296682239	387	9	8	0,6	1	3,86
TRUE	4,81E-09	1370	9	8	0	2	14,97
TRUE	6,31E-09	3478	9	8	0,02	2	38,48
TRUE	3,01E-10	907	9	8	0,04	2	10,66
TRUE	9,53E-08	1584	9	8	0,06	2	17,78
TRUE	1,82E-10	3102	9	8	0,08	2	34,35
TRUE	4,95E-09	1559	9	8	0,1	2	17,46
TRUE	5,16E-10	3759	9	8	0,12	2	43,13
TRUE	1,18E-11	2157	9	8	0,14	2	23,61
TRUE	1,80E-11	4020	9	8	0,16	2	45,93
TRUE	2,23E-11	2237	9	8	0,18	2	26,26
TRUE	4,41E-11	2742	9	8	0,2	2	30,46
TRUE	3,94E-10	1755	9	8	0,22	2	20,15
TRUE	0,12515363	878	9	8	0,24	2	11,85
TRUE	0,000198201	2076	9	8	0,26	2	25,72
TRUE	0,000151615	1090	9	8	0,28	2	14,47
TRUE	0,1250672	1264	9	8	0,3	2	18,58
TRUE	0,126277649	3363	9	8	0,32	2	58,48
TRUE	0,062594483	1165	9	8	0,34	2	20,81
TRUE	0,000538512	5143	9	8	0,36	2	86,54
TRUE	0,000580612	2297	9	8	0,38	2	39,18
TRUE	0,000316403	1845	9	8	0,4	2	31,78
TRUE	0,00160259	2009	9	8	0,42	2	35,88
TRUE	0,0058452	2729	9	8	0,44	2	45,58
TRUE	0,003654179	1691	9	8	0,46	2	29,52
TRUE	0,151307041	1009	9	8	0,48	2	15,68
TRUE	0,012456358	1899	9	8	0,5	2	30,66
TRUE	0,290262116	2804	9	8	0,52	2	48
TRUE	0,014505515	3184	9	8	0,54	2	53,23
TRUE	0,246338366	961	9	8	0,56	2	18,08
TRUE	0,18356527	1633	9	8	0,58	2	26,52
TRUE	0,017403094	1370	9	8	0,6	2	21,36
TRUE	1,23E-11	2551	9	8	0	3	41,29
TRUE	7,62E-09	4131	9	8	0,02	3	68,83
TRUE	8,51E-08	1897	9	8	0,04	3	31,63
TRUE	4,44E-09	5135	9	8	0,06	3	79,74
TRUE	2,95E-10	2839	9	8	0,08	3	47,04
TRUE	4,82E-09	4042	9	8	0,1	3	65,3
TRUE	7,16E-10	3957	9	8	0,12	3	62,47
TRUE	3,12E-10	2301	9	8	0,14	3	37,99
TRUE	0,125121757	1115	9	8	0,16	3	21,19
TRUE	1,59E-11	2768	9	8	0,18	3	45,77
TRUE	0,125039071	2747	9	8	0,2	3	45,84
TRUE	0,125060589	3148	9	8	0,22	3	52,56
TRUE	8,84E-10	1972	9	8	0,24	3	37,1
TRUE	0,000130669	2605	9	8	0,26	3	45,39
TRUE	0,000175743	6940	9	8	0,28	3	125,56
TRUE	0,125101986	1279	9	8	0,3	3	26,51
TRUE	0,000221062	3816	9	8	0,32	3	92,88
TRUE	0,000312496	1615	9	8	0,34	3	42,91
TRUE	0,000218777	3848	9	8	0,36	3	89,01
TRUE	0,125306028	1126	9	8	0,38	3	34,93
TRUE	0,000524489	6615	9	8	0,4	3	156,67
TRUE	0,125920875	2163	9	8	0,42	3	55,7
TRUE	0,001988333	3242	9	8	0,44	3	80,28
TRUE	0,01926561	9018	9	8	0,46	3	225,54
TRUE	0,139728353	5298	9	8	0,48	3	108,88
TRUE	0,211570682	3135	9	8	0,5	3	83,66
TRUE	0,141005084	3931	9	8	0,52	3	90,75
TRUE	0,088446849	13012	9	8	0,54	3	318,26
TRUE	0,155404132	5323	9	8	0,56	3	129,58
TRUE	0,000973276	11658	9	8	0,58	3	259,64
TRUE	0,185261986	3410	9	8	0,6	3	81,85
TRUE	9,08E-09	5265	9	8	0	4	109,75
TRUE	9,42E-09	7188	9	8	0,02	4	140,81
TRUE	3,62E-09	11343	9	8	0,04	4	240,68
TRUE	5,54E-11	31504	9	8	0,06	4	653,24
TRUE	1,67E-11	4072	9	8	0,08	4	93,57
TRUE	9,60E-09	6884	9	8	0,1	4	144,34
TRUE	1,64E-11	3770	9	8	0,12	4	82,13
TRUE	5,85E-11	3270	9	8	0,14	4	71,85
TRUE	0,000101105	5861	9	8	0,16	4	132,03
TRUE	4,26E-10	4241	9	8	0,18	4	95,73
TRUE	0,000134025	2763	9	8	0,2	4	65,53
TRUE	7,88E-10	7250	9	8	0,22	4	149,98
TRUE	0,000169995	14076	9	8	0,24	4	307,46
TRUE	7,66E-10	2847	9	8	0,26	4	71,26
TRUE	0,000283532	3767	9	8	0,28	4	89,72
TRUE	0,000134878	9275	9	8	0,3	4	266,73
TRUE	8,60E-10	4794	9	8	0,32	4	152,86
TRUE	0,000382043	4835	9	8	0,34	4	153,54
TRUE	0,000373113	1987	9	8	0,36	4	69,74
TRUE	0,125292258	5020	9	8	0,38	4	160,75
TRUE	0,000822625	2390	9	8	0,4	4	84,89
TRUE	0,001162367	6145	9	8	0,42	4	195,99
TRUE	0,067926256	8262	9	8	0,44	4	272,81
TRUE	0,002275147	18772	9	8	0,46	4	553,14
TRUE	0,000190151	7918	9	8	0,48	4	224,89
TRUE	0,003561697	38572	9	8	0,5	4	1129,13
TRUE	0,104519622	25941	9	8	0,52	4	793,8
TRUE	0,015587129	10526	9	8	0,54	4	322,3
TRUE	0,001890792	32566	9	8	0,56	4	1005,9
TRUE	0,015082619	5260	9	8	0,58	4	157,29
TRUE	0,01048645	13555	9	8	0,6	4	381,61
TRUE	0,222222583	515	9	9	0	1	4,14
TRUE	0,222222794	340	9	9	0,02	1	2,79
TRUE	0,111112857	470	9	9	0,04	1	4,2
TRUE	0,33333336	258	9	9	0,06	1	2,64
TRUE	2,27E-10	368	9	9	0,08	1	2,9
TRUE	0,222222891	441	9	9	0,1	1	3,6
TRUE	0,33333698	341	9	9	0,12	1	2,9
TRUE	0,111117746	505	9	9	0,14	1	4,29
TRUE	1,18E-11	449	9	9	0,16	1	3,75
TRUE	0,11112861	490	9	9	0,18	1	4,24
TRUE	0,111118702	493	9	9	0,2	1	4,49
TRUE	0,22225949	315	9	9	0,22	1	3,15
TRUE	0,111169368	504	9	9	0,24	1	4,56
TRUE	0,111192869	328	9	9	0,26	1	3,2
TRUE	0,111146179	516	9	9	0,28	1	5,09
TRUE	0,000163496	892	9	9	0,3	1	8,33
TRUE	0,222406953	566	9	9	0,32	1	5,38
TRUE	0,000285111	391	9	9	0,34	1	3,52
TRUE	0,3336073	332	9	9	0,36	1	2,92
TRUE	0,111146936	455	9	9	0,38	1	3,95
TRUE	0,000712739	1234	9	9	0,4	1	11,7
TRUE	0,001299116	472	9	9	0,42	1	4,8
TRUE	0,225139021	385	9	9	0,44	1	3,85
TRUE	0,12936874	486	9	9	0,46	1	5,13
TRUE	0,293781089	390	9	9	0,48	1	4,12
TRUE	0,237009577	581	9	9	0,5	1	6,05
TRUE	0,280501621	401	9	9	0,52	1	4,29
TRUE	0,261943075	473	9	9	0,54	1	4,87
TRUE	0,315231026	321	9	9	0,56	1	1,92
TRUE	0,304161884	777	9	9	0,58	1	6,81
TRUE	0,250187221	550	9	9	0,6	1	4,67
TRUE	6,39E-09	1165	9	9	0	2	16,43
TRUE	4,44E-08	2017	9	9	0,02	2	26,31
TRUE	2,17E-09	2103	9	9	0,04	2	28,82
TRUE	3,18E-10	1907	9	9	0,06	2	25,51
TRUE	2,11E-11	5179	9	9	0,08	2	68,67
TRUE	2,16E-10	2868	9	9	0,1	2	36,99
TRUE	0,000139151	2224	9	9	0,12	2	32,67
TRUE	7,44E-10	1768	9	9	0,14	2	24,75
TRUE	2,84E-11	3102	9	9	0,16	2	42,5
TRUE	3,47E-10	4281	9	9	0,18	2	59,72
TRUE	5,29E-10	2154	9	9	0,2	2	29,73
TRUE	0,055606368	1424	9	9	0,22	2	20,89
TRUE	7,01E-09	3340	9	9	0,24	2	45,75
TRUE	0,111174161	903	9	9	0,26	2	14,95
TRUE	0,000126593	2259	9	9	0,28	2	36,17
TRUE	0,111216041	1093	9	9	0,3	2	18,96
TRUE	0,000201795	4732	9	9	0,32	2	69,65
TRUE	0,000269558	1230	9	9	0,34	2	17,1
TRUE	0,000353117	2820	9	9	0,36	2	34,32
TRUE	0,000487978	2181	9	9	0,38	2	28,65
TRUE	0,00056159	2816	9	9	0,4	2	44,72
TRUE	0,112122966	2688	9	9	0,42	2	44,2
TRUE	0,005606859	5815	9	9	0,44	2	89,62
TRUE	0,004242576	1018	9	9	0,46	2	16,82
TRUE	0,092446471	3743	9	9	0,48	2	61,04
TRUE	0,011296106	2984	9	9	0,5	2	47,09
TRUE	0,012331123	3959	9	9	0,52	2	64,44
TRUE	0,272731584	1692	9	9	0,54	2	30,14
TRUE	0,19830238	1640	9	9	0,56	2	15,23
TRUE	0,014865903	6485	9	9	0,58	2	87,79
TRUE	0,210624675	2513	9	9	0,6	2	33,69
TRUE	1,55E-09	4136	9	9	0	3	77,96
TRUE	2,21E-09	6480	9	9	0,02	3	123,26
TRUE	2,05E-09	5403	9	9	0,04	3	106,62
TRUE	4,47E-11	7306	9	9	0,06	3	140,06
TRUE	0,111137335	3199	9	9	0,08	3	61,6
TRUE	6,17E-09	1494	9	9	0,1	3	30,75
TRUE	2,67E-11	4337	9	9	0,12	3	80,98
TRUE	0,111167095	1626	9	9	0,14	3	36,44
TRUE	0,111148887	3180	9	9	0,16	3	63,91
TRUE	0,111145653	1620	9	9	0,18	3	34,58
TRUE	4,60E-09	3217	9	9	0,2	3	63,4
TRUE	0,000115623	1363	9	9	0,22	3	31,66
TRUE	0,000129857	2620	9	9	0,24	3	51,32
TRUE	0,111237148	1925	9	9	0,26	3	41,68
TRUE	0,000182458	4521	9	9	0,28	3	92,05
TRUE	0,000281909	1611	9	9	0,3	3	39,39
TRUE	0,000230889	8280	9	9	0,32	3	169,71
TRUE	0,111366884	2919	9	9	0,34	3	58,96
TRUE	0,000313413	2843	9	9	0,36	3	54,34
TRUE	0,000459859	1713	9	9	0,38	3	36,28
TRUE	0,000715143	11254	9	9	0,4	3	244,84
TRUE	0,111965131	3148	9	9	0,42	3	68,86
TRUE	0,001609347	5396	9	9	0,44	3	113,88
TRUE	0,004559244	8990	9	9	0,46	3	201,15
TRUE	0,000692706	15540	9	9	0,48	3	323,55
TRUE	0,015220883	9571	9	9	0,5	3	221,28
TRUE	0,174230331	10401	9	9	0,52	3	232,37
TRUE	0,118122437	9340	9	9	0,54	3	228,52
TRUE	0,114808478	9057	9	9	0,56	3	119,33
TRUE	0,000686498	7992	9	9	0,58	3	145,08
TRUE	0,000832075	18394	9	9	0,6	3	357,42
TRUE	0,000137407	3640	9	9	0	4	91,86
TRUE	1,47E-11	18325	9	9	0,02	4	462,12
TRUE	9,43E-09	12000	9	9	0,04	4	299,89
TRUE	2,04E-10	8162	9	9	0,06	4	195,43
TRUE	0,055611753	7439	9	9	0,08	4	177,36
TRUE	8,33E-09	6406	9	9	0,1	4	170,28
TRUE	5,89E-10	3718	9	9	0,12	4	100,01
TRUE	1,30E-10	3414	9	9	0,14	4	94,03
TRUE	0,111229903	10820	9	9	0,16	4	289
TRUE	3,50E-11	2996	9	9	0,18	4	81,83
TRUE	0,111174451	8856	9	9	0,2	4	221,25
TRUE	0,000133567	15519	9	9	0,22	4	383,04
TRUE	9,93E-10	3921	9	9	0,24	4	106,08
TRUE	7,12E-10	3563	9	9	0,26	4	104,88
TRUE	0,00020383	6239	9	9	0,28	4	166,54
TRUE	0,000239669	8064	9	9	0,3	4	235,42
TRUE	0,000274636	3800	9	9	0,32	4	104,76
TRUE	0,000576721	6763	9	9	0,34	4	166,03
TRUE	0,000408978	23549	9	9	0,36	4	562,1
TRUE	0,000646143	2935	9	9	0,38	4	89,97
TRUE	0,000780319	4366	9	9	0,4	4	129,41
TRUE	0,001479269	6222	9	9	0,42	4	179,73
TRUE	0,004951474	15907	9	9	0,44	4	460,73
TRUE	0,004906499	39848	9	9	0,46	4	1183
TRUE	0,066751746	8341	9	9	0,48	4	249,35
TRUE	0,000511171	32005	9	9	0,5	4	970,8
TRUE	0,010578111	9423	9	9	0,52	4	267,46
TRUE	0,063451117	26891	9	9	0,54	4	599,86
TRUE	0,002080962	13415	9	9	0,56	4	275,73
TRUE	0,177223462	19403	9	9	0,58	4	485,99
TRUE	0,011972796	7099	9	9	0,6	4	174,35
							
							
							
							
							
							
							
							
