g_converged min_loss iter nsites nqubits0 h nlayers SvN time
true 5.23817551667527e-7 60 4 1 0.06 1 3.2712639605332464e-5 0.1088626
true 2.8258614504506063e-6 140 4 1 0.06 2 3.2712639605332464e-5 0.4317588
true 6.441259489675666e-7 257 4 1 0.06 3 3.2712639605332464e-5 1.1789861
true 9.439029023949885e-7 407 4 1 0.06 4 3.2712639605332464e-5 2.3955351
true 2.854233791538263e-7 61 4 1 0.061 1 3.7745858669995024e-5 0.1184611
true 2.8017534440816227e-6 138 4 1 0.061 2 3.7745858669995024e-5 0.4285848
true 1.3351467259559158e-7 247 4 1 0.061 3 3.7745858669995024e-5 1.2840978
true 9.268679802554303e-7 435 4 1 0.061 4 3.7745858669995024e-5 2.5405658
true 8.708614412933358e-8 59 4 1 0.062 1 4.341007974826236e-5 0.1037424
true 3.3547277073497916e-6 116 4 1 0.062 2 4.341007974826236e-5 0.4113238
true 3.886046048728886e-6 226 4 1 0.062 3 4.341007974826236e-5 1.0726892
true 1.4990317221408311e-5 411 4 1 0.062 4 4.341007974826236e-5 2.330114
true 1.2978075947245316e-7 53 4 1 0.063 1 4.97619071631224e-5 0.0908068
true 1.5450322956023221e-6 149 4 1 0.063 2 4.97619071631224e-5 0.486548
true 4.326364238249614e-6 229 4 1 0.063 3 4.97619071631224e-5 1.2193817
true 5.837649281748014e-7 328 4 1 0.063 4 4.97619071631224e-5 1.9941298
true 1.3100447071590082e-7 53 4 1 0.064 1 5.685966778538979e-5 0.1042609
true 4.368092264506185e-6 158 4 1 0.064 2 5.685966778538979e-5 0.5360083
true 1.5727099317297544e-6 335 4 1 0.064 3 5.685966778538979e-5 1.4934763
true 7.27687634816121e-7 330 4 1 0.064 4 5.685966778538979e-5 2.2991434
true 1.4725088609557346e-7 57 4 1 0.065 1 6.476267931970257e-5 0.095475
true 5.627539873820364e-6 143 4 1 0.065 2 6.476267931970257e-5 0.4803695
true 9.435796064494184e-7 245 4 1 0.065 3 6.476267931970257e-5 1.0804832
true 3.1286739518021633e-6 351 4 1 0.065 4 6.476267931970257e-5 2.139023
true 2.055162551251044e-7 53 4 1 0.066 1 7.353031475438847e-5 0.0941268
true 5.576043469623926e-6 145 4 1 0.066 2 7.353031475438847e-5 0.4703876
true 5.158222649181976e-6 205 4 1 0.066 3 7.353031475438847e-5 0.9534506
true 9.334797466509226e-6 413 4 1 0.066 4 7.353031475438847e-5 2.3865928
true 5.16242205761408e-7 65 4 1 0.067 1 8.322093729413909e-5 0.1093353
true 2.171683926743828e-6 157 4 1 0.067 2 8.322093729413909e-5 0.519259
true 2.2057278104559153e-6 255 4 1 0.067 3 8.322093729413909e-5 1.2002691
true 1.8041651937972247e-6 603 4 1 0.067 4 8.322093729413909e-5 3.1403046
true 5.532596313306826e-7 60 4 1 0.068 1 9.389084641884224e-5 0.1024484
true 7.335013720410899e-6 129 4 1 0.068 2 9.389084641884224e-5 0.4287699
true 6.536731066042467e-6 359 4 1 0.068 3 9.389084641884224e-5 1.5554667
true 6.699263051412885e-6 488 4 1 0.068 4 9.389084641884224e-5 3.0066718
true 6.773282897887256e-7 65 4 1 0.069 1 0.00010559342538070729 0.11036
true 6.167013518132425e-6 144 4 1 0.069 2 0.00010559342538070729 0.5215323
true 1.4613810979668962e-6 261 4 1 0.069 3 0.00010559342538070729 1.2202138
true 2.4154129649733846e-6 311 4 1 0.069 4 0.00010559342538070729 1.9943715
true 2.675496111881337e-7 57 4 1 0.07 1 0.0001183786849266515 0.11043
true 9.285981408868604e-6 149 4 1 0.07 2 0.0001183786849266515 0.4739974
true 1.524747081149691e-6 337 4 1 0.07 3 0.0001183786849266515 1.5178364
true 7.924887047650042e-6 424 4 1 0.07 4 0.0001183786849266515 2.729393
true 3.007241643482317e-7 63 4 1 0.071 1 0.00013229333690025464 0.1169079
true 7.578277320285931e-6 125 4 1 0.071 2 0.00013229333690025464 0.3914235
true 5.85403686836905e-6 215 4 1 0.071 3 0.00013229333690025464 1.0530688
true 1.529833519314794e-5 655 4 1 0.071 4 0.00013229333690025464 3.3423067
true 5.003857658780753e-7 54 4 1 0.072 1 0.0001473814079919081 0.0938512
true 1.2052138342766305e-5 139 4 1 0.072 2 0.0001473814079919081 0.4345207
true 3.579093335592809e-6 321 4 1 0.072 3 0.0001473814079919081 1.4109462
true 1.3837361612756283e-5 529 4 1 0.072 4 0.0001473814079919081 2.7316942
true 2.613371414827981e-7 60 4 1 0.073 1 0.00016368526042869692 0.1040626
true 9.819273446343146e-6 142 4 1 0.073 2 0.00016368526042869692 0.4623728
true 1.2170741196526613e-6 252 4 1 0.073 3 0.00016368526042869692 1.126069
true 1.0595229593235445e-5 480 4 1 0.073 4 0.00016368526042869692 2.5250354
true 4.6040171730599155e-7 85 4 1 0.074 1 0.00018124678692999058 0.1414068
true 3.6027114787007264e-6 151 4 1 0.074 2 0.00018124678692999058 0.4690822
true 1.5818736541883816e-5 296 4 1 0.074 3 0.00018124678692999058 1.3018791
true 4.4756230921372264e-7 577 4 1 0.074 4 0.00018124678692999058 3.2142049
true 3.7556520632309187e-7 70 4 1 0.075 1 0.00020010854439861874 0.1340206
true 1.1257563786226665e-5 145 4 1 0.075 2 0.00020010854439861874 0.4400126
true 6.276159001228354e-6 231 4 1 0.075 3 0.00020010854439861874 1.0207019
true 4.901617206787279e-6 383 4 1 0.075 4 0.00020010854439861874 2.3301312
true 4.766581784276802e-7 57 4 1 0.076 1 0.00022031468377297893 0.1075842
true 1.6736663142613573e-6 152 4 1 0.076 2 0.00022031468377297893 0.4824147
true 1.7261708307181323e-7 264 4 1 0.076 3 0.00022031468377297893 1.3098615
true 1.566294847826777e-5 329 4 1 0.076 4 0.00022031468377297893 2.0714498
true 1.1038544201480427e-6 56 4 1 0.077 1 0.00024191166176350666 0.1085469
true 2.0402784538853247e-5 145 4 1 0.077 2 0.00024191166176350666 0.4949693
true 1.1964549231802124e-5 237 4 1 0.077 3 0.00024191166176350666 1.075636
true 1.1589051424620855e-6 327 4 1 0.077 4 0.00024191166176350666 2.0200922
true 5.206360999543413e-7 54 4 1 0.078 1 0.00026494879923379865 0.0914039
true 2.4743555301576237e-5 152 4 1 0.078 2 0.00026494879923379865 0.4817025
true 2.1146186363063535e-6 342 4 1 0.078 3 0.00026494879923379865 1.4277622
true 2.1428796999345412e-5 339 4 1 0.078 4 0.00026494879923379865 2.0106786
true 6.101128219304641e-7 62 4 1 0.079 1 0.0002894787328839312 0.1077792
true 2.466141972745639e-5 140 4 1 0.079 2 0.0002894787328839312 0.4581924
true 4.336697075002505e-6 256 4 1 0.079 3 0.0002894787328839312 1.1345696
true 1.4435447662775047e-5 388 4 1 0.079 4 0.0002894787328839312 2.1730708
true 5.631019259211278e-7 80 4 1 0.08 1 0.00031555771092967207 0.13208
true 4.032296447575856e-6 141 4 1 0.08 2 0.00031555771092967207 0.4351844
true 3.3367319119737004e-5 313 4 1 0.08 3 0.00031555771092967207 1.342507
true 1.604845444203029e-5 347 4 1 0.08 4 0.00031555771092967207 2.0415893
true 5.957345178830842e-7 53 4 1 0.081 1 0.0003432455926835129 0.0954603
true 3.5456492913366056e-6 137 4 1 0.081 2 0.0003432455926835129 0.461249
true 4.7225071003742514e-7 279 4 1 0.081 3 0.0003432455926835129 1.2522409
true 4.004064333873458e-6 445 4 1 0.081 4 0.0003432455926835129 2.6145987
true 8.629231185164343e-7 79 4 1 0.082 1 0.00037260541258239146 0.1281673
true 1.5285056948588505e-5 141 4 1 0.082 2 0.00037260541258239146 0.4683941
true 3.0425952834978176e-7 245 4 1 0.082 3 0.00037260541258239146 1.3215245
true 3.923400297978219e-7 435 4 1 0.082 4 0.00037260541258239146 2.4916952
true 6.556224472209493e-7 56 4 1 0.083 1 0.0004037024948982497 0.1041024
true 3.5784475175992814e-5 126 4 1 0.083 2 0.0004037024948982497 0.4038204
true 2.648885592160255e-5 312 4 1 0.083 3 0.0004037024948982497 1.4094617
true 1.713949443460372e-5 404 4 1 0.083 4 0.0004037024948982497 2.8533764
true 7.332440966067999e-7 54 4 1 0.084 1 0.00043660329859461136 0.1035375
true 1.7179268038902684e-5 143 4 1 0.084 2 0.00043660329859461136 0.4962749
true 2.194383095233121e-5 235 4 1 0.084 3 0.00043660329859461136 1.2168756
true 2.2605976647105397e-5 355 4 1 0.084 4 0.00043660329859461136 2.4314113
true 8.419598994668931e-7 50 4 1 0.085 1 0.0004713743124606638 0.0835323
true 4.403581590839423e-5 131 4 1 0.085 2 0.0004713743124606638 0.4225071
true 1.9676624368192286e-5 215 4 1 0.085 3 0.0004713743124606638 1.051653
true 1.580485457008951e-6 435 4 1 0.085 4 0.0004713743124606638 2.5678219
true 8.093231275707602e-7 56 4 1 0.086 1 0.0005080812960301561 0.0958844
true 4.5906169305443e-5 137 4 1 0.086 2 0.0005080812960301561 0.4419767
true 1.4641701110429395e-6 291 4 1 0.086 3 0.0005080812960301561 1.2376061
true 8.833298104526932e-6 380 4 1 0.086 4 0.0005080812960301561 2.3849791
true 9.024340446583956e-7 72 4 1 0.087 1 0.0005467889597695934 0.1288921
true 4.817238551674263e-5 160 4 1 0.087 2 0.0005467889597695934 0.5346668
true 6.4180285849757546e-6 283 4 1 0.087 3 0.0005467889597695934 1.3156889
true 1.0083909717795159e-6 439 4 1 0.087 4 0.0005467889597695934 2.6578122
true 1.1069219488790694e-6 59 4 1 0.088 1 0.0005875609151231486 0.1179428
true 8.483095522038298e-6 143 4 1 0.088 2 0.0005875609151231486 0.4575336
true 4.14861947420353e-5 253 4 1 0.088 3 0.0005875609151231486 1.1980793
true 2.066461024685662e-6 304 4 1 0.088 4 0.0005875609151231486 2.1935895
true 1.7301420649484811e-6 68 4 1 0.089 1 0.0006304595883667896 0.1274462
true 6.177727766421004e-5 162 4 1 0.089 2 0.0006304595883667896 0.5751741
true 1.299746042338068e-5 229 4 1 0.089 3 0.0006304595883667896 1.2127175
true 5.673611093992559e-6 466 4 1 0.089 4 0.0006304595883667896 2.7036534
true 1.2447821051142505e-6 71 4 1 0.09 1 0.0006755458943422365 0.1282601
true 6.409942134644186e-5 139 4 1 0.09 2 0.0006755458943422365 0.4587182
true 2.798079435317735e-6 272 4 1 0.09 3 0.0006755458943422365 1.1916288
true 2.9191802299322056e-6 379 4 1 0.09 4 0.0006755458943422365 2.2675405
true 1.4612139934144786e-6 60 4 1 0.091 1 0.0007228787302461667 0.105215
true 6.772256733161841e-5 143 4 1 0.091 2 0.0007228787302461667 0.4852932
true 4.355799684480077e-5 256 4 1 0.091 3 0.0007228787302461667 1.3745105
true 4.524939455075039e-6 356 4 1 0.091 4 0.0007228787302461667 2.2080179
true 1.9444831223514036e-6 49 4 1 0.092 1 0.0007725145460084756 0.0983138
true 5.2495901646298915e-5 138 4 1 0.092 2 0.0007725145460084756 0.470233
true 7.337693219700014e-7 239 4 1 0.092 3 0.0007725145460084756 1.095926
true 1.9657238429837687e-5 365 4 1 0.092 4 0.0007725145460084756 2.272009
true 1.4357147433141648e-6 54 4 1 0.093 1 0.0008245072002854847 0.0966685
true 7.863893890452944e-5 138 4 1 0.093 2 0.0008245072002854847 0.4637422
true 2.2853461710270473e-5 285 4 1 0.093 3 0.0008245072002854847 1.4157006
true 3.2943528364914876e-5 470 4 1 0.093 4 0.0008245072002854847 2.7561932
true 1.5560222239585642e-6 56 4 1 0.094 1 0.0008789080891465663 0.0942543
true 1.4050290203349025e-5 141 4 1 0.094 2 0.0008789080891465663 0.524163
true 6.788077471009402e-6 315 4 1 0.094 3 0.0008789080891465663 1.3906812
true 7.36938618879357e-5 409 4 1 0.094 4 0.0008789080891465663 2.4176237
true 1.717030091663574e-6 57 4 1 0.095 1 0.0009357663748697882 0.0973626
true 3.774257002320258e-6 141 4 1 0.095 2 0.0009357663748697882 0.4636687
true 4.2463246430424206e-5 218 4 1 0.095 3 0.0009357663748697882 1.022834
true 1.1623877857691589e-5 463 4 1 0.095 4 0.0009357663748697882 2.5530051
true 1.836504831875807e-6 59 4 1 0.096 1 0.0009951291498718504 0.1023419
true 8.679943304701343e-5 140 4 1 0.096 2 0.0009951291498718504 0.4073708
true 9.487738457658601e-7 245 4 1 0.096 3 0.0009951291498718504 1.2407865
true 1.4381892332160362e-5 383 4 1 0.096 4 0.0009951291498718504 2.3713064
true 1.9877986350280707e-6 60 4 1 0.097 1 0.0010570413827587812 0.1115196
true 0.0001035270006080613 152 4 1 0.097 2 0.0010570413827587812 0.4953412
true 3.542735943007358e-5 255 4 1 0.097 3 0.0010570413827587812 1.0989052
true 3.0156021482707907e-6 650 4 1 0.097 4 0.0010570413827587812 3.14252
true 2.297519016480898e-6 57 4 1 0.098 1 0.001121545305703143 0.0992333
true 0.00010882556313496217 135 4 1 0.098 2 0.001121545305703143 0.4177727
true 4.512499162667716e-6 292 4 1 0.098 3 0.001121545305703143 1.2916667
true 3.902614853151798e-5 841 4 1 0.098 4 0.001121545305703143 4.04287
true 2.656463229389061e-6 57 4 1 0.099 1 0.0011886784395442735 0.1118872
true 0.00011783721585034712 143 4 1 0.099 2 0.0011886784395442735 0.4314272
true 0.00012019744503322105 210 4 1 0.099 3 0.0011886784395442735 1.0138767
true 7.868005278971468e-5 332 4 1 0.099 4 0.0011886784395442735 2.2795368
true 2.748203490721135e-6 61 4 1 0.1 1 0.0012584685665444728 0.1044149
true 0.0001244613023080876 290 4 1 0.1 2 0.0012584685665444728 0.8933587
true 0.00010726764974677838 253 4 1 0.1 3 0.0012584685665444728 1.3415818
true 9.41020505453305e-5 353 4 1 0.1 4 0.0012584685665444728 2.5299556
true 2.823768805559901e-6 60 4 1 0.101 1 0.0013309223047157839 0.1247033
true 0.00013216729348031198 178 4 1 0.101 2 0.0013309223047157839 0.6642324
true 1.7702425527843513e-5 254 4 1 0.101 3 0.0013309223047157839 1.3987192
true 7.829929430103189e-6 372 4 1 0.101 4 0.0013309223047157839 2.5404853
true 2.8675550312606823e-6 45 4 1 0.102 1 0.0014060013208463092 0.0762669
true 0.00014235893578018466 173 4 1 0.102 2 0.0014060013208463092 0.568638
true 7.011822968344683e-5 267 4 1 0.102 3 0.0014060013208463092 1.3735905
true 0.00012259716620088845 412 4 1 0.102 4 0.0014060013208463092 2.5066088
true 3.251971981255153e-6 62 4 1 0.103 1 0.0014835778770222602 0.1170509
true 0.00014873850433372304 137 4 1 0.103 2 0.0014835778770222602 0.4550613
true 9.453756016131187e-6 239 4 1 0.103 3 0.0014835778770222602 1.1994507
true 5.070925629679923e-5 594 4 1 0.103 4 0.0014835778770222602 3.5798789
true 3.529504066679401e-6 54 4 1 0.104 1 0.0015633653926853885 0.1015452
true 0.00014493398794351853 136 4 1 0.104 2 0.0015633653926853885 0.4789292
true 1.7807068870223652e-5 212 4 1 0.104 3 0.0015633653926853885 0.999609
true 0.0001215219648504906 427 4 1 0.104 4 0.0015633653926853885 2.651458
true 4.26127006614152e-6 53 4 1 0.105 1 0.0016448436137909768 0.1180199
true 0.00016788562345226854 154 4 1 0.105 2 0.0016448436137909768 0.5233245
true 6.533835149413747e-5 270 4 1 0.105 3 0.0016448436137909768 1.2878308
true 2.1559934379911105e-5 464 4 1 0.105 4 0.0016448436137909768 2.9789957
true 4.455553270776846e-6 62 4 1 0.106 1 0.0017272447611832702 0.1270653
true 0.00017729676381628146 148 4 1 0.106 2 0.0017272447611832702 0.5081171
true 2.4576077109816907e-5 238 4 1 0.106 3 0.0017272447611832702 1.1948463
true 0.00012546811645197664 707 4 1 0.106 4 0.0017272447611832702 3.8680079
true 4.154322234939389e-6 54 4 1 0.107 1 0.0018096788888799867 0.095105
true 0.00016493577235759949 199 4 1 0.107 2 0.0018096788888799867 0.5759003
true 0.00014715726032449306 242 4 1 0.107 3 0.0018096788888799867 1.0877375
true 1.2652774798227462e-5 318 4 1 0.107 4 0.0018096788888799867 2.1057434
true 4.514525010657078e-6 54 4 1 0.108 1 0.0018913740066865408 0.1003636
true 0.00017442387175958807 141 4 1 0.108 2 0.0018913740066865408 0.4344524
true 0.00010462718991050002 218 4 1 0.108 3 0.0018913740066865408 1.0687121
true 4.597247719340114e-5 412 4 1 0.108 4 0.0018913740066865408 2.2398424
true 4.717893331007694e-6 48 4 1 0.109 1 0.0019718807454577893 0.0928104
true 0.00020521317004562611 252 4 1 0.109 2 0.0019718807454577893 0.6763936
true 0.00020351655149869474 191 4 1 0.109 3 0.0019718807454577893 0.9016259
true 3.921489335900752e-5 332 4 1 0.109 4 0.0019718807454577893 1.9605073
true 5.081572787946076e-6 54 4 1 0.11 1 0.002051125570344679 0.0882697
true 0.00011004614055643014 157 4 1 0.11 2 0.002051125570344679 0.4969344
true 2.3190214041679535e-5 285 4 1 0.11 3 0.002051125570344679 1.200657
true 2.9279230681633628e-6 654 4 1 0.11 4 0.002051125570344679 3.4711325
true 5.270675114910084e-6 43 4 1 0.111 1 0.0021293342151959206 0.0824437
true 0.00021447944390218243 136 4 1 0.111 2 0.0021293342151959206 0.4520499
true 9.730710189892466e-6 294 4 1 0.111 3 0.0021293342151959206 1.2308597
true 5.702595324397208e-6 403 4 1 0.111 4 0.0021293342151959206 2.5601426
true 5.848398755559092e-6 65 4 1 0.112 1 0.002206912652198429 0.1171172
true 0.0002342782329659565 132 4 1 0.112 2 0.002206912652198429 0.4052025
true 1.3642329398988462e-5 382 4 1 0.112 3 0.002206912652198429 1.6327295
true 8.343075750871787e-5 455 4 1 0.112 4 0.002206912652198429 2.6288999
true 5.910223522642699e-6 58 4 1 0.113 1 0.0022843461806237504 0.1007299
true 7.258283746458538e-5 155 4 1 0.113 2 0.0022843461806237504 0.4922215
true 0.0001515214403788323 273 4 1 0.113 3 0.0022843461806237504 1.3053456
true 1.8558452702710504e-5 402 4 1 0.113 4 0.0022843461806237504 2.2527304
true 6.265374079550412e-6 55 4 1 0.114 1 0.0023621311807001826 0.0934476
true 0.0002588235414028306 133 4 1 0.114 2 0.0023621311807001826 0.41855
true 4.9146840199798536e-5 285 4 1 0.114 3 0.0023621311807001826 1.3925823
true 7.202692859281656e-5 366 4 1 0.114 4 0.0023621311807001826 2.1990292
true 6.697793934529184e-6 62 4 1 0.115 1 0.002440730722987342 0.1093628
true 0.00022335924466454493 142 4 1 0.115 2 0.002440730722987342 0.4673186
true 6.118425239121095e-6 344 4 1 0.115 3 0.002440730722987342 1.5298854
true 9.348437789608033e-5 379 4 1 0.115 4 0.002440730722987342 2.4589915
true 7.920672395245187e-6 59 4 1 0.116 1 0.0025205456057851125 0.0958856
true 0.00021888653806828584 138 4 1 0.116 2 0.0025205456057851125 0.456708
true 2.5882766461426954e-5 265 4 1 0.116 3 0.0025205456057851125 1.2787216
true 2.9646663818327923e-7 361 4 1 0.116 4 0.0025205456057851125 2.0688318
true 7.371337928663291e-6 54 4 1 0.117 1 0.0026019007630196152 0.090457
true 0.0001056374424419082 134 4 1 0.117 2 0.0026019007630196152 0.4430641
true 0.0001268326009648546 220 4 1 0.117 3 0.0026019007630196152 1.004136
true 1.7107118852555114e-5 402 4 1 0.117 4 0.0026019007630196152 2.2729243
true 7.850629828776157e-6 48 4 1 0.118 1 0.0026850481428475717 0.0800716
true 0.0002229582310893652 149 4 1 0.118 2 0.0026850481428475717 0.4947898
true 0.00016001944586413464 319 4 1 0.118 3 0.0026850481428475717 1.5777293
true 2.3690851113755684e-5 355 4 1 0.118 4 0.0026850481428475717 2.4431064
true 8.334883350058497e-6 64 4 1 0.119 1 0.0027701810130645915 0.106972
true 0.00024867730766958696 131 4 1 0.119 2 0.0027701810130645915 0.4494339
true 0.0002190665204513942 221 4 1 0.119 3 0.0027701810130645915 1.0296127
true 9.241291495054593e-5 346 4 1 0.119 4 0.0027701810130645915 2.0734025
true 8.838503693542332e-6 61 4 1 0.12 1 0.002857451366537061 0.1106031
true 4.556327494831258e-5 157 4 1 0.12 2 0.002857451366537061 0.4932206
true 1.119052844628099e-5 428 4 1 0.12 3 0.002857451366537061 1.7191208
true 0.00011751243812724299 342 4 1 0.12 4 0.002857451366537061 2.2574671
true 9.271430138235726e-6 56 4 1 0.121 1 0.0029469847313140993 0.0994489
true 0.00032469595822370856 155 4 1 0.121 2 0.0029469847313140993 0.5012003
true 2.9675274945628605e-5 311 4 1 0.121 3 0.0029469847313140993 1.3504526
true 1.8811390767314862e-5 412 4 1 0.121 4 0.0029469847313140993 2.4543007
true 9.788524487630568e-6 55 4 1 0.122 1 0.003038890688284693 0.0952471
true 0.00032653251296571595 124 4 1 0.122 2 0.003038890688284693 0.4131375
true 2.060124667968566e-5 579 4 1 0.122 3 0.003038890688284693 2.2274369
true 1.4335179263635922e-6 455 4 1 0.122 4 0.003038890688284693 2.6296532
true 1.0223350935145703e-5 65 4 1 0.123 1 0.0031332696419203512 0.1205372
true 0.0003402303599472356 137 4 1 0.123 2 0.0031332696419203512 0.4232939
true 9.473131411241731e-5 374 4 1 0.123 3 0.0031332696419203512 1.6266752
true 8.995082082480232e-5 372 4 1 0.123 4 0.0031332696419203512 2.3737203
true 1.0406308273147591e-5 63 4 1 0.124 1 0.00323021696439531 0.11246
true 0.00023102564661264813 142 4 1 0.124 2 0.00323021696439531 0.430276
true 0.00023947513135308407 268 4 1 0.124 3 0.00323021696439531 1.1046249
true 5.231301603569882e-5 433 4 1 0.124 4 0.00323021696439531 2.3591232
true 1.1331843756123838e-5 58 4 1 0.125 1 0.00332982548065795 0.1050817
true 0.00036587330588688793 139 4 1 0.125 2 0.00332982548065795 0.4659558
true 1.6547438924319202e-5 238 4 1 0.125 3 0.00332982548065795 1.1271919
true 2.9514625356830138e-5 342 4 1 0.125 4 0.00332982548065795 2.0095875
true 1.153244117246821e-5 52 4 1 0.126 1 0.0034321869595753526 0.0904366
true 0.0003709081093399291 154 4 1 0.126 2 0.0034321869595753526 0.4725551
true 7.570793629896322e-6 238 4 1 0.126 3 0.0034321869595753526 1.1620417
true 1.64211955753224e-5 392 4 1 0.126 4 0.0034321869595753526 2.3450409
true 1.2054079535694928e-5 55 4 1 0.127 1 0.0035373930255500974 0.096861
true 0.0003158551290511902 144 4 1 0.127 2 0.0035373930255500974 0.4620672
true 0.00011544978579502985 240 4 1 0.127 3 0.0035373930255500974 1.1092418
true 4.2079030994846e-5 415 4 1 0.127 4 0.0035373930255500974 2.2866906
true 1.2815021894152512e-5 100 4 1 0.128 1 0.0036455357369792915 0.1626599
true 0.0004127306593046387 137 4 1 0.128 2 0.0036455357369792915 0.4025772
true 6.528359006863216e-5 279 4 1 0.128 3 0.0036455357369792915 1.1651817
true 5.775488673831486e-5 352 4 1 0.128 4 0.0036455357369792915 2.0117923
true 1.3120722864801149e-5 50 4 1 0.129 1 0.0037567079749449175 0.0859584
true 0.0004192799099884681 216 4 1 0.129 2 0.0037567079749449175 0.6193585
true 0.0002996705444806014 247 4 1 0.129 3 0.0037567079749449175 1.2035026
true 0.00011190286686463269 478 4 1 0.129 4 0.0037567079749449175 2.5881808
true 1.4619238713431404e-5 47 4 1 0.13 1 0.0038710037250973186 0.0767067
true 0.0003039549210036019 159 4 1 0.13 2 0.0038710037250973186 0.4765234
true 0.00022419388916211647 263 4 1 0.13 3 0.0038710037250973186 1.0950501
true 6.375594039886856e-5 347 4 1 0.13 4 0.0038710037250973186 2.1719709
true 1.4723089080959095e-5 57 4 1 0.131 1 0.003988518299484642 0.0966465
true 5.198833399028269e-5 148 4 1 0.131 2 0.003988518299484642 0.4625417
true 2.5224923883016004e-5 240 4 1 0.131 3 0.003988518299484642 1.0900128
true 1.7857096010598372e-5 416 4 1 0.131 4 0.003988518299484642 2.4809549
true 1.5075718167112395e-5 63 4 1 0.132 1 0.004109348527007269 0.1082545
true 0.00048630353766443424 146 4 1 0.132 2 0.004109348527007269 0.4454925
true 0.0001423815182475252 236 4 1 0.132 3 0.004109348527007269 1.0738019
true 8.826786472238002e-6 536 4 1 0.132 4 0.004109348527007269 2.8471535
true 1.6452647037590307e-5 56 4 1 0.133 1 0.0042335929270197374 0.094087
true 0.000650061492767029 174 4 1 0.133 2 0.0042335929270197374 0.5794784
true 1.3730491343288964e-5 225 4 1 0.133 3 0.0042335929270197374 1.0348754
true 6.470416093801168e-5 477 4 1 0.133 4 0.0042335929270197374 2.6654324
true 1.6556961557057104e-5 50 4 1 0.134 1 0.004361351875527179 0.0874345
true 0.000445623152100838 118 4 1 0.134 2 0.004361351875527179 0.375337
true 1.5141063355261775e-5 234 4 1 0.134 3 0.004361351875527179 1.0245175
true 3.813513563971638e-5 631 4 1 0.134 4 0.004361351875527179 3.3814893
true 1.7349862372006974e-5 50 4 1 0.135 1 0.004492727768579933 0.0911548
true 0.0004965426701664111 131 4 1 0.135 2 0.004492727768579933 0.4344426
true 3.8829090808156774e-5 249 4 1 0.135 3 0.004492727768579933 1.2517882
true 0.00018068793661590865 379 4 1 0.135 4 0.004492727768579933 2.2282643
true 1.8607223727706845e-5 49 4 1 0.136 1 0.004627825185214067 0.0967553
true 0.0005261351187038077 151 4 1 0.136 2 0.004627825185214067 0.4827426
true 0.00011671578642241665 475 4 1 0.136 3 0.004627825185214067 1.8999938
true 7.702399743553245e-5 344 4 1 0.136 4 0.004627825185214067 2.0998536
true 1.9231456850177242e-5 55 4 1 0.137 1 0.004766751050847998 0.0940989
true 0.000324139791852307 138 4 1 0.137 2 0.004766751050847998 0.4448898
true 3.2752744806852085e-5 259 4 1 0.137 3 0.004766751050847998 1.9602872
true 1.143034804784726e-5 653 4 1 0.137 4 0.004766751050847998 5.4855251
true 2.046132348443308e-5 57 4 1 0.138 1 0.00490961480106756 0.1681616
true 0.0005782765368185783 151 4 1 0.138 2 0.00490961480106756 0.7973291
true 0.00017371065282145715 228 4 1 0.138 3 0.00490961480106756 1.8029066
true 3.7588347639616604e-5 389 4 1 0.138 4 0.00490961480106756 4.0629072
true 2.0879975497323233e-5 63 4 1 0.139 1 0.005056528545168465 0.1686799
true 3.0139783569804734e-5 439 4 1 0.139 2 0.005056528545168465 1.9444165
true 2.9129850543152536e-5 258 4 1 0.139 3 0.005056528545168465 2.011902
true 0.0002840404419467979 343 4 1 0.139 4 0.005056528545168465 3.5801741
true 2.18877425580688e-5 54 4 1 0.14 1 0.005207607228596099 0.1573903
true 0.00043908131210901313 158 4 1 0.14 2 0.005207607228596099 0.836397
true 0.0004945292931580747 239 4 1 0.14 3 0.005207607228596099 1.9476153
true 1.5256237792804495e-5 380 4 1 0.14 4 0.005207607228596099 4.0779869
true 2.3075440727715613e-5 64 4 1 0.141 1 0.0053629687934928505 0.1878467
true 0.0006515332671681029 120 4 1 0.141 2 0.0053629687934928505 0.6821802
true 5.058014057052196e-5 337 4 1 0.141 3 0.0053629687934928505 2.3701329
true 8.279105076003379e-6 1042 4 1 0.141 4 0.0053629687934928505 8.804348
true 2.39347728019923e-5 60 4 1 0.142 1 0.0055227343361382505 0.1745351
true 0.0006526271252952909 151 4 1 0.142 2 0.0055227343361382505 0.789532
true 0.0004567700634396932 292 4 1 0.142 3 0.0055227343361382505 2.3771724
true 6.78242409962726e-6 1540 4 1 0.142 4 0.0055227343361382505 12.0629111
true 2.5045499074227706e-5 60 4 1 0.143 1 0.0056870282607153905 0.1771916
true 5.749669677701519e-6 375 4 1 0.143 2 0.0056870282607153905 1.8063118
true 1.6823449944469715e-5 707 4 1 0.143 3 0.0056870282607153905 4.9543332
true 7.79696984585243e-5 398 4 1 0.143 4 0.0056870282607153905 4.6148889
true 2.6782827451277136e-5 54 4 1 0.144 1 0.005855978428437052 0.157565
true 0.0006575973433536331 150 4 1 0.144 2 0.005855978428437052 0.7856305
true 4.2006201308730784e-5 286 4 1 0.144 3 0.005855978428437052 2.0017006
true 2.1303110670056746e-5 490 4 1 0.144 4 0.005855978428437052 4.5803681
true 2.7975731729135145e-5 62 4 1 0.145 1 0.006029716301483369 0.1743367
true 0.0007571574312859042 146 4 1 0.145 2 0.006029716301483369 0.7765188
true 3.134479130834089e-5 696 4 1 0.145 3 0.006029716301483369 4.6327586
true 1.802894444830061e-5 571 4 1 0.145 4 0.006029716301483369 5.029285
true 2.8934666247815155e-5 59 4 1 0.146 1 0.006208377081306067 0.173722
true 3.1368604746728757e-5 353 4 1 0.146 2 0.006208377081306067 1.6043525
true 0.0001967294247842699 228 4 1 0.146 3 0.006208377081306067 1.7547897
true 3.9690241290690764e-5 462 4 1 0.146 4 0.006208377081306067 4.3730493
true 3.0169166547355797e-5 44 4 1 0.147 1 0.006392099840920522 0.1422109
true 6.861165932908753e-5 169 4 1 0.147 2 0.006392099840920522 0.9199895
true 0.0002602111109410443 351 4 1 0.147 3 0.006392099840920522 2.6830785
true 4.918234970507918e-6 1415 4 1 0.147 4 0.006392099840920522 10.9849411
true 3.158849576095912e-5 48 4 1 0.148 1 0.006581027651003522 0.148069
true 1.6534659052713785e-5 379 4 1 0.148 2 0.006581027651003522 1.7402859
true 2.0933921934362942e-5 656 4 1 0.148 3 0.006581027651003522 4.1826402
true 5.044509338636427e-6 362 4 1 0.148 4 0.006581027651003522 3.5107924
true 3.304188867919722e-5 51 4 1 0.149 1 0.006775307699688772 0.1397751
true 0.000662856597187067 318 4 1 0.149 2 0.006775307699688772 1.516444
true 3.893555868844656e-5 851 4 1 0.149 3 0.006775307699688772 5.3423537
true 1.7176347135605674e-5 1675 4 1 0.149 4 0.006775307699688772 13.034024
true 3.5080645325369364e-5 68 4 1 0.15 1 0.006975091406260766 0.1953205
true 0.000278490989006841 172 4 1 0.15 2 0.006975091406260766 0.9496782
true 0.0008452983103114375 233 4 1 0.15 3 0.006975091406260766 1.8091659
true 8.854799570412464e-6 1060 4 1 0.15 4 0.006975091406260766 9.1947637
true 3.599531337056261e-5 51 4 1 0.151 1 0.007180534528736803 0.1420575
true 0.0008873132472695389 153 4 1 0.151 2 0.007180534528736803 0.7717343
true 3.074374786893319e-5 243 4 1 0.151 3 0.007180534528736803 1.880264
true 4.211770090539746e-5 833 4 1 0.151 4 0.007180534528736803 6.9300284
true 3.7681763362884535e-5 58 4 1 0.152 1 0.007391797265844023 0.1768744
true 0.0004020375098225393 149 4 1 0.152 2 0.007391797265844023 0.7908316
true 9.587022765877862e-6 659 4 1 0.152 3 0.007391797265844023 4.1299647
true 6.0270683233110134e-5 381 4 1 0.152 4 0.007391797265844023 4.3116241
true 3.936908044882559e-5 56 4 1 0.153 1 0.007609044353521305 0.1701475
true 1.2758726880779392e-5 139 4 1 0.153 2 0.007609044353521305 0.8336691
true 4.169194097108919e-5 1139 4 1 0.153 3 0.007609044353521305 7.2789112
true 2.9471360429356164e-5 396 4 1 0.153 4 0.007609044353521305 4.2326209
true 4.1120236966174506e-5 56 4 1 0.154 1 0.007832445156474523 0.1877985
true 0.0009841474046624055 113 4 1 0.154 2 0.007832445156474523 0.6552286
true 6.743410831455687e-6 272 4 1 0.154 3 0.007832445156474523 2.1725488
true 9.822875284959398e-5 659 4 1 0.154 4 0.007832445156474523 5.878453
true 4.298334907237855e-5 64 4 1 0.155 1 0.008062173755126356 0.2022792
true 0.0010102551686094197 138 4 1 0.155 2 0.008062173755126356 0.8155481
true 1.099391681635975e-5 574 4 1 0.155 3 0.008062173755126356 4.1617144
true 2.516626019077872e-6 327 4 1 0.155 4 0.008062173755126356 3.8658554
true 4.4877831512524224e-5 65 4 1 0.156 1 0.008298409028428565 0.2051779
true 0.0005548542433048143 197 4 1 0.156 2 0.008298409028428565 1.2371526
true 0.0004279166114234956 228 4 1 0.156 3 0.008298409028428565 1.8160011
true 1.5798667938438093e-5 527 4 1 0.156 4 0.008298409028428565 4.7963505
true 4.6795511341179985e-5 67 4 1 0.157 1 0.008541334732802826 0.1960238
true 0.0010393529458768147 122 4 1 0.157 2 0.008541334732802826 0.7233651
true 3.586138332861699e-5 257 4 1 0.157 3 0.008541334732802826 2.0743676
true 1.4796461806909633e-6 1038 4 1 0.157 4 0.008541334732802826 8.5538209
true 4.933210727553483e-5 59 4 1 0.158 1 0.008791139577714067 0.1707154
true 0.001090373631658148 148 4 1 0.158 2 0.008791139577714067 0.8401698
true 0.00043170568985773095 240 4 1 0.158 3 0.008791139577714067 2.125
true 0.0002108571714481422 373 4 1 0.158 4 0.008791139577714067 3.9801619
true 5.110300484512109e-5 50 4 1 0.159 1 0.009048017298230123 0.1706932
true 0.001139800824956072 147 4 1 0.159 2 0.009048017298230123 0.848418
true 1.5096154080074253e-5 544 4 1 0.159 3 0.009048017298230123 3.8614664
true 9.721409084006982e-6 1863 4 1 0.159 4 0.009048017298230123 14.548981
true 5.367543267703612e-5 50 4 1 0.16 1 0.009312166724123666 0.1515228
true 0.0011640853468903312 144 4 1 0.16 2 0.009312166724123666 0.7740398
true 4.441833652812921e-5 594 4 1 0.16 3 0.009312166724123666 3.8128879
true 0.00016420435747172002 511 4 1 0.16 4 0.009312166724123666 4.5566707
true 5.5965500578347704e-5 55 4 1 0.161 1 0.009583791846906636 0.1526892
true 5.5231891439244674e-5 461 4 1 0.161 2 0.009583791846906636 2.0627377
true 6.64012987035556e-5 233 4 1 0.161 3 0.009583791846906636 1.907471
true 7.876603695355922e-5 452 4 1 0.161 4 0.009583791846906636 4.3613981
true 5.867083653188221e-5 52 4 1 0.162 1 0.009863101883838654 0.1567451
true 1.849062998138251e-5 628 4 1 0.162 2 0.009863101883838654 2.7976648
true 4.779687715517067e-5 310 4 1 0.162 3 0.009863101883838654 2.1833128
true 3.05897171180014e-5 380 4 1 0.162 4 0.009863101883838654 3.6854671
true 6.095973976888436e-5 60 4 1 0.163 1 0.010150311339641352 0.1725517
true 0.0012878169284675223 168 4 1 0.163 2 0.010150311339641352 0.9353248
true 0.00015312349866342112 262 4 1 0.163 3 0.010150311339641352 1.8922117
true 3.906650573098913e-5 410 4 1 0.163 4 0.010150311339641352 4.2434877
true 6.36511408398377e-5 54 4 1 0.164 1 0.010445640065597388 0.1671111
true 3.7707251233087824e-5 428 4 1 0.164 2 0.010445640065597388 1.9127396
true 6.167196215356441e-5 525 4 1 0.164 3 0.010445640065597388 3.4825484
true 1.0820947949907733e-5 447 4 1 0.164 4 0.010445640065597388 4.1379101
true 6.656852222491905e-5 67 4 1 0.165 1 0.010749313316355258 0.1873094
true 0.0013487675432996005 146 4 1 0.165 2 0.010749313316355258 0.766419
true 0.0003437557897998933 323 4 1 0.165 3 0.010749313316355258 2.454266
true 9.559907038159121e-6 1125 4 1 0.165 4 0.010749313316355258 9.0027477
true 6.942379089797113e-5 70 4 1 0.166 1 0.011061561804181242 0.2181784
true 0.0014558381854651303 170 4 1 0.166 2 0.011061561804181242 0.8271937
true 0.0002081323993011197 254 4 1 0.166 3 0.011061561804181242 2.0380176
true 7.302615176063565e-6 852 4 1 0.166 4 0.011061561804181242 7.1372034
true 7.25684230170609e-5 55 4 1 0.167 1 0.011382621750958381 0.1617446
true 4.969367440893491e-5 207 4 1 0.167 2 0.011382621750958381 1.0539673
true 0.0014108104538544386 246 4 1 0.167 3 0.011382621750958381 2.0075056
true 3.3857918368407347e-6 1058 4 1 0.167 4 0.011382621750958381 8.5717877
true 7.6261911704123e-5 59 4 1 0.168 1 0.011712734937713137 0.1855714
true 0.000448023010411025 135 4 1 0.168 2 0.011712734937713137 0.7487322
true 4.7001110717315164e-6 268 4 1 0.168 3 0.011712734937713137 2.3667125
true 2.7796197093921116e-5 491 4 1 0.168 4 0.011712734937713137 4.834783
true 7.899695147167707e-5 66 4 1 0.169 1 0.012052148751843045 0.1770966
true 0.0015509961615962076 146 4 1 0.169 2 0.012052148751843045 0.7814178
true 0.0003572545138514349 245 4 1 0.169 3 0.012052148751843045 1.8753314
true 4.9493576036452325e-6 764 4 1 0.169 4 0.012052148751843045 6.2404744
true 8.283839033113027e-5 61 4 1 0.17 1 0.012401116232128213 0.1884988
true 0.0012555540319992842 140 4 1 0.17 2 0.012401116232128213 0.7380243
true 2.4231032367039163e-5 936 4 1 0.17 3 0.012401116232128213 5.9152018
true 3.0871096522999686e-6 974 4 1 0.17 4 0.012401116232128213 8.101844
true 8.627693362756039e-5 61 4 1 0.171 1 0.012759896111542827 0.1856554
true 2.5489439539616576e-5 192 4 1 0.171 2 0.012759896111542827 0.9383562
true 9.197278815636922e-5 225 4 1 0.171 3 0.012759896111542827 1.8049029
true 6.94140600659976e-6 798 4 1 0.171 4 0.012759896111542827 6.8484039
true 8.994748540575026e-5 63 4 1 0.172 1 0.013128752858475716 0.1870909
true 1.611656587935384e-5 388 4 1 0.172 2 0.013128752858475716 1.7946965
true 2.0579060808934013e-5 578 4 1 0.172 3 0.013128752858475716 3.8538773
true 1.0785919367539698e-5 626 4 1 0.172 4 0.013128752858475716 5.1977729
true 9.418125392823828e-5 53 4 1 0.173 1 0.013507956715577214 0.1612786
true 0.001855922211061789 146 4 1 0.173 2 0.013507956715577214 0.7336933
true 2.0699616882835503e-5 528 4 1 0.173 3 0.013507956715577214 3.8083059
true 6.808287551118841e-6 873 4 1 0.173 4 0.013507956715577214 7.6730657
true 9.816036655629912e-5 56 4 1 0.174 1 0.013897783737844616 0.1555156
true 0.0018305306123270748 165 4 1 0.174 2 0.013897783737844616 0.8335188
true 4.22447267579007e-5 740 4 1 0.174 3 0.013897783737844616 4.8980561
true 3.4103687538422633e-6 335 4 1 0.174 4 0.013897783737844616 3.3428884
true 0.00010229367659764232 53 4 1 0.175 1 0.014298515829243665 0.1622089
true 0.0019432985236269018 138 4 1 0.175 2 0.014298515829243665 0.7229803
true 7.756311745238387e-5 256 4 1 0.175 3 0.014298515829243665 2.0585103
true 1.2279888303323716e-5 400 4 1 0.175 4 0.014298515829243665 3.7338944
true 0.00010675681567290374 54 4 1 0.176 1 0.014710440778673329 0.1662572
true 4.2631240040669205e-5 347 4 1 0.176 2 0.014710440778673329 1.5950851
true 3.5118349758722633e-5 372 4 1 0.176 3 0.014710440778673329 2.8265168
true 0.00017210565252895327 595 4 1 0.176 4 0.014710440778673329 5.0951205
true 0.00011158062338845198 52 4 1 0.177 1 0.015133852295712928 0.1755643
true 2.6360161055893894e-5 530 4 1 0.177 2 0.015133852295712928 2.4812858
true 3.896795562557953e-5 1058 4 1 0.177 3 0.015133852295712928 6.6227685
true 2.5996491916369102e-6 723 4 1 0.177 4 0.015133852295712928 6.1123818
true 0.0001162655580490557 57 4 1 0.178 1 0.015569050046368863 0.1721122
true 0.0021550509254548156 135 4 1 0.178 2 0.015569050046368863 0.7349437
true 0.00030087589450294994 269 4 1 0.178 3 0.015569050046368863 2.0588095
true 2.1074265006970627e-6 938 4 1 0.178 4 0.015569050046368863 7.7125739
true 0.00012150103695890424 54 4 1 0.179 1 0.016016339689456052 0.149492
true 0.0002619515148281071 139 4 1 0.179 2 0.016016339689456052 0.7505187
true 4.404368074306664e-5 838 4 1 0.179 3 0.016016339689456052 5.1948806
true 0.00011332756219795126 705 4 1 0.179 4 0.016016339689456052 6.0235089
true 0.00012683676570457436 65 4 1 0.18 1 0.01647603291411175 0.1727378
true 0.0022636837029678114 210 4 1 0.18 2 0.01647603291411175 0.9895525
true 0.00011054640547786265 279 4 1 0.18 3 0.01647603291411175 2.1400196
true 5.161903009809343e-5 338 4 1 0.18 4 0.01647603291411175 3.5089599