changes = Time vs nsites = 4 vs nqubits0 vs h vs nlayers

g_converged min_loss iter nsites nqubits0 h nlayers SvN time
true 1.392524451859778e-7 55 4 1 0.0 1 0.0 5.07
true 1.0362588537260464e-7 141 4 1 0.0 2 0.0 0.77
true 1.0432885028111016e-7 344 4 1 0.0 3 0.0 1.68
true 1.4881151921830593e-8 340 4 1 0.0 4 0.0 2.62
true 3.349920844331056e-7 60 4 2 0.0 1 0.0 0.14
true 2.7555411992563617e-5 225 4 2 0.0 2 0.0 0.76
true 9.261444859354206e-7 506 4 2 0.0 3 0.0 2.46
true 5.3733672086275774e-6 689 4 2 0.0 4 0.0 4.49
true 2.6808207113463805e-7 72 4 3 0.0 1 0.0 0.16
true 8.700225156606697e-7 176 4 3 0.0 2 0.0 0.61
true 1.425952678528001e-7 586 4 3 0.0 3 0.0 2.94
true 1.5938252249103613e-6 715 4 3 0.0 4 0.0 4.46
true 3.824000029267749e-7 86 4 4 0.0 1 0.0 0.21
true 7.850772931750072e-8 262 4 4 0.0 2 0.0 0.9
true 1.9987765523254986e-7 415 4 4 0.0 3 0.0 2.19
true 3.265189177248384e-5 508 4 4 0.0 4 0.0 3.57
true 3.854051450202789e-7 55 4 1 0.02 1 1.5519341457791147e-8 0.14
true 1.265866215183209e-7 98 4 1 0.02 2 1.5519341457791147e-8 0.37
true 1.7601977205239372e-6 245 4 1 0.02 3 1.5519341457791147e-8 1.49
true 8.160491314357365e-7 527 4 1 0.02 4 1.5519341457791147e-8 3.53
true 3.1037780096054846e-8 77 4 2 0.02 1 1.5519341457791147e-8 0.14
true 5.826663901087326e-7 156 4 2 0.02 2 1.5519341457791147e-8 0.61
true 2.0469894382313392e-7 402 4 2 0.02 3 1.5519341457791147e-8 2.04
true 1.1341994596014704e-6 539 4 2 0.02 4 1.5519341457791147e-8 3.56
true 7.965275534889867e-7 68 4 3 0.02 1 1.5519341457791147e-8 0.14
true 2.751017741386974e-7 217 4 3 0.02 2 1.5519341457791147e-8 0.78
true 8.72915500993443e-8 285 4 3 0.02 3 1.5519341457791147e-8 1.52
true 5.247830621835092e-6 1501 4 3 0.02 4 1.5519341457791147e-8 8.31
true 4.550939263353593e-7 114 4 4 0.02 1 1.5519341457791147e-8 0.29
true 3.4075788975240773e-7 366 4 4 0.02 2 1.5519341457791147e-8 1.32
true 6.118229127438646e-6 676 4 4 0.02 3 1.5519341457791147e-8 3.29
true 7.082356037108051e-6 1250 4 4 0.02 4 1.5519341457791147e-8 7.4
true 1.0451742726846902e-7 53 4 1 0.04 1 5.221054521751489e-7 0.11
true 4.076418609888499e-7 120 4 1 0.04 2 5.221054521751489e-7 0.46
true 1.5848332696188905e-7 244 4 1 0.04 3 5.221054521751489e-7 1.39
true 1.6500507898919992e-7 344 4 1 0.04 4 5.221054521751489e-7 3.9
true 1.0536173333519638e-6 66 4 2 0.04 1 5.221054521751489e-7 0.24
true 1.709681910488925e-7 219 4 2 0.04 2 5.221054521751489e-7 1.28
true 1.3248305021085205e-6 333 4 2 0.04 3 5.221054521751489e-7 3.23
true 3.09322784219912e-7 458 4 2 0.04 4 5.221054521751489e-7 5.8
true 1.3966091987338558e-6 84 4 3 0.04 1 5.221054521751489e-7 0.3
true 1.0948401639176986e-6 165 4 3 0.04 2 5.221054521751489e-7 1.12
true 4.2232149458643065e-6 283 4 3 0.04 3 5.221054521751489e-7 2.65
true 1.5039413697348625e-5 1057 4 3 0.04 4 5.221054521751489e-7 10.44
true 0.25000033259754484 82 4 4 0.04 1 5.221054521751489e-7 0.32
true 1.3900970971814086e-6 253 4 4 0.04 2 5.221054521751489e-7 1.51
true 0.2500375290766822 323 4 4 0.04 3 5.221054521751489e-7 2.95
true 3.724090411513781e-5 508 4 4 0.04 4 5.221054521751489e-7 5.82
true 3.8737805180266704e-7 56 4 1 0.06 1 3.2712639605332464e-5 0.2
true 2.417006155275292e-6 144 4 1 0.06 2 3.2712639605332464e-5 0.94
true 2.459706879787138e-6 223 4 1 0.06 3 3.2712639605332464e-5 2.18
true 3.6987677717315037e-6 332 4 1 0.06 4 3.2712639605332464e-5 4.09
true 1.8621694017617596e-6 81 4 2 0.06 1 3.2712639605332464e-5 0.28
true 7.487180933574145e-7 197 4 2 0.06 2 3.2712639605332464e-5 1.21
true 1.6607228325860035e-6 375 4 2 0.06 3 3.2712639605332464e-5 3.15
true 5.005179397943316e-6 502 4 2 0.06 4 3.2712639605332464e-5 5.53
true 0.33333463823840104 66 4 3 0.06 1 3.2712639605332464e-5 0.24
true 2.5062874982791548e-6 180 4 3 0.06 2 3.2712639605332464e-5 1.21
true 1.0118658819890936e-5 566 4 3 0.06 3 3.2712639605332464e-5 4.56
true 1.0029987317028422e-5 1023 4 3 0.06 4 3.2712639605332464e-5 10.08
true 0.25000190503596564 100 4 4 0.06 1 3.2712639605332464e-5 0.38
true 2.742193856500319e-6 199 4 4 0.06 2 3.2712639605332464e-5 1.32
true 1.8384828461975866e-6 511 4 4 0.06 3 3.2712639605332464e-5 4.45
true 2.8119924042196986e-6 453 4 4 0.06 4 3.2712639605332464e-5 6.01
true 4.86011105915729e-7 58 4 1 0.08 1 0.00031555771092967207 0.21
true 2.976193844606012e-5 142 4 1 0.08 2 0.00031555771092967207 0.92
true 2.4958430841770518e-5 254 4 1 0.08 3 0.00031555771092967207 2.52
true 9.457845722149472e-7 407 4 1 0.08 4 0.00031555771092967207 5.12
true 1.6113064785716613e-5 60 4 2 0.08 1 0.00031555771092967207 0.23
true 2.2103429202335878e-5 192 4 2 0.08 2 0.00031555771092967207 1.18
true 1.757203092445092e-5 309 4 2 0.08 3 0.00031555771092967207 2.83
true 2.7516399853350082e-5 388 4 2 0.08 4 0.00031555771092967207 4.85
true 2.0261981239814524e-5 67 4 3 0.08 1 0.00031555771092967207 0.24
true 2.188098367783553e-5 225 4 3 0.08 2 0.00031555771092967207 1.38
true 2.077408299011596e-5 395 4 3 0.08 3 0.00031555771092967207 3.35
true 9.67852683638378e-6 366 4 3 0.08 4 0.00031555771092967207 4.54
true 1.5251485011469335e-5 72 4 4 0.08 1 0.00031555771092967207 0.28
true 1.1935942911669994e-5 208 4 4 0.08 2 0.00031555771092967207 1.35
true 1.9899099194656267e-5 292 4 4 0.08 3 0.00031555771092967207 2.75
true 4.06397853944529e-5 575 4 4 0.08 4 0.00031555771092967207 6.84
true 2.6117169059092227e-6 52 4 1 0.1 1 0.0012584685665444728 0.19
true 0.00012528343327711244 139 4 1 0.1 2 0.0012584685665444728 0.83
true 0.00011147924721210956 255 4 1 0.1 3 0.0012584685665444728 2.29
true 1.7742658193042882e-5 438 4 1 0.1 4 0.0012584685665444728 4.85
true 6.627177338833223e-5 78 4 2 0.1 1 0.0012584685665444728 0.27
true 0.49999879693025895 120 4 2 0.1 2 0.0012584685665444728 0.84
true 4.981489702293729e-5 253 4 2 0.1 3 0.0012584685665444728 2.53
true 5.512646551361633e-5 429 4 2 0.1 4 0.0012584685665444728 5.02
true 8.782710582661002e-5 94 4 3 0.1 1 0.0012584685665444728 0.33
true 0.00011129944452261305 255 4 3 0.1 2 0.0012584685665444728 1.59
true 4.196018712014175e-5 253 4 3 0.1 3 0.0012584685665444728 2.45
true 1.1581362129401787e-5 868 4 3 0.1 4 0.0012584685665444728 8.96
true 6.728493176040573e-5 88 4 4 0.1 1 0.0012584685665444728 0.35
true 9.337023194833094e-5 323 4 4 0.1 2 0.0012584685665444728 1.99
true 7.217158321620731e-5 614 4 4 0.1 3 0.0012584685665444728 4.86
true 4.204602993547468e-5 538 4 4 0.1 4 0.0012584685665444728 6.15
true 8.816411512679867e-6 55 4 1 0.12 1 0.002857451366537061 0.2
true 0.00031755110886733107 137 4 1 0.12 2 0.002857451366537061 0.93
true 5.272196514416461e-6 286 4 1 0.12 3 0.002857451366537061 2.62
true 5.9856249179923715e-6 388 4 1 0.12 4 0.002857451366537061 4.63
true 0.0001644361891832702 72 4 2 0.12 1 0.002857451366537061 0.25
true 3.8840375274823424e-5 172 4 2 0.12 2 0.002857451366537061 1.05
true 0.00015930299046473806 355 4 2 0.12 3 0.002857451366537061 2.97
true 0.00016683565852565474 342 4 2 0.12 4 0.002857451366537061 4.42
true 0.00021641556128931816 78 4 3 0.12 1 0.002857451366537061 0.28
true 0.00021169221828247023 284 4 3 0.12 2 0.002857451366537061 1.68
true 0.00022517567006212028 829 4 3 0.12 3 0.002857451366537061 6.48
true 5.399806585002868e-5 1352 4 3 0.12 4 0.002857451366537061 13.34
true 0.00016750482745463147 87 4 4 0.12 1 0.002857451366537061 0.33
true 0.00023059274252885953 383 4 4 0.12 2 0.002857451366537061 2.18
true 0.0001840957543679106 368 4 4 0.12 3 0.002857451366537061 3.24
true 0.00012111186616202418 773 4 4 0.12 4 0.002857451366537061 7.91
true 2.21616822447257e-5 53 4 1 0.14 1 0.005207607228596099 0.18
true 4.32398071847917e-5 322 4 1 0.14 2 0.005207607228596099 1.82
true 2.15473354706619e-5 273 4 1 0.14 3 0.005207607228596099 2.63
true 1.377550133169203e-5 681 4 1 0.14 4 0.005207607228596099 6.92
true 0.000323326778407379 80 4 2 0.14 1 0.005207607228596099 0.28
true 0.0002748281526391838 182 4 2 0.14 2 0.005207607228596099 1.13
true 0.00029950100082454245 265 4 2 0.14 3 0.005207607228596099 2.43
true 0.00011084637583741452 987 4 2 0.14 4 0.005207607228596099 9.5
true 0.3333403307771316 66 4 3 0.14 1 0.005207607228596099 0.25
true 0.0005920350935864257 253 4 3 0.14 2 0.005207607228596099 1.49
true 0.00027958100241052647 625 4 3 0.14 3 0.005207607228596099 4.86
true 0.00029115671067666177 437 4 3 0.14 4 0.005207607228596099 5.39
true 0.00032775216645164473 100 4 4 0.14 1 0.005207607228596099 0.36
true 0.2500428008590393 276 4 4 0.14 2 0.005207607228596099 1.71
true 0.00029372962660531576 383 4 4 0.14 3 0.005207607228596099 3.3
true 9.967738993016395e-5 1498 4 4 0.14 4 0.005207607228596099 14.21
true 5.38297194942472e-5 67 4 1 0.16 1 0.009312166724123666 0.25
true 7.762525189164426e-5 279 4 1 0.16 2 0.009312166724123666 1.56
true 0.0011641005772047297 417 4 1 0.16 3 0.009312166724123666 3.44
true 2.8855816709805193e-5 372 4 1 0.16 4 0.009312166724123666 4.37
true 0.000624268292992114 62 4 2 0.16 1 0.009312166724123666 0.23
true 0.001163555625439655 205 4 2 0.16 2 0.009312166724123666 1.28
true 0.0005394586118311617 438 4 2 0.16 3 0.009312166724123666 3.8
true 3.7165720458226525e-5 1057 4 2 0.16 4 0.009312166724123666 10.12
true 0.0008173412202122088 71 4 3 0.16 1 0.009312166724123666 0.27
true 0.0009429232363612668 167 4 3 0.16 2 0.009312166724123666 1.12
true 0.0004419527058240891 687 4 3 0.16 3 0.009312166724123666 5.71
true 0.0004898055353438161 912 4 3 0.16 4 0.009312166724123666 9.58
true 0.25060961520139635 73 4 4 0.16 1 0.009312166724123666 0.28
true 3.1414595507095466e-5 418 4 4 0.16 2 0.009312166724123666 2.33
true 0.0008472564380904574 323 4 4 0.16 3 0.009312166724123666 3.05
true 9.494029234774493e-5 1894 4 4 0.16 4 0.009312166724123666 17.86
true 0.00012668722494474371 61 4 1 0.18 1 0.01647603291411175 0.22
true 0.00010442862614357118 296 4 1 0.18 2 0.01647603291411175 1.67
true 3.329410982677583e-5 553 4 1 0.18 3 0.01647603291411175 4.23
true 7.013718829984583e-5 910 4 1 0.18 4 0.01647603291411175 9.2
true 0.0012004150328210894 63 4 2 0.18 1 0.01647603291411175 0.23
true 0.00015080950019369377 231 4 2 0.18 2 0.01647603291411175 1.31
true 0.0011939195436752592 279 4 2 0.18 3 0.01647603291411175 2.59
true 9.7557066581766e-6 1014 4 2 0.18 4 0.01647603291411175 10.16
true 0.0015680043501627994 58 4 3 0.18 1 0.01647603291411175 0.21
true 0.0023040294445982323 265 4 3 0.18 2 0.01647603291411175 1.56
true 0.0008664466238171483 296 4 3 0.18 3 0.01647603291411175 2.77
true 0.002067000403935889 475 4 3 0.18 4 0.01647603291411175 5.33
true 0.0012302866806545854 99 4 4 0.18 1 0.01647603291411175 0.34
true 0.0012181984917985361 250 4 4 0.18 2 0.01647603291411175 1.55
true 4.6004116976139375e-5 1947 4 4 0.18 3 0.01647603291411175 14.6
true 0.00042591121482106475 2844 4 4 0.18 4 0.01647603291411175 26.57
true 0.00029189257602685315 70 4 1 0.2 1 0.028809882776728333 0.25
true 0.004344694471423383 202 4 1 0.2 2 0.028809882776728333 1.19
true 6.774844746126885e-5 449 4 1 0.2 3 0.028809882776728333 3.52
true 5.765625102904792e-7 1150 4 1 0.2 4 0.028809882776728333 11.22
true 0.0023004502086123313 118 4 2 0.2 1 0.028809882776728333 0.38
true 0.0044546381261630075 196 4 2 0.2 2 0.028809882776728333 1.13
true 0.00013284172422861618 601 4 2 0.2 3 0.028809882776728333 4.65
true 4.447260988771351e-5 1212 4 2 0.2 4 0.028809882776728333 11.59
true 0.0029971037960771683 70 4 3 0.2 1 0.028809882776728333 0.26
true 0.000105895668499519 236 4 3 0.2 2 0.028809882776728333 1.42
true 0.0016936377367396578 550 4 3 0.2 3 0.028809882776728333 4.58
true 7.035534831687877e-5 2276 4 3 0.2 4 0.028809882776728333 21.56
true 0.002371310137342486 184 4 4 0.2 1 0.028809882776728333 0.65
true 0.003248728809554166 204 4 4 0.2 2 0.028809882776728333 1.28
true 2.4197310603477074e-5 863 4 4 0.2 3 0.028809882776728333 6.5
true 6.180089620455576e-5 1699 4 4 0.2 4 0.028809882776728333 16.65
true 0.0006463024880000168 56 4 1 0.22 1 0.04938099268332533 0.19
true 0.00844484239323362 138 4 1 0.22 2 0.04938099268332533 0.93
true 4.6314008029568754e-5 789 4 1 0.22 3 0.04938099268332533 5.96
true 0.00013846771418513093 331 4 1 0.22 4 0.04938099268332533 4.1
true 0.00436597600716615 81 4 2 0.22 1 0.04938099268332533 0.25
true 0.0013641258001177436 870 4 2 0.22 2 0.04938099268332533 4.58
true 5.9162021684655564e-5 603 4 2 0.22 3 0.04938099268332533 4.66
true 3.3753639296418836e-5 1039 4 2 0.22 4 0.04938099268332533 10.07
true 0.33348193128550035 61 4 3 0.22 1 0.04938099268332533 0.23
true 0.005682262246632652 181 4 3 0.22 2 0.04938099268332533 1.14
true 4.221204602739004e-5 922 4 3 0.22 3 0.04938099268332533 6.92
true 5.9016747937882625e-6 2014 4 3 0.22 4 0.04938099268332533 19.76
true 0.2541987017112417 94 4 4 0.22 1 0.04938099268332533 0.34
true 0.00018123974549820454 241 4 4 0.22 2 0.04938099268332533 1.48
true 0.00010471163188494059 1273 4 4 0.22 3 0.04938099268332533 9.61
true 1.0461290187765981e-5 3260 4 4 0.22 4 0.04938099268332533 30.63
true 0.0013660855297616958 55 4 1 0.24 1 0.08188079160576314 0.19
true 0.014374969201133625 275 4 1 0.24 2 0.08188079160576314 1.55
true 0.0003953106174499066 310 4 1 0.24 3 0.08188079160576314 2.66
true 3.3487167834245213e-6 800 4 1 0.24 4 0.08188079160576314 8.4
true 0.00809317097130885 66 4 2 0.24 1 0.08188079160576314 0.23
true 0.00015026287124803028 455 4 2 0.24 2 0.08188079160576314 2.59
true 0.007556829526350339 323 4 2 0.24 3 0.08188079160576314 3.12
true 0.00010462260276647428 1016 4 2 0.24 4 0.08188079160576314 10.23
true 0.010476861665213241 84 4 3 0.24 1 0.08188079160576314 0.31
true 0.010469757818083661 374 4 3 0.24 2 0.08188079160576314 1.45
true 0.010569739845133227 481 4 3 0.24 3 0.08188079160576314 2.41
true 4.098131685759121e-5 1353 4 3 0.24 4 0.08188079160576314 7.97
true 0.008437804348497807 113 4 4 0.24 1 0.08188079160576314 0.23
true 0.011352182503981234 197 4 4 0.24 2 0.08188079160576314 0.79
true 0.004368176735113943 1260 4 4 0.24 3 0.08188079160576314 5.81
true 0.0001222199009453251 1034 4 4 0.24 4 0.08188079160576314 6.19
true 0.0027433159272217678 46 4 1 0.26 1 0.1297967786166197 0.12
true 0.0004270204937353306 563 4 1 0.26 2 0.1297967786166197 1.82
true 5.035696388061561e-5 958 4 1 0.26 3 0.1297967786166197 4.11
true 5.287715384716396e-6 617 4 1 0.26 4 0.1297967786166197 4.06
true 0.014464651274520235 95 4 2 0.26 1 0.1297967786166197 0.18
true 0.015203559681313317 252 4 2 0.26 2 0.1297967786166197 0.87
true 0.0019559428406968338 732 4 2 0.26 3 0.1297967786166197 3.34
true 1.0638971463666769e-5 1443 4 2 0.26 4 0.1297967786166197 7.99
true 0.01865514441043764 75 4 3 0.26 1 0.1297967786166197 0.21
true 0.018975945621656515 224 4 3 0.26 2 0.1297967786166197 0.79
true 6.503917439787399e-5 1037 4 3 0.26 3 0.1297967786166197 4.73
true 3.955640695478083e-5 1310 4 3 0.26 4 0.1297967786166197 7.78
true 0.015172740332543483 79 4 4 0.26 1 0.1297967786166197 0.16
true 0.014222294903686622 519 4 4 0.26 2 0.1297967786166197 1.88
true 5.0212179359479525e-5 740 4 4 0.26 3 0.1297967786166197 3.54
true 0.00032510291552835524 1694 4 4 0.26 4 0.1297967786166197 10.21
true 0.005214134516356217 48 4 1 0.28 1 0.1955000413843353 0.11
true 0.0008082513167616545 401 4 1 0.28 2 0.1955000413843353 1.34
true 8.724513420449442e-5 438 4 1 0.28 3 0.1955000413843353 2.12
true 2.0222713154049998e-7 817 4 1 0.28 4 0.1955000413843353 4.75
true 0.02476603092731927 67 4 2 0.28 1 0.1955000413843353 0.14
true 0.02567812556632068 453 4 2 0.28 2 0.1955000413843353 1.5
true 0.0025125994600783963 414 4 2 0.28 3 0.1955000413843353 2.11
true 3.479596085043113e-6 3265 4 2 0.28 4 0.1955000413843353 18.15
true 0.031805751089339585 91 4 3 0.28 1 0.1955000413843353 0.18
true 0.03267982545793905 195 4 3 0.28 2 0.1955000413843353 0.77
true 8.02321596329314e-5 864 4 3 0.28 3 0.1955000413843353 4.01
true 0.0005796927392331952 1152 4 3 0.28 4 0.1955000413843353 7.04
true 0.2732937756165361 72 4 4 0.28 1 0.1955000413843353 0.17
true 0.0008983074660899176 678 4 4 0.28 2 0.1955000413843353 2.28
true 0.00038048105009456934 505 4 4 0.28 3 0.1955000413843353 2.5
true 0.0003411373296785536 1346 4 4 0.28 4 0.1955000413843353 7.76
true 0.009288337398981883 52 4 1 0.3 1 0.27725966462546564 0.11
true 0.0014178560706119558 390 4 1 0.3 2 0.27725966462546564 1.34
true 0.0001833304026246374 1606 4 1 0.3 3 0.27725966462546564 6.91
true 7.705868020901896e-7 538 4 1 0.3 4 0.27725966462546564 3.44
true 0.04017615969228652 64 4 2 0.3 1 0.27725966462546564 0.19
true 0.000788382127467846 319 4 2 0.3 2 0.27725966462546564 1.1
true 0.00011319511223600864 1148 4 2 0.3 3 0.27725966462546564 5.03
true 1.0259620997210561e-6 975 4 2 0.3 4 0.27725966462546564 5.94
true 0.051348173839808185 67 4 3 0.3 1 0.27725966462546564 0.14
true 0.05150973982646998 625 4 3 0.3 2 0.27725966462546564 2.13
true 0.00013303070813665738 3202 4 3 0.3 3 0.27725966462546564 14.06
true 0.00071699668864178 812 4 3 0.3 4 0.27725966462546564 5.19
true 0.042686383376909484 125 4 4 0.3 1 0.27725966462546564 0.26
true 0.03937729305325821 474 4 4 0.3 2 0.27725966462546564 1.56
true 0.018254890044386754 2166 4 4 0.3 3 0.27725966462546564 9.74
true 0.0011895245650200004 1281 4 4 0.3 4 0.27725966462546564 7.75
true 0.015317512660233068 53 4 1 0.32 1 0.3673031991535092 0.11
true 0.015733329078969516 155 4 1 0.32 2 0.3673031991535092 0.56
true 7.320572524677216e-5 840 4 1 0.32 3 0.3673031991535092 3.8
true 1.1664139570877197e-7 819 4 1 0.32 4 0.3673031991535092 5.03
true 0.061025167351185516 83 4 2 0.32 1 0.3673031991535092 0.16
true 0.06310300417450004 269 4 2 0.32 2 0.3673031991535092 0.9
true 0.00011493870648032756 482 4 2 0.32 3 0.3673031991535092 2.36
true 8.712440593877657e-5 1121 4 2 0.32 4 0.3673031991535092 6.52
true 0.07755962605352941 77 4 3 0.32 1 0.3673031991535092 0.16
true 0.002001068962788455 240 4 3 0.32 2 0.3673031991535092 0.9
true 0.00012800634818081283 694 4 3 0.32 3 0.3673031991535092 3.22
true 7.142078770892384e-5 1190 4 3 0.32 4 0.3673031991535092 6.93
true 0.06529158604288622 93 4 4 0.32 1 0.3673031991535092 0.21
true 0.0018604431062227283 346 4 4 0.32 2 0.3673031991535092 1.24
true 0.0013339869751742561 892 4 4 0.32 3 0.3673031991535092 4.36
true 5.83593680320571e-5 1075 4 4 0.32 4 0.3673031991535092 6.41
true 0.023208247801744852 47 4 1 0.34 1 0.4534331841925793 0.11
true 0.003320008825460685 432 4 1 0.34 2 0.4534331841925793 1.41
true 5.54113184225713e-7 1096 4 1 0.34 3 0.4534331841925793 4.84
true 1.313050254636572e-7 432 4 1 0.34 4 0.4534331841925793 3.0
true 0.0861104006882818 66 4 2 0.34 1 0.4534331841925793 0.14
true 0.0017379043177527809 224 4 2 0.34 2 0.4534331841925793 0.75
true 0.008234396523676024 1327 4 2 0.34 3 0.4534331841925793 5.82
true 0.00011689010829529778 1800 4 2 0.34 4 0.4534331841925793 10.37
true 0.10873182182045288 70 4 3 0.34 1 0.4534331841925793 0.15
true 0.002688703076374477 271 4 3 0.34 2 0.4534331841925793 0.97
true 0.002549479429178436 768 4 3 0.34 3 0.4534331841925793 3.59
true 0.00017778661013438205 1168 4 3 0.34 4 0.4534331841925793 6.77
true 0.326131874858656 67 4 4 0.34 1 0.4534331841925793 0.15
true 0.0023508887467528633 368 4 4 0.34 2 0.4534331841925793 1.21
true 0.00013075795064024232 1266 4 4 0.34 3 0.4534331841925793 5.49
true 3.293145280525156e-5 2308 4 4 0.34 4 0.4534331841925793 13.13
true 0.03234004244587668 57 4 1 0.36 1 0.5242078864035358 0.12
true 0.004407735278802338 175 4 1 0.36 2 0.5242078864035358 0.62
true 1.1950434811891508e-5 248 4 1 0.36 3 0.5242078864035358 1.35
true 1.5126176671209635e-6 419 4 1 0.36 4 0.5242078864035358 2.92
true 0.11275176514142676 75 4 2 0.36 1 0.5242078864035358 0.16
true 0.11325703364340173 255 4 2 0.36 2 0.5242078864035358 0.88
true 0.00011400325269747547 489 4 2 0.36 3 0.5242078864035358 2.5
true 3.4022182557880143e-6 1038 4 2 0.36 4 0.5242078864035358 5.95
true 0.14130383256592383 77 4 3 0.36 1 0.5242078864035358 0.16
true 0.0033445065431455348 377 4 3 0.36 2 0.5242078864035358 1.29
true 0.0001523566962129038 526 4 3 0.36 3 0.5242078864035358 2.54
true 4.336057240156288e-5 1089 4 3 0.36 4 0.5242078864035358 6.37
true 0.1226057686351289 80 4 4 0.36 1 0.5242078864035358 0.17
true 0.0027739680461850713 757 4 4 0.36 2 0.5242078864035358 2.6
true 0.0024316539319143154 603 4 4 0.36 3 0.5242078864035358 2.85
true 3.54238640121185e-6 1746 4 4 0.36 4 0.5242078864035358 9.78
true 0.04185397751912573 55 4 1 0.38 1 0.5738898971784198 0.15
true 0.00539675566076403 183 4 1 0.38 2 0.5738898971784198 0.65
true 0.0008582804015562218 388 4 1 0.38 3 0.5738898971784198 1.92
true 2.0616267426554202e-7 496 4 1 0.38 4 0.5738898971784198 3.43
true 0.13781391533921528 58 4 2 0.38 1 0.5738898971784198 0.13
true 0.0027543817398927306 270 4 2 0.38 2 0.5738898971784198 0.9
true 0.014067604686761742 850 4 2 0.38 3 0.5738898971784198 3.76
true 1.7024721204461635e-6 1065 4 2 0.38 4 0.5738898971784198 5.96
true 0.17122912173285695 63 4 3 0.38 1 0.5738898971784198 0.17
true 0.003906384717079807 178 4 3 0.38 2 0.5738898971784198 0.68
true 9.889882770671339e-5 723 4 3 0.38 3 0.5738898971784198 3.34
true 0.0019131358871927 1506 4 3 0.38 4 0.5738898971784198 8.45
true 0.2770187757255618 79 4 4 0.38 1 0.5738898971784198 0.18
true 0.003127348612045347 760 4 4 0.38 2 0.5738898971784198 2.51
true 5.5789664891336965e-5 702 4 4 0.38 3 0.5738898971784198 3.27
true 0.0025663953468222506 999 4 4 0.38 4 0.5738898971784198 5.83
true 0.05107449087771976 81 4 1 0.4 1 0.6032626509160969 0.17
true 0.006204958780341663 348 4 1 0.4 2 0.6032626509160969 1.19
true 2.205779107977701e-6 291 4 1 0.4 3 0.6032626509160969 1.56
true 1.7094643234294438e-7 435 4 1 0.4 4 0.6032626509160969 3.12
true 0.15897059951609468 80 4 2 0.4 1 0.6032626509160969 0.15
true 0.0031492448460291034 208 4 2 0.4 2 0.6032626509160969 0.75
true 0.020987327133850875 635 4 2 0.4 3 0.6032626509160969 2.87
true 6.7607082176734945e-6 1181 4 2 0.4 4 0.6032626509160969 6.64
true 0.19557657864162234 67 4 3 0.4 1 0.6032626509160969 0.14
true 0.004352778041770884 267 4 3 0.4 2 0.6032626509160969 0.9
true 5.842998591230423e-5 315 4 3 0.4 3 0.6032626509160969 1.68
true 9.581328068108963e-6 2156 4 3 0.4 4 0.6032626509160969 12.08
true 0.2825633237996246 100 4 4 0.4 1 0.6032626509160969 0.21
true 0.0033846252846359004 356 4 4 0.4 2 0.6032626509160969 1.24
true 0.07398327098569388 1542 4 4 0.4 3 0.6032626509160969 7.03
true 0.001637252083723395 850 4 4 0.4 4 0.6032626509160969 5.58
true 0.05971813243905688 55 4 1 0.42 1 0.6168497726156195 0.12
true 0.006818195129428883 275 4 1 0.42 2 0.6168497726156195 0.95
true 2.848123452470208e-6 728 4 1 0.42 3 0.6168497726156195 3.46
true 4.222559735755915e-7 474 4 1 0.42 4 0.6168497726156195 3.5
true 0.17529345211165534 108 4 2 0.42 1 0.6168497726156195 0.2
true 0.003451382837398126 275 4 2 0.42 2 0.6168497726156195 0.94
true 0.00011113602113882459 347 4 2 0.42 3 0.6168497726156195 1.81
true 2.6352780128358066e-6 487 4 2 0.42 4 0.6168497726156195 3.2
true 0.2132125695014475 112 4 3 0.42 1 0.6168497726156195 0.23
true 0.004694234876430077 404 4 3 0.42 2 0.6168497726156195 1.42
true 4.420075248523503e-5 906 4 3 0.42 3 0.6168497726156195 4.01
true 2.2238913084504652e-5 1884 4 3 0.42 4 0.6168497726156195 10.49
true 0.302660114537741 80 4 4 0.42 1 0.6168497726156195 0.22
true 0.0035955048498156894 348 4 4 0.42 2 0.6168497726156195 1.28
true 0.0004101746083364777 612 4 4 0.42 3 0.6168497726156195 2.97
true 0.000162231680798125 1235 4 4 0.42 4 0.6168497726156195 7.1
true 0.06781145914725567 50 4 1 0.44 1 0.6197629413526827 0.12
true 0.007262094515868622 301 4 1 0.44 2 0.6197629413526827 1.05
true 1.5262912299585096e-6 1082 4 1 0.44 3 0.6197629413526827 4.6
true 2.7913442562921276e-7 362 4 1 0.44 4 0.6197629413526827 2.57
true 0.1869967270423632 62 4 2 0.44 1 0.6197629413526827 0.12
true 0.003674010755023216 186 4 2 0.44 2 0.6197629413526827 0.71
true 0.02045693639377863 1000 4 2 0.44 3 0.6197629413526827 5.63
true 2.1094289931467003e-7 809 4 2 0.44 4 0.6197629413526827 5.55
true 0.22443021243736538 91 4 3 0.44 1 0.6197629413526827 0.18
true 0.004949483641814023 360 4 3 0.44 2 0.6197629413526827 1.35
true 6.514704246326127e-5 501 4 3 0.44 3 0.6197629413526827 2.51
true 8.565659045352743e-5 1154 4 3 0.44 4 0.6197629413526827 6.44
true 0.2083989237574561 126 4 4 0.44 1 0.6197629413526827 0.26
true 0.003762637502116653 329 4 4 0.44 2 0.6197629413526827 1.14
true 0.001259352235879918 712 4 4 0.44 3 0.6197629413526827 3.45
true 0.0001384083976489897 2338 4 4 0.44 4 0.6197629413526827 13.69
true 0.07551794098653952 51 4 1 0.46 1 0.6160458563573982 0.1
true 0.007570940512720559 339 4 1 0.46 2 0.6160458563573982 1.1
true 2.0093688196665127e-6 2053 4 1 0.46 3 0.6160458563573982 8.39
true 1.245836428465097e-7 598 4 1 0.46 4 0.6160458563573982 3.9
true 0.19484302040988796 66 4 2 0.46 1 0.6160458563573982 0.13
true 0.0038329716577469586 241 4 2 0.46 2 0.6160458563573982 0.85
true 0.021813768864597544 872 4 2 0.46 3 0.6160458563573982 3.88
true 9.064958682303281e-7 947 4 2 0.46 4 0.6160458563573982 5.39
true 0.23022081325978183 68 4 3 0.46 1 0.6160458563573982 0.14
true 0.005136679332368906 260 4 3 0.46 2 0.6160458563573982 0.96
true 5.0842671911151736e-5 1039 4 3 0.46 3 0.6160458563573982 4.76
true 4.519746528353075e-5 841 4 3 0.46 4 0.6160458563573982 5.15
true 0.2962535606371738 57 4 4 0.46 1 0.6160458563573982 0.12
true 0.0038910807593165175 262 4 4 0.46 2 0.6160458563573982 0.96
true 0.00012545471540391373 1653 4 4 0.46 3 0.6160458563573982 7.63
true 0.0019323182607401818 1408 4 4 0.46 4 0.6160458563573982 8.27
true 0.08301075072839281 59 4 1 0.48 1 0.6083694839555642 0.13
true 0.007774866048345208 229 4 1 0.48 2 0.6083694839555642 0.77
true 0.0001964565709504651 526 4 1 0.48 3 0.6083694839555642 2.43
true 2.902646670244202e-7 672 4 1 0.48 4 0.6083694839555642 4.22
true 0.19966356609567612 58 4 2 0.48 1 0.6083694839555642 0.13
true 0.14021060363412172 231 4 2 0.48 2 0.6083694839555642 0.79
true 0.02283273973492536 1929 4 2 0.48 3 0.6083694839555642 8.29
true 1.1662725991901102e-6 1245 4 2 0.48 4 0.6083694839555642 7.0
true 0.2609176237966855 63 4 3 0.48 1 0.6083694839555642 0.14
true 0.005269187266300213 698 4 3 0.48 2 0.6083694839555642 2.28
true 0.0001624737502889014 388 4 3 0.48 3 0.6083694839555642 1.92
true 1.080104010692251e-5 1507 4 3 0.48 4 0.6083694839555642 8.57
true 0.29874028071283987 55 4 4 0.48 1 0.6083694839555642 0.13
true 0.0039860977733995745 490 4 4 0.48 2 0.6083694839555642 1.67
true 5.414602457586015e-5 432 4 4 0.48 3 0.6083694839555642 2.25
true 2.7491334031154446e-5 1294 4 4 0.48 4 0.6083694839555642 7.67
true 0.09042063746185947 53 4 1 0.5 1 0.5983249863531529 0.12
true 0.00789436090115414 204 4 1 0.5 2 0.5983249863531529 0.78
true 1.1854735484373435e-6 1403 4 1 0.5 3 0.5983249863531529 5.86
true 6.821413062740866e-7 384 4 1 0.5 4 0.5983249863531529 2.75
true 0.20214920032984035 69 4 2 0.5 1 0.5983249863531529 0.14
true 0.0040108390981718756 193 4 2 0.5 2 0.5983249863531529 0.73
true 2.0716903961770505e-5 464 4 2 0.5 3 0.5983249863531529 2.24
true 3.9349134027005794e-5 710 4 2 0.5 4 0.5983249863531529 4.46
true 0.22993226706322814 102 4 3 0.5 1 0.5983249863531529 0.27
true 0.005354137564123285 331 4 3 0.5 2 0.5983249863531529 1.09
true 0.0001415101735059062 1885 4 3 0.5 3 0.5983249863531529 8.25
true 9.98934122686812e-6 1439 4 3 0.5 4 0.5983249863531529 8.0
true 0.18466301188568385 82 4 4 0.5 1 0.5983249863531529 0.19
true 0.004051037124580215 286 4 4 0.5 2 0.5983249863531529 1.0
true 0.000131007842955444 466 4 4 0.5 3 0.5983249863531529 2.52
true 1.768406350191598e-5 3820 4 4 0.5 4 0.5983249863531529 21.47
true 0.09782417428403956 56 4 1 0.52 1 0.5868107723568018 0.11
true 0.007942689169118944 183 4 1 0.52 2 0.5868107723568018 0.67
true 2.5945292076445803e-6 1474 4 1 0.52 3 0.5868107723568018 6.33
true 1.4436410844531622e-7 417 4 1 0.52 4 0.5868107723568018 2.95
true 0.21631821875216276 54 4 2 0.52 1 0.5868107723568018 0.12
true 0.004046088548921856 282 4 2 0.52 2 0.5868107723568018 0.91
true 0.025724826093636466 1239 4 2 0.52 3 0.5868107723568018 5.64
true 4.546141940037218e-6 512 4 2 0.52 4 0.5868107723568018 3.48
true 0.225661615209254 62 4 3 0.52 1 0.5868107723568018 0.12
true 0.09435799505485627 196 4 3 0.52 2 0.5868107723568018 0.76
true 4.274051474669379e-5 503 4 3 0.52 3 0.5868107723568018 2.38
true 1.614754462105535e-6 1787 4 3 0.52 4 0.5868107723568018 10.35
true 0.17643664506443868 105 4 4 0.52 1 0.5868107723568018 0.22
true 0.004086113525053198 198 4 4 0.52 2 0.5868107723568018 0.77
true 0.00017404568121766328 680 4 4 0.52 3 0.5868107723568018 3.17
true 4.861911980652556e-6 1412 4 4 0.52 4 0.5868107723568018 8.3
true 0.10525406985566305 50 4 1 0.54 1 0.5743296695059446 0.11
true 0.007929717166757944 197 4 1 0.54 2 0.5743296695059446 0.69
true 2.4814974052267402e-6 1120 4 1 0.54 3 0.5743296695059446 4.83
true 8.082530363884288e-7 435 4 1 0.54 4 0.5743296695059446 3.25
true 0.21083234097899073 69 4 2 0.54 1 0.5743296695059446 0.13
true 0.004050999336184885 389 4 2 0.54 2 0.5743296695059446 1.37
true 0.025922150981260966 691 4 2 0.54 3 0.5743296695059446 3.17
true 6.0018641105025194e-5 926 4 2 0.54 4 0.5743296695059446 5.41
true 0.21949807312307082 75 4 3 0.54 1 0.5743296695059446 0.19
true 0.0054026704949852 212 4 3 0.54 2 0.5743296695059446 0.81
true 0.00015858712809220984 317 4 3 0.54 3 0.5743296695059446 1.71
true 3.62062736074531e-5 2064 4 3 0.54 4 0.5743296695059446 11.68
true 0.16830269117287883 118 4 4 0.54 1 0.5743296695059446 0.24
true 0.004094990585868347 448 4 4 0.54 2 0.5743296695059446 1.51
true 4.5354064008601425e-5 1906 4 4 0.54 3 0.5743296695059446 8.45
true 0.0005963714399774833 1749 4 4 0.54 4 0.5743296695059446 9.78
true 0.11271797830890551 60 4 1 0.56 1 0.5611752507606665 0.12
true 0.007862895343502263 167 4 1 0.56 2 0.5611752507606665 0.63
true 1.784262953330451e-5 395 4 1 0.56 3 0.5611752507606665 1.95
true 5.829020238712346e-8 377 4 1 0.56 4 0.5611752507606665 2.75
true 0.19986530321749743 80 4 2 0.56 1 0.5611752507606665 0.15
true 0.004029329638263579 309 4 2 0.56 2 0.5611752507606665 1.12
true 0.004028678483463194 519 4 2 0.56 3 0.5611752507606665 2.37
true 3.2871130810907534e-6 1165 4 2 0.56 4 0.5611752507606665 6.76
true 0.21185773715809122 99 4 3 0.56 1 0.5611752507606665 0.2
true 0.0053724349770375435 342 4 3 0.56 2 0.5611752507606665 1.14
true 3.9664018183523574e-5 734 4 3 0.56 3 0.5611752507606665 3.15
true 4.731727674052907e-5 1748 4 3 0.56 4 0.5611752507606665 9.48
true 0.16035607400585006 91 4 4 0.56 1 0.5611752507606665 0.24
true 0.004077416990222085 222 4 4 0.56 2 0.5611752507606665 0.8
true 0.00014415387108145106 690 4 4 0.56 3 0.5611752507606665 3.1
true 1.40501030261031e-5 1969 4 4 0.56 4 0.5611752507606665 10.96
true 0.1202047344062816 50 4 1 0.58 1 0.5475360323215799 0.12
true 0.007748363015948778 200 4 1 0.58 2 0.5475360323215799 0.72
true 3.430199760379171e-5 1043 4 1 0.58 3 0.5475360323215799 4.43
true 3.819431870777379e-8 586 4 1 0.58 4 0.5475360323215799 3.69
true 0.19663612830231156 75 4 2 0.58 1 0.5475360323215799 0.16
true 0.003982309173451215 241 4 2 0.58 2 0.5475360323215799 0.79
true 0.027350244606746538 1594 4 2 0.58 3 0.5475360323215799 6.49
true 1.548168669124328e-6 818 4 2 0.58 4 0.5475360323215799 4.58
true 0.2030546584811257 97 4 3 0.58 1 0.5475360323215799 0.21
true 0.005310975556284403 246 4 3 0.58 2 0.5475360323215799 0.83
true 0.00048277226621286823 1938 4 3 0.58 3 0.5475360323215799 8.37
true 9.863270438080034e-5 734 4 3 0.58 4 0.5475360323215799 4.31
true 0.30905966791238804 75 4 4 0.58 1 0.5475360323215799 0.15
true 0.2500527422720531 338 4 4 0.58 2 0.5475360323215799 1.16
true 5.582993392821978e-5 2122 4 4 0.58 3 0.5475360323215799 9.16
true 0.0018563699951850282 1460 4 4 0.58 4 0.5475360323215799 8.14
true 0.1276944911161011 47 4 1 0.6 1 0.533549180191324 0.1
true 0.007593271203659158 150 4 1 0.6 2 0.533549180191324 0.55
true 8.907857075302061e-7 906 4 1 0.6 3 0.533549180191324 3.66
true 4.6466359815422464e-8 391 4 1 0.6 4 0.533549180191324 2.66
true 0.19446621877145323 63 4 2 0.6 1 0.533549180191324 0.14
true 0.003915150492006025 194 4 2 0.6 2 0.533549180191324 0.68
true 0.02871750234936457 700 4 2 0.6 3 0.533549180191324 2.98
true 8.979189472235749e-7 1306 4 2 0.6 4 0.533549180191324 7.4
true 0.19355472710030397 60 4 3 0.6 1 0.533549180191324 0.13
true 0.0052208690608271935 328 4 3 0.6 2 0.533549180191324 1.11
true 5.6578981546336525e-5 1994 4 3 0.6 3 0.533549180191324 9.0
true 0.0004923956234456442 2722 4 3 0.6 4 0.533549180191324 14.85
true 0.2828705494802273 80 4 4 0.6 1 0.533549180191324 0.18
true 0.003973821945409808 787 4 4 0.6 2 0.533549180191324 2.68
true 0.000154370257246364 1522 4 4 0.6 3 0.533549180191324 6.52
true 2.2217830563650565e-5 2941 4 4 0.6 4 0.533549180191324 15.53
true 0.1351630839219954 51 4 1 0.62 1 0.5193262561278011 0.11
true 0.007401810363739825 273 4 1 0.62 2 0.5193262561278011 0.86
true 7.995004441430087e-6 304 4 1 0.62 3 0.5193262561278011 1.5
true 8.329735839973651e-8 446 4 1 0.62 4 0.5193262561278011 3.0
true 0.1881720260199661 116 4 2 0.62 1 0.5193262561278011 0.23
true 0.003829458438954325 289 4 2 0.62 2 0.5193262561278011 0.95
true 6.641091679665534e-6 1212 4 2 0.62 3 0.5193262561278011 5.06
true 7.93579892890417e-5 1446 4 2 0.62 4 0.5193262561278011 7.88
true 0.18408175913051208 68 4 3 0.62 1 0.5193262561278011 0.15
true 0.0051059156612010366 603 4 3 0.62 2 0.5193262561278011 2.02
true 0.00021055628798198148 1322 4 3 0.62 3 0.5193262561278011 5.52
true 2.0112569652045813e-5 563 4 3 0.62 4 0.5193262561278011 3.59
true 0.28132499129260613 154 4 4 0.62 1 0.5193262561278011 0.31
true 0.003892560442451745 344 4 4 0.62 2 0.5193262561278011 1.26
true 4.268193617555649e-5 999 4 4 0.62 3 0.5193262561278011 4.56
true 1.0711582084405036e-5 2071 4 4 0.62 4 0.5193262561278011 11.25
true 0.1425858828512534 48 4 1 0.64 1 0.5049645940759805 0.11
true 0.007182375403075203 465 4 1 0.64 2 0.5049645940759805 1.51
true 0.007369433238122058 354 4 1 0.64 3 0.5049645940759805 1.69
true 6.074301617253752e-8 440 4 1 0.64 4 0.5049645940759805 3.01
true 0.18106365270570637 79 4 2 0.64 1 0.5049645940759805 0.18
true 0.0037270213043737455 262 4 2 0.64 2 0.5049645940759805 0.83
true 0.003612033981775231 399 4 2 0.64 3 0.5049645940759805 1.86
true 3.0665215491887388e-6 1615 4 2 0.64 4 0.5049645940759805 9.19
true 0.1749764513743061 61 4 3 0.64 1 0.5049645940759805 0.15
true 0.004970202814813751 403 4 3 0.64 2 0.5049645940759805 1.31
true 5.63758252397073e-5 586 4 3 0.64 3 0.5049645940759805 2.62
true 1.9071094808716566e-5 3971 4 3 0.64 4 0.5049645940759805 20.49
true 0.3006873629399741 74 4 4 0.64 1 0.5049645940759805 0.15
true 0.13105499649472177 206 4 4 0.64 2 0.5049645940759805 0.75
true 0.0002387840782964723 2722 4 4 0.64 3 0.5049645940759805 11.9
true 2.13135768503403e-5 1519 4 4 0.64 4 0.5049645940759805 8.54
true 0.1499384816447964 57 4 1 0.66 1 0.49055177436486347 0.13
true 0.006939695190188833 434 4 1 0.66 2 0.49055177436486347 1.4
true 6.804921093284122e-8 1122 4 1 0.66 3 0.49055177436486347 4.96
true 1.985837352891373e-7 369 4 1 0.66 4 0.49055177436486347 2.84
true 0.17272090914292806 58 4 2 0.66 1 0.49055177436486347 0.11
true 0.09112084157575978 219 4 2 0.66 2 0.49055177436486347 0.75
true 0.00011293713593274468 1121 4 2 0.66 3 0.49055177436486347 4.67
true 1.1038767670557004e-5 700 4 2 0.66 4 0.49055177436486347 4.21
true 0.166277100065544 73 4 3 0.66 1 0.49055177436486347 0.16
true 0.004817444638414399 191 4 3 0.66 2 0.49055177436486347 0.71
true 0.00018873963814915648 641 4 3 0.66 3 0.49055177436486347 2.89
true 1.0667227991312256e-5 3280 4 3 0.66 4 0.49055177436486347 17.58
true 0.12470863284314411 87 4 4 0.66 1 0.49055177436486347 0.18
true 0.0036833725742384804 355 4 4 0.66 2 0.49055177436486347 1.18
true 0.00011829573976929186 368 4 4 0.66 3 0.49055177436486347 1.88
true 2.8045527917588964e-5 2469 4 4 0.66 4 0.49055177436486347 13.41
true 0.1571991433884259 61 4 1 0.68 1 0.4761670391572981 0.13
true 0.006679857220182939 193 4 1 0.68 2 0.4761670391572981 0.65
true 2.0909841694782827e-6 782 4 1 0.68 3 0.4761670391572981 3.31
true 9.202756103832144e-7 433 4 1 0.68 4 0.4761670391572981 2.86
true 0.1641612229570737 61 4 2 0.68 1 0.4761670391572981 0.13
true 0.0034881289635683432 300 4 2 0.68 2 0.4761670391572981 0.99
true 3.532130693176261e-5 576 4 2 0.68 3 0.4761670391572981 2.6
true 3.994388820430239e-5 634 4 2 0.68 4 0.4761670391572981 3.91
true 0.15799323641234894 62 4 3 0.68 1 0.4761670391572981 0.14
true 0.00465104598354719 390 4 3 0.68 2 0.4761670391572981 1.28
true 0.0002488813673717967 1600 4 3 0.68 3 0.4761670391572981 6.75
true 3.500992182451738e-5 809 4 3 0.68 4 0.4761670391572981 4.79
true 0.2956686025796587 82 4 4 0.68 1 0.4761670391572981 0.19
true 0.0035621606970956954 296 4 4 0.68 2 0.4761670391572981 0.98
true 0.00022298037747353616 866 4 4 0.68 3 0.4761670391572981 3.95
true 4.9561688172994334e-5 3912 4 4 0.68 4 0.4761670391572981 21.01
true 0.16434893879217177 44 4 1 0.7 1 0.46188152135118604 0.09
true 0.006407745550789767 270 4 1 0.7 2 0.46188152135118604 0.96
true 1.4199435439121721e-6 436 4 1 0.7 3 0.46188152135118604 2.06
true 6.663650177207714e-7 493 4 1 0.7 4 0.46188152135118604 3.09
true 0.15592950060868732 99 4 2 0.7 1 0.46188152135118604 0.19
true 0.0033560767000956615 234 4 2 0.7 2 0.46188152135118604 0.75
true 0.00023802839297248912 943 4 2 0.7 3 0.46188152135118604 4.04
true 1.1201246986058955e-6 1528 4 2 0.7 4 0.46188152135118604 8.84
true 0.15012416622988606 69 4 3 0.7 1 0.46188152135118604 0.15
true 0.004476935693413027 309 4 3 0.7 2 0.46188152135118604 1.05
true 0.003049982110099825 1110 4 3 0.7 3 0.46188152135118604 4.8
true 6.931893869410732e-6 2402 4 3 0.7 4 0.46188152135118604 12.74
true 0.11259343159467461 92 4 4 0.7 1 0.46188152135118604 0.19
true 0.0034319008229362347 580 4 4 0.7 2 0.46188152135118604 1.97
true 0.00021517700546133667 766 4 4 0.7 3 0.46188152135118604 3.26
true 3.980748975949966e-5 863 4 4 0.7 4 0.46188152135118604 5.03
true 0.16449160187225537 41 4 1 0.72 1 0.4477581467864862 0.11
true 0.00612799279167453 182 4 1 0.72 2 0.4477581467864862 0.62
true 2.1862630200653044e-6 1122 4 1 0.72 3 0.4477581467864862 4.89
true 7.613289798591438e-8 478 4 1 0.72 4 0.4477581467864862 3.04
true 0.1481216198734885 66 4 2 0.72 1 0.4477581467864862 0.13
true 0.0032187088857124346 227 4 2 0.72 2 0.4477581467864862 0.79
true 0.00034093576487664867 914 4 2 0.72 3 0.4477581467864862 3.99
true 5.434062941789275e-6 875 4 2 0.72 4 0.4477581467864862 5.04
true 0.14266403234318678 102 4 3 0.72 1 0.4477581467864862 0.21
true 0.004292123456988243 255 4 3 0.72 2 0.4477581467864862 0.88
true 0.0002583429055624438 754 4 3 0.72 3 0.4477581467864862 3.35
true 7.630953792081563e-6 2352 4 3 0.72 4 0.4477581467864862 12.54
true 0.10699817897586883 77 4 4 0.72 1 0.4477581467864862 0.17
true 0.0032954062242025323 390 4 4 0.72 2 0.4477581467864862 1.27
true 0.00017977667168858624 771 4 4 0.72 3 0.4477581467864862 3.69
true 0.0006772518180078457 2477 4 4 0.72 4 0.4477581467864862 13.35
true 0.15610686957186604 57 4 1 0.74 1 0.433851572131634 0.12
true 0.005844828108877098 161 4 1 0.74 2 0.433851572131634 0.61
true 2.2149329870213563e-7 912 4 1 0.74 3 0.433851572131634 4.19
true 4.791469938036919e-7 489 4 1 0.74 4 0.433851572131634 2.98
true 0.14073089657400592 65 4 2 0.74 1 0.433851572131634 0.13
true 0.0030797204871087225 201 4 2 0.74 2 0.433851572131634 0.72
true 0.0001786340371314754 685 4 2 0.74 3 0.433851572131634 3.02
true 7.74009296085898e-5 1084 4 2 0.74 4 0.433851572131634 6.12
true 0.13560385914713588 63 4 3 0.74 1 0.433851572131634 0.13
true 0.00410500332258253 616 4 3 0.74 2 0.433851572131634 2.04
true 5.187369956560772e-5 495 4 3 0.74 3 0.433851572131634 2.35
true 8.003833643386675e-5 1025 4 3 0.74 4 0.433851572131634 5.79
true 0.10170347355030585 97 4 4 0.74 1 0.433851572131634 0.22
true 0.0031557158484344094 1085 4 4 0.74 2 0.433851572131634 3.48
true 9.363099054263135e-5 1582 4 4 0.74 3 0.433851572131634 6.94
true 0.0008923633873957615 1789 4 4 0.74 4 0.433851572131634 9.77
true 0.14817866277130232 47 4 1 0.76 1 0.4202082855607151 0.1
true 0.005561944520767637 234 4 1 0.76 2 0.4202082855607151 0.79
true 1.5972586748236317e-6 1166 4 1 0.76 3 0.4202082855607151 5.07
true 9.354174090869805e-8 462 4 1 0.76 4 0.4202082855607151 2.95
true 0.1337435113961658 81 4 2 0.76 1 0.4202082855607151 0.16
true 0.0029370454993092876 308 4 2 0.76 2 0.4202082855607151 1.05
true 0.0002741764650301681 1034 4 2 0.76 3 0.4202082855607151 4.37
true 1.416057125122605e-5 2380 4 2 0.76 4 0.4202082855607151 12.76
true 0.1289316035070673 78 4 3 0.76 1 0.4202082855607151 0.16
true 0.00391604976030141 349 4 3 0.76 2 0.4202082855607151 1.13
true 0.0001433447901400542 445 4 3 0.76 3 0.4202082855607151 2.11
true 0.0014968397894974765 1609 4 3 0.76 4 0.4202082855607151 8.7
true 0.09669864336322946 73 4 4 0.76 1 0.4202082855607151 0.15
true 0.003020118697099977 177 4 4 0.76 2 0.4202082855607151 0.68
true 0.0002382136596143919 895 4 4 0.76 3 0.4202082855607151 3.99
true 0.00011019627893783801 1273 4 4 0.76 4 0.4202082855607151 7.33
true 0.14069239985784227 66 4 1 0.78 1 0.4068668907949228 0.15
true 0.005281974064697936 136 4 1 0.78 2 0.4068668907949228 0.48
true 2.6784655256295586e-5 305 4 1 0.78 3 0.4068668907949228 1.53
true 6.414437440094289e-7 397 4 1 0.78 4 0.4068668907949228 2.57
true 0.12714908185956889 53 4 2 0.78 1 0.4068668907949228 0.11
true 0.002795707416730381 351 4 2 0.78 2 0.4068668907949228 1.11
true 2.299108557429763e-5 1375 4 2 0.78 3 0.4068668907949228 5.95
true 2.1909574788953057e-5 1001 4 2 0.78 4 0.4068668907949228 5.55
true 0.12263355352990561 80 4 3 0.78 1 0.4068668907949228 0.17
true 0.003727435122657885 414 4 3 0.78 2 0.4068668907949228 1.39
true 0.00011303384266014849 936 4 3 0.78 3 0.4068668907949228 4.09
true 0.0016671349780264337 1825 4 3 0.78 4 0.4068668907949228 10.02
true 0.09197552680762189 106 4 4 0.78 1 0.4068668907949228 0.23
true 0.0028727285674454983 381 4 4 0.78 2 0.4068668907949228 1.21
true 0.0002512164045894022 1142 4 4 0.78 3 0.4068668907949228 4.75
true 0.0011414939072318386 2982 4 4 0.78 4 0.4068668907949228 15.93
true 0.13363298314907557 64 4 1 0.8 1 0.3938585502319869 0.13
true 0.005007523945862735 168 4 1 0.8 2 0.3938585502319869 0.57
true 2.85191545801311e-6 1135 4 1 0.8 3 0.3938585502319869 4.62
true 1.6545167422221674e-6 400 4 1 0.8 4 0.3938585502319869 2.98
true 0.12092958969789752 71 4 2 0.8 1 0.3938585502319869 0.14
true 0.00265593013136034 501 4 2 0.8 2 0.3938585502319869 1.66
true 0.00017339692561330056 512 4 2 0.8 3 0.3938585502319869 2.39
true 5.1644388709221056e-5 1602 4 2 0.8 4 0.3938585502319869 8.56
true 0.11669509572149595 61 4 3 0.8 1 0.3938585502319869 0.13
true 0.003541336112020362 375 4 3 0.8 2 0.3938585502319869 1.25
true 7.91306025165935e-5 376 4 3 0.8 3 0.3938585502319869 1.92
true 0.000992361969701187 2759 4 3 0.8 4 0.3938585502319869 14.76
true 0.08752126123296933 116 4 4 0.8 1 0.3938585502319869 0.24
true 0.0027315365794568502 350 4 4 0.8 2 0.3938585502319869 1.21
true 3.3634799907353297e-5 414 4 4 0.8 3 0.3938585502319869 2.1
true 0.00014514967065214213 2434 4 4 0.8 4 0.3938585502319869 13.16
true 0.12698188735973315 49 4 1 0.82 1 0.38120754717639876 0.1
true 0.004739916833096436 173 4 1 0.82 2 0.38120754717639876 0.6
true 0.0032020360350797916 897 4 1 0.82 3 0.38120754717639876 3.98
true 2.8371085214473624e-7 460 4 1 0.82 4 0.38120754717639876 2.9
true 0.11507016770681269 73 4 2 0.82 1 0.38120754717639876 0.15
true 0.06066721282883583 539 4 2 0.82 2 0.38120754717639876 1.75
true 0.027370141039004786 1529 4 2 0.82 3 0.38120754717639876 6.22
true 1.4911167016795623e-5 1424 4 2 0.82 4 0.38120754717639876 7.58
true 0.11109912928055264 85 4 3 0.82 1 0.38120754717639876 0.18
true 0.0033588974584385736 323 4 3 0.82 2 0.38120754717639876 1.03
true 4.322161189510935e-5 836 4 3 0.82 3 0.38120754717639876 3.67
true 1.9643751854222144e-6 2153 4 3 0.82 4 0.38120754717639876 11.55
true 0.0833252248219096 76 4 4 0.82 1 0.38120754717639876 0.17
true 0.0025929499431132513 479 4 4 0.82 2 0.38120754717639876 1.6
true 0.00015435470293058418 868 4 4 0.82 3 0.38120754717639876 3.82
true 3.854208070655507e-6 2765 4 4 0.82 4 0.38120754717639876 14.71
true 0.12072103290127678 52 4 1 0.84 1 0.36893192506274924 0.12
true 0.004480905347806263 187 4 1 0.84 2 0.36893192506274924 0.63
true 2.600436909694359e-7 657 4 1 0.84 3 0.36893192506274924 2.97
true 6.298645506275236e-7 500 4 1 0.84 4 0.36893192506274924 3.1
true 0.10955306440996679 73 4 2 0.84 1 0.36893192506274924 0.15
true 0.002385919786175167 464 4 2 0.84 2 0.36893192506274924 1.43
true 0.002307358040412516 1452 4 2 0.84 3 0.36893192506274924 5.95
true 6.248830004274009e-7 2597 4 2 0.84 4 0.36893192506274924 13.83
true 0.10583000414811265 69 4 3 0.84 1 0.36893192506274924 0.15
true 0.003181654448077109 522 4 3 0.84 2 0.36893192506274924 1.66
true 0.0004204501367374343 1209 4 3 0.84 3 0.36893192506274924 5.2
true 2.0554967914125182e-5 3908 4 3 0.84 4 0.36893192506274924 20.53
true 0.07937244780324977 117 4 4 0.84 1 0.36893192506274924 0.24
true 0.002458516705458283 485 4 4 0.84 2 0.36893192506274924 1.65
true 0.0002490929397796354 2306 4 4 0.84 3 0.36893192506274924 9.84
true 0.00019167471989572915 1155 4 4 0.84 4 0.36893192506274924 6.78
true 0.11483054074979054 89 4 1 0.86 1 0.35704416557853136 0.19
true 0.004231779909781852 236 4 1 0.86 2 0.35704416557853136 0.78
true 2.9697590798127838e-5 441 4 1 0.86 3 0.35704416557853136 2.2
true 7.198948343001277e-7 456 4 1 0.86 4 0.35704416557853136 3.14
true 0.10436102690064014 60 4 2 0.86 1 0.35704416557853136 0.13
true 0.0022570915824821625 269 4 2 0.86 2 0.35704416557853136 0.94
true 8.007225336434387e-5 1017 4 2 0.86 3 0.35704416557853136 4.4
true 0.00011735129013340506 918 4 2 0.86 4 0.35704416557853136 5.07
true 0.10087033784303578 65 4 3 0.86 1 0.35704416557853136 0.14
true 0.0030094634828518227 314 4 3 0.86 2 0.35704416557853136 1.03
true 0.00021378787484205297 406 4 3 0.86 3 0.35704416557853136 1.96
true 0.0003853567323629514 1351 4 3 0.86 4 0.35704416557853136 7.17
true 0.07565236015702606 102 4 4 0.86 1 0.35704416557853136 0.21
true 0.0023272473919655895 611 4 4 0.86 2 0.35704416557853136 2.03
true 0.00019579997696048124 1812 4 4 0.86 3 0.35704416557853136 7.91
true 5.102352750983863e-5 1668 4 4 0.86 4 0.35704416557853136 8.86
true 0.10929084455413174 55 4 1 0.88 1 0.34555187407953597 0.13
true 0.003993063763351012 196 4 1 0.88 2 0.34555187407953597 0.68
true 7.857987659343202e-6 283 4 1 0.88 3 0.34555187407953597 1.42
true 4.828499924336427e-7 472 4 1 0.88 4 0.34555187407953597 3.18
true 0.0994738321797222 55 4 2 0.88 1 0.34555187407953597 0.11
true 0.0021331382303740876 232 4 2 0.88 2 0.34555187407953597 0.77
true 3.6496893305038025e-6 935 4 2 0.88 3 0.34555187407953597 3.99
true 2.726031794575423e-6 1511 4 2 0.88 4 0.34555187407953597 8.08
true 0.09620201069748903 78 4 3 0.88 1 0.34555187407953597 0.15
true 0.002843790759335126 384 4 3 0.88 2 0.34555187407953597 1.22
true 0.00023871857241208883 457 4 3 0.88 3 0.34555187407953597 2.11
true 0.0012052604614669615 776 4 3 0.88 4 0.34555187407953597 4.59
true 0.2773227776351706 99 4 4 0.88 1 0.34555187407953597 0.2
true 0.0022011881184679227 515 4 4 0.88 2 0.34555187407953597 1.75
true 0.0001376738079302553 1448 4 4 0.88 3 0.34555187407953597 6.18
true 0.0001410749821472712 1978 4 4 0.88 4 0.34555187407953597 10.54
true 0.10408234566407976 47 4 1 0.9 1 0.3344584477916396 0.1
true 0.0037682352235431926 145 4 1 0.9 2 0.3344584477916396 0.52
true 4.801353228778282e-6 327 4 1 0.9 3 0.3344584477916396 1.69
true 1.1310343278614354e-7 473 4 1 0.9 4 0.3344584477916396 2.97
true 0.09487743121633174 80 4 2 0.9 1 0.3344584477916396 0.16
true 0.0020141796419490543 276 4 2 0.9 2 0.3344584477916396 0.87
true 0.0001931971477767136 1051 4 2 0.9 3 0.3344584477916396 4.29
true 4.711028863593758e-5 809 4 2 0.9 4 0.3344584477916396 4.66
true 0.09180876243188298 77 4 3 0.9 1 0.3344584477916396 0.17
true 0.002685513766844616 286 4 3 0.9 2 0.3344584477916396 0.92
true 0.0002009400668140741 519 4 3 0.9 3 0.3344584477916396 2.39
true 0.001288664240055526 625 4 3 0.9 4 0.3344584477916396 3.91
true 0.06885641279324499 93 4 4 0.9 1 0.3344584477916396 0.2
true 0.0020799875136284507 363 4 4 0.9 2 0.3344584477916396 1.24
true 4.0567200830371464e-5 482 4 4 0.9 3 0.3344584477916396 2.3
true 0.00019351238934690873 1385 4 4 0.9 4 0.3344584477916396 7.98
true 0.09918639600499057 50 4 1 0.92 1 0.32376370904828605 0.12
true 0.0035491937761882864 245 4 1 0.92 2 0.32376370904828605 0.77
true 2.0671148946660445e-5 424 4 1 0.92 3 0.32376370904828605 1.95
true 1.8119849309883307e-7 396 4 1 0.92 4 0.32376370904828605 2.61
true 0.09055333772832899 63 4 2 0.92 1 0.32376370904828605 0.13
true 0.04753382089947916 302 4 2 0.92 2 0.32376370904828605 0.92
true 7.706721523170756e-7 1484 4 2 0.92 3 0.32376370904828605 6.38
true 9.934297445224338e-7 840 4 2 0.92 4 0.32376370904828605 4.72
true 0.08767497783148837 62 4 3 0.92 1 0.32376370904828605 0.14
true 0.002533867014261837 375 4 3 0.92 2 0.32376370904828605 1.22
true 4.324784367136051e-5 759 4 3 0.92 3 0.32376370904828605 3.47
true 3.398063076901862e-6 1293 4 3 0.92 4 0.32376370904828605 7.2
true 0.06575669093675474 225 4 4 0.92 1 0.32376370904828605 0.44
true 0.001963612555620428 641 4 4 0.92 2 0.32376370904828605 2.13
true 0.00023055916467996929 993 4 4 0.92 3 0.32376370904828605 4.36
true 0.000894366898272575 1792 4 4 0.92 4 0.32376370904828605 9.82
true 0.09458360670136345 63 4 1 0.94 1 0.313464491748325 0.14
true 0.003343760483437097 172 4 1 0.94 2 0.313464491748325 0.61
true 1.2732915787849741e-6 423 4 1 0.94 3 0.313464491748325 1.88
true 9.707906050149262e-7 687 4 1 0.94 4 0.313464491748325 4.15
true 0.08648454823851975 44 4 2 0.94 1 0.313464491748325 0.16
true 0.0017920579391318692 220 4 2 0.94 2 0.313464491748325 0.73
true 0.00018074834587530897 901 4 2 0.94 3 0.313464491748325 3.76
true 3.211473556780087e-5 1471 4 2 0.94 4 0.313464491748325 7.79
true 0.08378466293954978 81 4 3 0.94 1 0.313464491748325 0.16
true 0.002389829469213326 342 4 3 0.94 2 0.313464491748325 1.2
true 0.00016698392529509073 731 4 3 0.94 3 0.313464491748325 3.26
true 1.789902836487241e-5 1432 4 3 0.94 4 0.313464491748325 8.02
true 0.06283870019647299 105 4 4 0.94 1 0.313464491748325 0.24
true 0.0018518390734666157 301 4 4 0.94 2 0.313464491748325 1.01
true 0.00019446764282207707 807 4 4 0.94 3 0.313464491748325 3.73
true 3.424883540552315e-5 932 4 4 0.94 4 0.313464491748325 5.51
true 0.09025626954495569 61 4 1 0.96 1 0.30355517414078803 0.12
true 0.0031495977515162976 167 4 1 0.96 2 0.30355517414078803 0.65
true 0.0003961706437398682 641 4 1 0.96 3 0.30355517414078803 2.93
true 4.983298469096731e-6 500 4 1 0.96 4 0.30355517414078803 3.23
true 0.08265609906175955 66 4 2 0.96 1 0.30355517414078803 0.13
true 0.0016898210704273664 323 4 2 0.96 2 0.30355517414078803 1.08
true 6.439173462832737e-5 1224 4 2 0.96 3 0.30355517414078803 5.09
true 1.2890831948830783e-6 962 4 2 0.96 4 0.30355517414078803 5.26
true 0.0801219664573417 84 4 3 0.96 1 0.30355517414078803 0.19
true 0.002252570299168477 284 4 3 0.96 2 0.30355517414078803 0.94
true 3.667506205525436e-5 1509 4 3 0.96 3 0.30355517414078803 6.44
true 3.4666822546787955e-5 3011 4 3 0.96 4 0.30355517414078803 16.35
true 0.060091616150964935 113 4 4 0.96 1 0.30355517414078803 0.23
true 0.0017470497127450163 471 4 4 0.96 2 0.30355517414078803 1.57
true 0.0002023003221013342 1456 4 4 0.96 3 0.30355517414078803 6.19
true 0.0002184515485445654 2207 4 4 0.96 4 0.30355517414078803 11.69
true 0.08618722156740888 57 4 1 0.98 1 0.2940281549265302 0.13
true 0.0029660297951460413 274 4 1 0.98 2 0.2940281549265302 0.89
true 1.6676711513119447e-5 482 4 1 0.98 3 0.2940281549265302 2.28
true 2.570697087977969e-7 525 4 1 0.98 4 0.2940281549265302 3.38
true 0.07905197279953186 87 4 2 0.98 1 0.2940281549265302 0.17
true 0.001592322496476506 418 4 2 0.98 2 0.2940281549265302 1.42
true 0.000875971957434607 1015 4 2 0.98 3 0.2940281549265302 4.33
true 2.1174465904744144e-5 1526 4 2 0.98 4 0.2940281549265302 8.08
true 0.0766734004960678 69 4 3 0.98 1 0.2940281549265302 0.15
true 0.0021395968335705673 227 4 3 0.98 2 0.2940281549265302 0.79
true 0.0001587267550106445 511 4 3 0.98 3 0.2940281549265302 2.3
true 9.040272470992965e-5 1747 4 3 0.98 4 0.2940281549265302 9.37
true 0.05750529761866498 154 4 4 0.98 1 0.2940281549265302 0.32
true 0.0016465031097920024 375 4 4 0.98 2 0.2940281549265302 1.24
true 0.00017692973368844955 1476 4 4 0.98 3 0.2940281549265302 6.22
true 0.0001331723494077397 1818 4 4 0.98 4 0.2940281549265302 9.94
true 0.08235886671302156 51 4 1 1.0 1 0.28487427258540376 0.11
true 0.0027932252320603257 288 4 1 1.0 2 0.28487427258540376 0.95
true 4.7278958048568853e-7 1199 4 1 1.0 3 0.28487427258540376 5.17
true 2.8617385289253505e-7 561 4 1 1.0 4 0.28487427258540376 3.59
true 0.07565858940453088 76 4 2 1.0 1 0.28487427258540376 0.15
true 0.0015011666070291751 266 4 2 1.0 2 0.28487427258540376 0.87
true 0.0001925149688459804 695 4 2 1.0 3 0.28487427258540376 3.01
true 4.528545889947999e-6 1379 4 2 1.0 4 0.28487427258540376 7.39
true 0.07342517696777057 64 4 3 1.0 1 0.28487427258540376 0.13
true 0.0020002358243570626 294 4 3 1.0 2 0.28487427258540376 1.03
true 0.00021296488693898588 1565 4 3 1.0 3 0.28487427258540376 6.45
true 0.00011697937210932337 895 4 3 1.0 4 0.28487427258540376 5.06
true 0.055068604590432974 99 4 4 1.0 1 0.28487427258540376 0.19
true 0.0015516613398710022 389 4 4 1.0 2 0.28487427258540376 1.3
true 0.0018049490612798702 551 4 4 1.0 3 0.28487427258540376 2.49
true 0.00035045585845674965 1890 4 4 1.0 4 0.28487427258540376 10.04