10 0.715597688
20 0.449898219
30 0.619046194
40 0.679844675
50 0.863859975
60 0.972670397
70 1.298901871
80 1.290345909
90 1.406934521
100 2.388249914
110 2.162334567
120 2.493849961
130 2.487553864
140 2.209959653
150 2.588226282
160 2.450521399
170 2.696502528
180 3.428259805
190 3.00306112
200 3.485727614
210 3.596764021
220 3.565286795
230 3.577854829
240 4.203496429
250 3.655891694
260 4.063177177
270 4.173396166
280 4.380724758
290 4.671215411
300 4.865242826
310 4.620432784
320 4.636092822
330 5.425128264
340 5.397023601
350 5.23988334
360 5.320971413
370 5.234131344
380 6.872275575
390 6.212809963
400 5.957085096
410 6.419093809
420 6.491239521
430 7.010852826
440 7.038372075
450 7.54540734
460 7.002247401
470 7.672118284
480 7.975972258
490 11.176220117
500 7.95707194
510 7.315013047
520 8.626437344
530 8.820577286
540 7.954088801
550 8.547349741
560 8.662744629
570 8.296699299
580 8.286855486
590 8.764972131
600 9.434376548
610 8.976870407
620 8.753773634
630 9.78892957
640 9.594758092
650 9.971656389
660 9.885159516
670 9.438224833
680 10.631899862
690 10.309562253
700 10.457130152
710 10.185059722
720 10.912271966
730 11.17253279
740 11.355324601
750 10.383423128
760 12.839924666
770 12.728127674
780 13.251391922
790 10.897441543
800 13.069801025
810 11.806143849
820 12.688320738
830 11.631195442
840 11.931681683
850 11.888056215
860 11.754371975
870 12.621389554
880 12.951348165
890 13.548996154
900 13.451571952
910 12.418302063
920 13.287981379
930 13.947579316
940 13.398176204
950 15.178732204
960 13.713860404
970 13.267283535
980 13.596232985
990 13.080140696
1000 14.73196143
