g_converged min_loss iter nsites nqubits0 h nlayers SvN time
true 3.3806559024407434e-7 254 4 1 0.04 3 5.221054521751489e-7 2.34
true 9.476087120541266e-8 342 4 1 0.04 4 5.221054521751489e-7 3.74
true 2.333996607650768e-7 251 4 1 0.045 3 1.0919706383313371e-6 2.13
true 2.6855477306408915e-6 451 4 1 0.045 4 1.0919706383313371e-6 4.76
true 5.810794517779883e-7 298 4 1 0.05 3 2.252253432013266e-6 2.31
true 3.2550683276566517e-7 356 4 1 0.05 4 2.252253432013266e-6 4.44
true 3.441769323986321e-7 249 4 1 0.055 3 4.37567672647471e-6 2.15
true 1.9194589404580853e-6 345 4 1 0.055 4 4.37567672647471e-6 3.9
true 3.551429119674765e-7 236 4 1 0.06 3 3.2712639605332464e-5 2.14
true 1.7040434144299788e-6 342 4 1 0.06 4 3.2712639605332464e-5 3.85
true 3.305869882896939e-6 238 4 1 0.065 3 6.476267931970257e-5 2.19
true 7.620003183994584e-7 329 4 1 0.065 4 6.476267931970257e-5 3.9
true 6.680739830400295e-6 251 4 1 0.07 3 0.0001183786849266515 2.19
true 1.6121191389051326e-6 383 4 1 0.07 4 0.0001183786849266515 4.26
true 1.6364415860170567e-6 267 4 1 0.075 3 0.00020010854439861874 2.35
true 7.2268469898384424e-6 713 4 1 0.075 4 0.00020010854439861874 6.38
true 1.2686571546072223e-6 239 4 1 0.08 3 0.00031555771092967207 2.18
true 1.5142157880343454e-6 394 4 1 0.08 4 0.00031555771092967207 4.45
true 9.951622412407435e-6 252 4 1 0.085 3 0.0004713743124606638 2.21
true 1.806172176044285e-5 324 4 1 0.085 4 0.0004713743124606638 3.69
true 3.850504078573014e-5 209 4 1 0.09 3 0.0006755458943422365 1.97
true 3.712998904215059e-5 334 4 1 0.09 4 0.0006755458943422365 3.89
true 2.519085886554251e-5 259 4 1 0.095 3 0.0009357663748697882 2.32
true 6.5222373304973935e-6 381 4 1 0.095 4 0.0009357663748697882 4.32
true 4.7486447266820164e-5 271 4 1 0.1 3 0.0012584685665444728 2.44
true 2.379958539561189e-5 485 4 1 0.1 4 0.0012584685665444728 4.9
true 7.337723654465833e-6 297 4 1 0.105 3 0.0016448436137909768 2.72
true 1.0469983811600692e-6 465 4 1 0.105 4 0.0016448436137909768 5.49
true 5.590496951979329e-6 434 4 1 0.11 3 0.002051125570344679 3.46
true 7.805398743454539e-7 422 4 1 0.11 4 0.002051125570344679 4.63
true 8.845331153739533e-5 231 4 1 0.115 3 0.002440730722987342 2.08
true 5.84588714658274e-8 412 4 1 0.115 4 0.002440730722987342 4.28
true 0.00030913941594334915 235 4 1 0.12 3 0.002857451366537061 2.19
true 4.559545699722722e-6 397 4 1 0.12 4 0.002857451366537061 4.24
true 0.0001293062569110437 247 4 1 0.125 3 0.00332982548065795 2.41
true 0.00019508989350647266 553 4 1 0.125 4 0.00332982548065795 5.42
true 0.0003846737988774107 343 4 1 0.13 3 0.0038710037250973186 2.86
true 3.1314309338004165e-5 432 4 1 0.13 4 0.0038710037250973186 5.2
true 1.0565110901694652e-6 230 4 1 0.135 3 0.004492727768579933 2.12
true 3.4247164891754167e-6 440 4 1 0.135 4 0.004492727768579933 4.65
true 1.8411557832664904e-5 210 4 1 0.14 3 0.005207607228596099 1.88
true 2.4086328838657245e-6 848 4 1 0.14 4 0.005207607228596099 7.82
true 1.0956128810191146e-5 235 4 1 0.145 3 0.006029716301483369 2.02
true 5.156677773610063e-5 332 4 1 0.145 4 0.006029716301483369 3.92
true 4.9363709887617624e-5 245 4 1 0.15 3 0.006975091406260766 2.24
true 2.350275172741112e-5 920 4 1 0.15 4 0.006975091406260766 9.1
true 2.601082892567108e-5 1108 4 1 0.155 3 0.008062173755126356 7.83
true 0.00011179833321889321 471 4 1 0.155 4 0.008062173755126356 5.08
true 0.00029523179710516656 300 4 1 0.16 3 0.009312166724123666 2.53
true 4.510958833181533e-5 566 4 1 0.16 4 0.009312166724123666 5.23
true 1.9515045308560186e-5 746 4 1 0.165 3 0.010749313316355258 5.26
true 2.732588031206795e-5 1005 4 1 0.165 4 0.010749313316355258 9.64
true 1.122395835884138e-5 747 4 1 0.17 3 0.012401116232128213 5.7
true 7.70500631630533e-7 333 4 1 0.17 4 0.012401116232128213 3.85
true 2.5664951052717377e-5 430 4 1 0.175 3 0.014298515829243665 3.28
true 7.59008648433257e-5 491 4 1 0.175 4 0.014298515829243665 5.13
true 1.0411629475792772e-5 1061 4 1 0.18 3 0.01647603291411175 7.16
true 1.0905180274967119e-5 1101 4 1 0.18 4 0.01647603291411175 9.89
true 1.9018346213928172e-5 686 4 1 0.185 3 0.01897188904590839 5.04
true 1.721118398412269e-6 728 4 1 0.185 4 0.01897188904590839 6.94
true 3.092681727601132e-5 740 4 1 0.19 3 0.021828128818143427 5.38
true 6.967011809566603e-5 1078 4 1 0.19 4 0.021828128818143427 9.43
true 0.00015638452495642108 618 4 1 0.195 3 0.025090761152298944 4.34
true 4.5067468295467705e-5 612 4 1 0.195 4 0.025090761152298944 5.79
true 7.61164115647972e-5 351 4 1 0.2 3 0.028809882776728333 2.73
true 3.55979510702209e-7 512 4 1 0.2 4 0.028809882776728333 5.07
true 3.234911985228184e-6 744 4 1 0.205 3 0.03303964398806985 5.06
true 5.9683359696638405e-6 1292 4 1 0.205 4 0.03303964398806985 11.53
true 0.0002885295690432943 464 4 1 0.21 3 0.037837809482577124 3.42
true 5.147663535931546e-6 573 4 1 0.21 4 0.037837809482577124 5.62
true 2.8768800916845194e-5 456 4 1 0.215 3 0.04326464103270638 3.43
true 3.0220165787797626e-5 694 4 1 0.215 4 0.04326464103270638 6.64
true 7.994704605879255e-5 864 4 1 0.22 3 0.04938099268332533 6.29
true 4.441019223477838e-7 1176 4 1 0.22 4 0.04938099268332533 10.38
true 0.0002512923270964751 552 4 1 0.225 3 0.056245996945787594 4.3
true 1.403843418507078e-5 1114 4 1 0.225 4 0.056245996945787594 10.16
true 8.333295283408093e-5 458 4 1 0.23 3 0.0639155091216561 3.53
true 7.312065505860055e-7 587 4 1 0.23 4 0.0639155091216561 5.56
true 1.2030016414532607e-5 430 4 1 0.235 3 0.07244273956936036 3.24
true 6.985000800596719e-6 596 4 1 0.235 4 0.07244273956936036 5.81
true 2.940269451645605e-5 635 4 1 0.24 3 0.08188079160576314 4.36
true 6.451950855801414e-7 582 4 1 0.24 4 0.08188079160576314 5.71
true 7.086407502071568e-5 749 4 1 0.245 3 0.09228418542907334 5.19
true 5.913186522266134e-5 1016 4 1 0.245 4 0.09228418542907334 9.18
true 0.0006274836249867133 346 4 1 0.25 3 0.10370693433146623 2.78
true 1.221328332801086e-6 1147 4 1 0.25 4 0.10370693433146623 10.13
true 9.680347835883119e-6 370 4 1 0.255 3 0.11619805724430629 3.07
true 3.3623523947867717e-6 730 4 1 0.255 4 0.11619805724430629 6.9
true 0.0007151772381273069 346 4 1 0.26 3 0.1297967786166197 2.76
true 1.1847497738415314e-7 573 4 1 0.26 4 0.1297967786166197 5.54
true 1.5059462974087445e-5 272 4 1 0.265 3 0.14452847657781975 2.28
true 8.909345299346061e-6 863 4 1 0.265 4 0.14452847657781975 8.23
true 4.295118953834276e-7 619 4 1 0.27 3 0.16040132296490764 4.5
true 4.163723097971861e-7 488 4 1 0.27 4 0.16040132296490764 5.18
true 5.2750898679010394e-5 550 4 1 0.275 3 0.1774033710874055 3.92
true 3.3152090127552825e-6 768 4 1 0.275 4 0.1774033710874055 7.41
true 5.058970685145603e-7 1119 4 1 0.28 3 0.1955000413843353 7.97
true 6.90150379734078e-7 564 4 1 0.28 4 0.1955000413843353 5.75
true 0.00013151184017484718 732 4 1 0.285 3 0.2146321291169702 5.32
true 9.196878247852425e-8 678 4 1 0.285 4 0.2146321291169702 6.82
true 4.75973121247808e-5 981 4 1 0.29 3 0.23471453828017486 7.26
true 1.1436748398319097e-7 504 4 1 0.29 4 0.23471453828017486 5.06
true 2.6504689032758044e-5 512 4 1 0.295 3 0.25563595792425975 4.11
true 8.565582282349382e-8 576 4 1 0.295 4 0.25563595792425975 6.16
true 0.00012357940170132364 535 4 1 0.3 3 0.27725966462546564 3.88
true 6.164585046875004e-7 1401 4 1 0.3 4 0.27725966462546564 11.77
true 0.00021088694545723374 944 4 1 0.305 3 0.2994255701947617 6.66
true 1.6121152413006712e-7 502 4 1 0.305 4 0.2994255701947617 5.22
true 0.00023856277293637929 957 4 1 0.31 3 0.3219535459176348 6.37
true 5.90602184380451e-8 475 4 1 0.31 4 0.3219535459176348 4.94
true 0.00025165676018507055 667 4 1 0.315 3 0.34464795263766296 4.79
true 1.7927877051793217e-6 544 4 1 0.315 4 0.34464795263766296 5.43
true 0.00019929201912799455 405 4 1 0.32 3 0.3673031991535092 3.03
true 9.080925278404095e-7 398 4 1 0.32 4 0.3673031991535092 4.27