g_converged min_loss iter nsites nqubits0 h nlayers SvN time
true 3.265025225740459e-7 263 4 1 0.04 3 5.221054521751489e-7 1.26
true 3.765045043180315e-6 447 4 1 0.04 4 5.221054521751489e-7 2.85
true 1.1448488479448571e-7 246 4 1 0.045 3 1.0919706383313371e-6 1.16
true 2.708146166763292e-7 325 4 1 0.045 4 1.0919706383313371e-6 2.22
true 1.043404100842249e-6 278 4 1 0.05 3 2.252253432013266e-6 1.41
true 5.095139466892995e-6 878 4 1 0.05 4 2.252253432013266e-6 4.76
true 7.286221240798696e-7 230 4 1 0.055 3 4.37567672647471e-6 1.21
true 7.335495693094884e-7 328 4 1 0.055 4 4.37567672647471e-6 2.08
true 3.968436582124646e-7 286 4 1 0.06 3 3.2712639605332464e-5 1.49
true 1.3530813450346457e-5 418 4 1 0.06 4 3.2712639605332464e-5 2.65
true 5.195630377485827e-6 242 4 1 0.065 3 6.476267931970257e-5 1.14
true 5.562883810872332e-6 563 4 1 0.065 4 6.476267931970257e-5 3.44
true 1.4962810116259107e-5 270 4 1 0.07 3 0.0001183786849266515 1.58
true 9.037440245440731e-6 353 4 1 0.07 4 0.0001183786849266515 2.41
true 4.62723581728941e-7 254 4 1 0.075 3 0.00020010854439861874 1.24
true 5.479936399099827e-8 452 4 1 0.075 4 0.00020010854439861874 2.8
true 8.1624527714097e-6 319 4 1 0.08 3 0.00031555771092967207 1.58
true 1.7890971383272003e-6 390 4 1 0.08 4 0.00031555771092967207 2.47
true 1.4294706885742414e-5 232 4 1 0.085 3 0.0004713743124606638 1.12
true 4.178532622595155e-5 413 4 1 0.085 4 0.0004713743124606638 2.65
true 7.2853621400637e-6 269 4 1 0.09 3 0.0006755458943422365 1.36
true 2.1766214222562752e-5 403 4 1 0.09 4 0.0006755458943422365 2.39
true 9.465226210469968e-5 322 4 1 0.095 3 0.0009357663748697882 1.47
true 7.133767543909819e-5 509 4 1 0.095 4 0.0009357663748697882 3.16
true 8.200670548241806e-6 268 4 1 0.1 3 0.0012584685665444728 1.32
true 0.00010171482708748458 357 4 1 0.1 4 0.0012584685665444728 2.23
true 9.751761124587865e-5 254 4 1 0.105 3 0.0016448436137909768 1.16
true 4.28422239481252e-5 366 4 1 0.105 4 0.0016448436137909768 2.22
true 3.461485278594134e-5 254 4 1 0.11 3 0.002051125570344679 1.3
true 6.470371249622797e-5 338 4 1 0.11 4 0.002051125570344679 2.23
true 5.724093125492047e-6 256 4 1 0.115 3 0.002440730722987342 1.18
true 8.666923699440776e-6 460 4 1 0.115 4 0.002440730722987342 2.73
true 0.00010239212823398569 235 4 1 0.12 3 0.002857451366537061 1.26
true 8.61223178566517e-6 585 4 1 0.12 4 0.002857451366537061 3.26
true 1.7426029554901135e-5 388 4 1 0.125 3 0.00332982548065795 1.61
true 4.9715470006317375e-6 582 4 1 0.125 4 0.00332982548065795 3.48
true 2.098185289994836e-5 401 4 1 0.13 3 0.0038710037250973186 1.65
true 1.0185620074376622e-5 331 4 1 0.13 4 0.0038710037250973186 2.05
true 1.4471666280047035e-5 246 4 1 0.135 3 0.004492727768579933 1.15
true 3.51056536154748e-5 421 4 1 0.135 4 0.004492727768579933 2.75
true 0.000503047739345841 261 4 1 0.14 3 0.005207607228596099 1.25
true 1.0486801272469037e-5 363 4 1 0.14 4 0.005207607228596099 2.3
true 3.583704730930615e-5 290 4 1 0.145 3 0.006029716301483369 1.32
true 3.041059853547967e-6 413 4 1 0.145 4 0.006029716301483369 2.84
true 2.2727912869835443e-5 539 4 1 0.15 3 0.006975091406260766 2.32
true 1.7915817969171854e-6 1040 4 1 0.15 4 0.006975091406260766 5.41
true 0.00025053200708241574 241 4 1 0.155 3 0.008062173755126356 1.15
true 0.00015284983854596534 391 4 1 0.155 4 0.008062173755126356 2.62
true 0.0008300935359599748 233 4 1 0.16 3 0.009312166724123666 1.19
true 3.2158250394875854e-5 1058 4 1 0.16 4 0.009312166724123666 5.6
true 0.00038029572233372333 365 4 1 0.165 3 0.010749313316355258 1.77
true 0.0008164100702022781 785 4 1 0.165 4 0.010749313316355258 4.68
true 4.886692859806807e-5 499 4 1 0.17 3 0.012401116232128213 2.2
true 4.58709153494663e-6 428 4 1 0.17 4 0.012401116232128213 2.7
true 6.92410772009655e-5 548 4 1 0.175 3 0.014298515829243665 2.45
true 7.006474533666207e-6 561 4 1 0.175 4 0.014298515829243665 3.16
true 6.84847030938962e-5 282 4 1 0.18 3 0.01647603291411175 1.25
true 9.160651408596232e-5 357 4 1 0.18 4 0.01647603291411175 2.14
true 9.740846347361387e-6 331 4 1 0.185 3 0.01897188904590839 1.57
true 9.585754764951382e-6 453 4 1 0.185 4 0.01897188904590839 2.66
true 0.0002478143819683032 223 4 1 0.19 3 0.021828128818143427 1.06
true 1.6825330537706407e-6 749 4 1 0.19 4 0.021828128818143427 4.84
true 0.00016329162946876474 457 4 1 0.195 3 0.025090761152298944 2.05
true 9.883160159152027e-7 677 4 1 0.195 4 0.025090761152298944 3.48
true 8.18383514864518e-5 1418 4 1 0.2 3 0.028809882776728333 5.3
true 2.7039785544524797e-6 1045 4 1 0.2 4 0.028809882776728333 5.17
true 0.00027859561599352656 236 4 1 0.205 3 0.03303964398806985 1.22
true 2.362087018870085e-6 437 4 1 0.205 4 0.03303964398806985 2.79
true 4.0469151997846176e-6 1229 4 1 0.21 3 0.037837809482577124 4.79
true 2.2503412180352456e-6 503 4 1 0.21 4 0.037837809482577124 3.03
true 0.0002616080656888675 434 4 1 0.215 3 0.04326464103270638 1.79
true 1.1548477337086638e-5 948 4 1 0.215 4 0.04326464103270638 4.81
true 0.0002839372476751145 303 4 1 0.22 3 0.04938099268332533 1.33
true 2.33464093768454e-6 800 4 1 0.22 4 0.04938099268332533 4.66
true 0.0006617201483946622 233 4 1 0.225 3 0.056245996945787594 1.26
true 3.6573905503045623e-6 1490 4 1 0.225 4 0.056245996945787594 7.52
true 0.00040396695024697005 685 4 1 0.23 3 0.0639155091216561 2.87
true 0.0007010967604526019 389 4 1 0.23 4 0.0639155091216561 2.74
true 1.3823208330043801e-5 536 4 1 0.235 3 0.07244273956936036 2.29
true 0.0008395995162620573 451 4 1 0.235 4 0.07244273956936036 2.86
true 9.713510354203425e-5 725 4 1 0.24 3 0.08188079160576314 2.83
true 1.5400207408200473e-6 472 4 1 0.24 4 0.08188079160576314 2.61
true 0.0004692208551332344 308 4 1 0.245 3 0.09228418542907334 1.52
true 1.5837703754573162e-6 694 4 1 0.245 4 0.09228418542907334 3.79
true 8.740002234164379e-6 760 4 1 0.25 3 0.10370693433146623 2.86
true 4.203146949377512e-7 484 4 1 0.25 4 0.10370693433146623 2.78
true 6.480411894033145e-5 858 4 1 0.255 3 0.11619805724430629 3.22
true 1.4503470180948774e-6 1092 4 1 0.255 4 0.11619805724430629 5.76
true 0.00010451483778017856 565 4 1 0.26 3 0.1297967786166197 2.23
true 2.9044621304818996e-5 801 4 1 0.26 4 0.1297967786166197 4.5
true 3.157388490632185e-5 552 4 1 0.265 3 0.14452847657781975 2.22
true 9.724383759346367e-8 736 4 1 0.265 4 0.14452847657781975 3.73
true 0.0009757738529469484 544 4 1 0.27 3 0.16040132296490764 2.3
true 1.02637522725324e-6 1225 4 1 0.27 4 0.16040132296490764 5.98
true 0.0001820376037938165 912 4 1 0.275 3 0.1774033710874055 3.7
true 4.124851466502655e-7 587 4 1 0.275 4 0.1774033710874055 3.33
true 1.8949062409234774e-5 1428 4 1 0.28 3 0.1955000413843353 5.42
true 9.230652491809543e-7 702 4 1 0.28 4 0.1955000413843353 3.73
true 0.0004319939401297157 297 4 1 0.285 3 0.2146321291169702 1.45
true 7.267109075614897e-7 702 4 1 0.285 4 0.2146321291169702 3.69
true 1.5143601636569137e-6 830 4 1 0.29 3 0.23471453828017486 3.15
true 2.3730267273425198e-7 524 4 1 0.29 4 0.23471453828017486 3.04
true 0.00011636348181798262 351 4 1 0.295 3 0.25563595792425975 1.49
true 6.382311027453014e-7 1201 4 1 0.295 4 0.25563595792425975 5.91
true 6.290603790370941e-5 517 4 1 0.3 3 0.27725966462546564 2.14
true 7.846360267071972e-8 433 4 1 0.3 4 0.27725966462546564 2.44
true 3.749868030372694e-5 576 4 1 0.305 3 0.2994255701947617 2.42
true 1.492225812360637e-7 394 4 1 0.305 4 0.2994255701947617 2.49
true 0.00043942569808380627 870 4 1 0.31 3 0.3219535459176348 3.25
true 2.45594797720905e-7 1212 4 1 0.31 4 0.3219535459176348 6.49
true 0.0001603170982762414 1256 4 1 0.315 3 0.34464795263766296 4.66
true 5.566575110860228e-7 625 4 1 0.315 4 0.34464795263766296 3.16
true 0.00031839186456705804 651 4 1 0.32 3 0.3673031991535092 2.6
true 1.275008788326204e-6 724 4 1 0.32 4 0.3673031991535092 3.76