g_converged min_loss iter nsites nqubits0 h nlayers SvN time
true 1.625602857324715e-7 244 4 1 0.04 3 5.221054521751489e-7 1.05
true 2.703957605598717e-7 362 4 1 0.04 4 5.221054521751489e-7 1.98
true 4.959458453912546e-7 258 4 1 0.045 3 1.0919706383313371e-6 1.04
true 2.847647686543553e-7 431 4 1 0.045 4 1.0919706383313371e-6 2.43
true 1.2282086107040513e-6 284 4 1 0.05 3 2.252253432013266e-6 1.28
true 7.407767848577329e-7 386 4 1 0.05 4 2.252253432013266e-6 2.02
true 2.438286150763247e-7 265 4 1 0.055 3 4.37567672647471e-6 1.1
true 5.83919836372182e-8 343 4 1 0.055 4 4.37567672647471e-6 2.19
true 4.451362725865771e-6 558 4 1 0.06 3 3.2712639605332464e-5 2.22
true 2.604594829092033e-6 361 4 1 0.06 4 3.2712639605332464e-5 2.19
true 1.5520657398737647e-6 223 4 1 0.065 3 6.476267931970257e-5 1.04
true 4.52096861336404e-6 564 4 1 0.065 4 6.476267931970257e-5 2.86
true 5.078323496832127e-6 249 4 1 0.07 3 0.0001183786849266515 1.12
true 3.079144938855638e-6 451 4 1 0.07 4 0.0001183786849266515 2.39
true 1.2224307415653612e-5 259 4 1 0.075 3 0.00020010854439861874 1.05
true 8.040585775637155e-6 423 4 1 0.075 4 0.00020010854439861874 2.26
true 4.4097947306531715e-6 231 4 1 0.08 3 0.00031555771092967207 1.06
true 2.7247813260133924e-6 276 4 1 0.08 4 0.00031555771092967207 1.72
true 2.2382573069967826e-5 224 4 1 0.085 3 0.0004713743124606638 1.05
true 9.947044508074043e-7 385 4 1 0.085 4 0.0004713743124606638 2.39
true 1.1366324752182244e-5 370 4 1 0.09 3 0.0006755458943422365 1.34
true 1.255319805992805e-6 311 4 1 0.09 4 0.0006755458943422365 1.79
true 5.929913083735361e-6 261 4 1 0.095 3 0.0009357663748697882 1.16
true 6.714760129200581e-6 343 4 1 0.095 4 0.0009357663748697882 2.21
true 4.246906794624916e-5 267 4 1 0.1 3 0.0012584685665444728 1.12
true 1.0785663127621525e-6 469 4 1 0.1 4 0.0012584685665444728 2.25
true 0.00012949606402107294 227 4 1 0.105 3 0.0016448436137909768 1.03
true 3.6483387936880884e-5 421 4 1 0.105 4 0.0016448436137909768 2.35
true 6.818389180551776e-5 212 4 1 0.11 3 0.002051125570344679 0.93
true 0.00018709733548338825 423 4 1 0.11 4 0.002051125570344679 2.17
true 0.00016245218540072992 270 4 1 0.115 3 0.002440730722987342 1.17
true 5.259647536004497e-6 513 4 1 0.115 4 0.002440730722987342 2.94
true 0.0003078944162352437 276 4 1 0.12 3 0.002857451366537061 1.28
true 8.442848785983337e-6 458 4 1 0.12 4 0.002857451366537061 2.54
true 2.888690202784705e-5 219 4 1 0.125 3 0.00332982548065795 0.93
true 0.00021172582081019353 388 4 1 0.125 4 0.00332982548065795 2.12
true 8.064457009476778e-5 1209 4 1 0.13 3 0.0038710037250973186 4.18
true 0.00012698537388855513 559 4 1 0.13 4 0.0038710037250973186 2.78
true 0.00015528852287360895 276 4 1 0.135 3 0.004492727768579933 1.17
true 2.5077536552620128e-5 523 4 1 0.135 4 0.004492727768579933 2.76
true 1.004152456729468e-5 248 4 1 0.14 3 0.005207607228596099 1.18
true 0.0001433167713164596 429 4 1 0.14 4 0.005207607228596099 2.33
true 2.8248640461248087e-5 260 4 1 0.145 3 0.006029716301483369 1.07
true 0.00013408422289806765 371 4 1 0.145 4 0.006029716301483369 2.3
true 0.0008401851810332372 245 4 1 0.15 3 0.006975091406260766 1.12
true 0.00043021833653072994 457 4 1 0.15 4 0.006975091406260766 2.6
true 1.4447518997540154e-5 476 4 1 0.155 3 0.008062173755126356 1.82
true 3.0211959548109846e-5 342 4 1 0.155 4 0.008062173755126356 2.0
true 0.00015607858556832 698 4 1 0.16 3 0.009312166724123666 2.71
true 4.4468999844449186e-5 416 4 1 0.16 4 0.009312166724123666 2.14
true 7.054369544196026e-5 247 4 1 0.165 3 0.010749313316355258 1.06
true 3.2085224785372013e-6 790 4 1 0.165 4 0.010749313316355258 3.65
true 7.044127126087929e-5 293 4 1 0.17 3 0.012401116232128213 1.23
true 0.0007276857401176118 394 4 1 0.17 4 0.012401116232128213 2.11
true 0.000434742284534273 262 4 1 0.175 3 0.014298515829243665 1.09
true 1.2643493850772458e-6 559 4 1 0.175 4 0.014298515829243665 2.78
true 6.132918338874749e-5 490 4 1 0.18 3 0.01647603291411175 1.77
true 8.421815722192694e-6 555 4 1 0.18 4 0.01647603291411175 2.66
true 1.904672085267789e-5 344 4 1 0.185 3 0.01897188904590839 1.28
true 0.00025418709447661003 398 4 1 0.185 4 0.01897188904590839 2.47
true 0.00012043364058772488 285 4 1 0.19 3 0.021828128818143427 1.33
true 7.833411471325213e-5 1234 4 1 0.19 4 0.021828128818143427 5.47
true 3.7466342110714645e-5 457 4 1 0.195 3 0.025090761152298944 1.87
true 4.125520993880638e-6 360 4 1 0.195 4 0.025090761152298944 2.21
true 1.8463953492198204e-5 551 4 1 0.2 3 0.028809882776728333 2.02
true 9.014749388186472e-5 737 4 1 0.2 4 0.028809882776728333 3.61
true 7.573384936437888e-5 1228 4 1 0.205 3 0.03303964398806985 4.36
true 1.3572832518904399e-5 1347 4 1 0.205 4 0.03303964398806985 5.96
true 9.26737836324798e-5 623 4 1 0.21 3 0.037837809482577124 2.17
true 5.596981840144677e-5 758 4 1 0.21 4 0.037837809482577124 3.62
true 7.882714231066679e-5 246 4 1 0.215 3 0.04326464103270638 1.14
true 8.288362433217511e-6 656 4 1 0.215 4 0.04326464103270638 3.29
true 1.2026619428340268e-5 710 4 1 0.22 3 0.04938099268332533 2.58
true 6.14203038373784e-6 629 4 1 0.22 4 0.04938099268332533 3.04
true 4.75970430996453e-6 689 4 1 0.225 3 0.056245996945787594 2.4
true 3.892671522343072e-6 1689 4 1 0.225 4 0.056245996945787594 7.65
true 0.0002718802095564854 344 4 1 0.23 3 0.0639155091216561 1.53
true 3.5888393489225123e-6 896 4 1 0.23 4 0.0639155091216561 4.22
true 2.1549650274677035e-5 798 4 1 0.235 3 0.07244273956936036 2.89
true 4.053003060944249e-8 501 4 1 0.235 4 0.07244273956936036 2.82
true 2.9975173574114944e-5 852 4 1 0.24 3 0.08188079160576314 2.86
true 5.670227458121069e-7 520 4 1 0.24 4 0.08188079160576314 2.68
true 4.256827436915911e-5 1469 4 1 0.245 3 0.09228418542907334 4.79
true 0.00012837518442565532 797 4 1 0.245 4 0.09228418542907334 3.81
true 7.625592465049236e-5 563 4 1 0.25 3 0.10370693433146623 1.97
true 3.9342385501628385e-6 1023 4 1 0.25 4 0.10370693433146623 4.81
true 3.603103775673411e-5 308 4 1 0.255 3 0.11619805724430629 1.3
true 2.241240630307395e-7 1126 4 1 0.255 4 0.11619805724430629 5.14
true 0.0006979045843702458 274 4 1 0.26 3 0.1297967786166197 1.1
true 4.273673086252483e-6 608 4 1 0.26 4 0.1297967786166197 3.21
true 0.0010074914183603179 395 4 1 0.265 3 0.14452847657781975 1.52
true 7.043334031564541e-7 373 4 1 0.265 4 0.14452847657781975 2.06
true 4.651244512365871e-5 691 4 1 0.27 3 0.16040132296490764 2.44
true 2.0025283675728645e-7 440 4 1 0.27 4 0.16040132296490764 2.42
true 8.361313555133032e-5 1047 4 1 0.275 3 0.1774033710874055 3.73
true 3.6164323969356538e-6 740 4 1 0.275 4 0.1774033710874055 3.92
true 0.00010879521468781794 753 4 1 0.28 3 0.1955000413843353 2.79
true 2.8340113358282792e-6 731 4 1 0.28 4 0.1955000413843353 3.56
true 0.00010888152697441367 1107 4 1 0.285 3 0.2146321291169702 3.77
true 6.192332763832464e-6 394 4 1 0.285 4 0.2146321291169702 2.04
true 3.4061153342257455e-8 883 4 1 0.29 3 0.23471453828017486 3.34
true 2.7935314548810375e-6 561 4 1 0.29 4 0.23471453828017486 2.75
true 8.157929194713143e-5 459 4 1 0.295 3 0.25563595792425975 1.6
true 3.364082036827476e-7 486 4 1 0.295 4 0.25563595792425975 2.68
true 4.605004379987232e-6 923 4 1 0.3 3 0.27725966462546564 3.11
true 1.5331412384078646e-7 354 4 1 0.3 4 0.27725966462546564 1.94
true 1.9465504651539067e-5 455 4 1 0.305 3 0.2994255701947617 1.7
true 1.1824108542279888e-7 514 4 1 0.305 4 0.2994255701947617 2.86
true 0.0001896334733161309 433 4 1 0.31 3 0.3219535459176348 1.63
true 1.4036696774910595e-6 704 4 1 0.31 4 0.3219535459176348 3.29
true 5.397233546700075e-6 443 4 1 0.315 3 0.34464795263766296 1.77
true 2.790916758810269e-7 343 4 1 0.315 4 0.34464795263766296 1.93
true 3.2344655393035104e-5 774 4 1 0.32 3 0.3673031991535092 2.88
true 2.8729374268454677e-8 689 4 1 0.32 4 0.3673031991535092 3.61