g_converged min_loss iter nsites nqubits0 h nlayers SvN time
true 1.3065577053605892e-7 228 4 1 0.04 3 5.221054521751489e-7 1.03
true 3.78574917192509e-7 348 4 1 0.04 4 5.221054521751489e-7 1.9
true 1.7271525528106402e-6 258 4 1 0.045 3 1.0919706383313371e-6 1.2
true 2.5948790374763497e-6 486 4 1 0.045 4 1.0919706383313371e-6 2.69
true 1.995896754647397e-6 344 4 1 0.05 3 2.252253432013266e-6 1.35
true 2.978824390542645e-6 346 4 1 0.05 4 2.252253432013266e-6 1.92
true 8.907126434198886e-7 247 4 1 0.055 3 4.37567672647471e-6 1.11
true 5.344228080073066e-7 389 4 1 0.055 4 4.37567672647471e-6 2.34
true 5.505837325836538e-6 378 4 1 0.06 3 3.2712639605332464e-5 1.7
true 2.4964722432629927e-5 573 4 1 0.06 4 3.2712639605332464e-5 2.94
true 1.2540477370426295e-6 511 4 1 0.065 3 6.476267931970257e-5 1.88
true 4.782477455944623e-6 316 4 1 0.065 4 6.476267931970257e-5 1.97
true 1.6157824937468312e-6 228 4 1 0.07 3 0.0001183786849266515 1.11
true 3.9901733395186767e-7 382 4 1 0.07 4 0.0001183786849266515 2.19
true 2.5603879196034462e-5 228 4 1 0.075 3 0.00020010854439861874 0.98
true 6.749408691164582e-6 602 4 1 0.075 4 0.00020010854439861874 3.2
true 1.5496825889083077e-5 222 4 1 0.08 3 0.00031555771092967207 1.09
true 2.228799543591009e-6 693 4 1 0.08 4 0.00031555771092967207 3.29
true 6.257212817384339e-6 257 4 1 0.085 3 0.0004713743124606638 1.1
true 6.745995517642989e-6 373 4 1 0.085 4 0.0004713743124606638 2.21
true 6.978742582708364e-7 321 4 1 0.09 3 0.0006755458943422365 1.32
true 3.7201557389121565e-5 498 4 1 0.09 4 0.0006755458943422365 2.54
true 4.912494134218237e-5 243 4 1 0.095 3 0.0009357663748697882 1.06
true 8.16228003126529e-5 426 4 1 0.095 4 0.0009357663748697882 2.44
true 7.676766181963224e-5 243 4 1 0.1 3 0.0012584685665444728 1.1
true 3.9251286488739545e-5 347 4 1 0.1 4 0.0012584685665444728 2.0
true 2.9014534365046085e-5 238 4 1 0.105 3 0.0016448436137909768 1.12
true 1.84075414628726e-5 301 4 1 0.105 4 0.0016448436137909768 1.7
true 2.8160055692283414e-6 218 4 1 0.11 3 0.002051125570344679 0.92
true 4.132219177283014e-5 328 4 1 0.11 4 0.002051125570344679 1.94
true 0.00016861052305694457 282 4 1 0.115 3 0.002440730722987342 1.23
true 7.047818743222134e-6 417 4 1 0.115 4 0.002440730722987342 2.18
true 1.2756812903691461e-5 399 4 1 0.12 3 0.002857451366537061 1.52
true 3.0383158578839442e-5 464 4 1 0.12 4 0.002857451366537061 2.47
true 0.0003880615005099619 236 4 1 0.125 3 0.00332982548065795 1.07
true 1.0153225311615444e-6 452 4 1 0.125 4 0.00332982548065795 2.52
true 0.0004059635561923236 264 4 1 0.13 3 0.0038710037250973186 1.19
true 1.880306943757848e-6 821 4 1 0.13 4 0.0038710037250973186 4.16
true 6.427734477454372e-6 250 4 1 0.135 3 0.004492727768579933 1.23
true 0.0004320245586417748 470 4 1 0.135 4 0.004492727768579933 2.36
true 2.4271195442959748e-5 299 4 1 0.14 3 0.005207607228596099 1.29
true 2.1140586005496953e-5 398 4 1 0.14 4 0.005207607228596099 2.14
true 8.85085850416134e-6 575 4 1 0.145 3 0.006029716301483369 2.36
true 4.919476120124333e-5 424 4 1 0.145 4 0.006029716301483369 2.55
true 0.00012215670651294364 266 4 1 0.15 3 0.006975091406260766 1.08
true 1.7984504079304742e-6 470 4 1 0.15 4 0.006975091406260766 2.41
true 2.6301224543001656e-5 620 4 1 0.155 3 0.008062173755126356 2.33
true 2.1699115728301965e-5 798 4 1 0.155 4 0.008062173755126356 3.67
true 1.0347830170120975e-5 678 4 1 0.16 3 0.009312166724123666 2.59
true 6.747737485324201e-6 705 4 1 0.16 4 0.009312166724123666 3.51
true 1.1361476622950839e-5 620 4 1 0.165 3 0.010749313316355258 2.17
true 6.920237421492725e-6 976 4 1 0.165 4 0.010749313316355258 4.99
true 7.953844740726801e-6 957 4 1 0.17 3 0.012401116232128213 3.32
true 7.613837324366157e-5 1175 4 1 0.17 4 0.012401116232128213 5.48
true 1.3512303098484058e-5 885 4 1 0.175 3 0.014298515829243665 3.04
true 6.557582088528857e-5 341 4 1 0.175 4 0.014298515829243665 2.32
true 0.0019364919479046283 261 4 1 0.18 3 0.01647603291411175 1.21
true 2.734885631155981e-5 423 4 1 0.18 4 0.01647603291411175 2.23
true 6.827802983211395e-5 371 4 1 0.185 3 0.01897188904590839 1.39
true 4.438548906970929e-6 1413 4 1 0.185 4 0.01897188904590839 6.44
true 1.253060687933516e-5 685 4 1 0.19 3 0.021828128818143427 2.39
true 4.686003114273696e-5 740 4 1 0.19 4 0.021828128818143427 3.7
true 6.729981218345227e-5 408 4 1 0.195 3 0.025090761152298944 1.65
true 8.349539312557663e-6 763 4 1 0.195 4 0.025090761152298944 3.7
true 8.973183614630065e-5 515 4 1 0.2 3 0.028809882776728333 2.06
true 2.847203626704653e-5 475 4 1 0.2 4 0.028809882776728333 2.76
true 0.0001540440536053067 297 4 1 0.205 3 0.03303964398806985 1.35
true 9.228133589556098e-6 992 4 1 0.205 4 0.03303964398806985 4.57
true 1.0496668916726293e-5 681 4 1 0.21 3 0.037837809482577124 2.32
true 8.965999519294776e-5 432 4 1 0.21 4 0.037837809482577124 2.35
true 0.00017717580886034145 664 4 1 0.215 3 0.04326464103270638 2.46
true 1.0280353224811911e-6 637 4 1 0.215 4 0.04326464103270638 3.27
true 0.00031355854573777986 464 4 1 0.22 3 0.04938099268332533 1.9
true 4.998832804553599e-5 483 4 1 0.22 4 0.04938099268332533 2.97
true 5.417669984836282e-5 580 4 1 0.225 3 0.056245996945787594 2.19
true 7.6176271039951615e-6 1275 4 1 0.225 4 0.056245996945787594 5.62
true 1.9100784235503987e-5 786 4 1 0.23 3 0.0639155091216561 2.85
true 3.6700467992978325e-6 802 4 1 0.23 4 0.0639155091216561 3.83
true 2.7550394331998795e-5 817 4 1 0.235 3 0.07244273956936036 2.98
true 4.565130377054416e-7 455 4 1 0.235 4 0.07244273956936036 2.27
true 3.860832104973788e-5 474 4 1 0.24 3 0.08188079160576314 1.74
true 1.178415915958908e-6 530 4 1 0.24 4 0.08188079160576314 2.72
true 4.626549681863157e-5 417 4 1 0.245 3 0.09228418542907334 1.68
true 2.5163610510858803e-5 1057 4 1 0.245 4 0.09228418542907334 4.68
true 6.423406483041516e-5 879 4 1 0.25 3 0.10370693433146623 3.17
true 5.199472913330894e-8 690 4 1 0.25 4 0.10370693433146623 3.22
true 3.267485792946001e-5 414 4 1 0.255 3 0.11619805724430629 1.5
true 5.66180593297716e-7 586 4 1 0.255 4 0.11619805724430629 3.04
true 3.876195019092421e-5 541 4 1 0.26 3 0.1297967786166197 1.89
true 1.0079603896540057e-6 519 4 1 0.26 4 0.1297967786166197 2.7
true 1.996972478934822e-5 692 4 1 0.265 3 0.14452847657781975 2.58
true 4.643660156899987e-6 391 4 1 0.265 4 0.14452847657781975 2.37
true 0.0002924926945273576 498 4 1 0.27 3 0.16040132296490764 1.77
true 1.1675541400357758e-7 1348 4 1 0.27 4 0.16040132296490764 6.25
true 0.0012107157330091822 211 4 1 0.275 3 0.1774033710874055 0.93
true 6.240214197406058e-5 782 4 1 0.275 4 0.1774033710874055 3.44
true 0.00016685850207615038 671 4 1 0.28 3 0.1955000413843353 3.41
true 4.0677569768110544e-7 740 4 1 0.28 4 0.1955000413843353 3.69
true 0.001956426256751409 304 4 1 0.285 3 0.2146321291169702 1.28
true 1.6313893530517376e-7 608 4 1 0.285 4 0.2146321291169702 2.97
true 0.00021790798566212466 1099 4 1 0.29 3 0.23471453828017486 3.78
true 2.0884960574951705e-5 430 4 1 0.29 4 0.23471453828017486 2.18
true 0.0002019858766183491 520 4 1 0.295 3 0.25563595792425975 1.97
true 2.4236908076069597e-6 358 4 1 0.295 4 0.25563595792425975 2.16
true 0.0013667267788919357 332 4 1 0.3 3 0.27725966462546564 1.28
true 1.6288186786561631e-6 719 4 1 0.3 4 0.27725966462546564 3.65
true 0.00020708556884185825 1723 4 1 0.305 3 0.2994255701947617 5.68
true 3.084566063682459e-7 730 4 1 0.305 4 0.2994255701947617 3.43
true 0.00013400828867515813 270 4 1 0.31 3 0.3219535459176348 1.26
true 6.247316147733883e-8 634 4 1 0.31 4 0.3219535459176348 2.94
true 0.00011524122057010588 538 4 1 0.315 3 0.34464795263766296 1.88
true 1.9960847136291093e-7 401 4 1 0.315 4 0.34464795263766296 2.23
true 5.205485795745091e-6 1272 4 1 0.32 3 0.3673031991535092 4.36
true 5.336718993387279e-7 471 4 1 0.32 4 0.3673031991535092 2.35