g_converged min_loss iter nsites nqubits0 h nlayers SvN time
true 2.111121853998199e-7 262 4 1 0.04 3 5.221054521751489e-7 1.14
true 6.868186107789054e-6 328 4 1 0.04 4 5.221054521751489e-7 1.91
true 3.299758470909353e-7 238 4 1 0.045 3 1.0919706383313371e-6 1.05
true 1.5321715007843295e-7 362 4 1 0.045 4 1.0919706383313371e-6 2.05
true 2.4858944858152654e-7 229 4 1 0.05 3 2.252253432013266e-6 0.97
true 8.511208334227582e-7 460 4 1 0.05 4 2.252253432013266e-6 2.34
true 7.642027929355422e-7 229 4 1 0.055 3 4.37567672647471e-6 0.98
true 1.195252959607096e-6 373 4 1 0.055 4 4.37567672647471e-6 2.09
true 9.040269227100772e-7 233 4 1 0.06 3 3.2712639605332464e-5 0.98
true 1.1805622637250934e-6 387 4 1 0.06 4 3.2712639605332464e-5 2.22
true 1.1699814388421714e-6 241 4 1 0.065 3 6.476267931970257e-5 1.05
true 2.0088778787563655e-5 561 4 1 0.065 4 6.476267931970257e-5 2.78
true 1.96896203907837e-6 352 4 1 0.07 3 0.0001183786849266515 1.37
true 6.010937531164551e-6 461 4 1 0.07 4 0.0001183786849266515 2.5
true 1.4232238794431584e-5 225 4 1 0.075 3 0.00020010854439861874 1.02
true 4.9183181014544886e-6 697 4 1 0.075 4 0.00020010854439861874 3.21
true 4.73629814490284e-6 236 4 1 0.08 3 0.00031555771092967207 1.02
true 1.4757170078594228e-5 520 4 1 0.08 4 0.00031555771092967207 2.71
true 2.904053398311568e-6 237 4 1 0.085 3 0.0004713743124606638 1.07
true 1.4428395613275136e-5 356 4 1 0.085 4 0.0004713743124606638 2.0
true 3.897963354848599e-5 253 4 1 0.09 3 0.0006755458943422365 1.06
true 8.41614810204172e-6 369 4 1 0.09 4 0.0006755458943422365 2.24
true 3.5743781704067334e-5 241 4 1 0.095 3 0.0009357663748697882 1.09
true 9.658984784222113e-6 386 4 1 0.095 4 0.0009357663748697882 2.19
true 2.273450784656683e-5 247 4 1 0.1 3 0.0012584685665444728 1.1
true 0.00011611064865169052 348 4 1 0.1 4 0.0012584685665444728 1.98
true 6.951711392588766e-6 414 4 1 0.105 3 0.0016448436137909768 1.61
true 4.188985822911606e-5 642 4 1 0.105 4 0.0016448436137909768 3.07
true 5.15202675521742e-7 309 4 1 0.11 3 0.002051125570344679 1.34
true 4.728899027856004e-5 338 4 1 0.11 4 0.002051125570344679 2.19
true 1.7036814056736738e-6 278 4 1 0.115 3 0.002440730722987342 1.3
true 1.4411967503735745e-5 368 4 1 0.115 4 0.002440730722987342 2.2
true 5.633789486403362e-5 291 4 1 0.12 3 0.002857451366537061 1.24
true 2.1694309570607917e-5 402 4 1 0.12 4 0.002857451366537061 2.29
true 4.613506251860411e-6 245 4 1 0.125 3 0.00332982548065795 1.05
true 6.086189478887727e-5 388 4 1 0.125 4 0.00332982548065795 2.2
true 4.986296393910683e-5 217 4 1 0.13 3 0.0038710037250973186 0.98
true 4.628935707184922e-6 868 4 1 0.13 4 0.0038710037250973186 4.1
true 0.00040454988816673865 252 4 1 0.135 3 0.004492727768579933 1.04
true 9.439413372369643e-5 426 4 1 0.135 4 0.004492727768579933 2.24
true 0.00037448945699491976 236 4 1 0.14 3 0.005207607228596099 1.18
true 5.9911134160040014e-5 433 4 1 0.14 4 0.005207607228596099 2.63
true 3.689072122103898e-5 242 4 1 0.145 3 0.006029716301483369 1.13
true 7.294140335922794e-5 638 4 1 0.145 4 0.006029716301483369 3.09
true 1.2823299680220224e-5 545 4 1 0.15 3 0.006975091406260766 1.94
true 3.3236613889098265e-5 525 4 1 0.15 4 0.006975091406260766 2.74
true 0.00011448165077748707 609 4 1 0.155 3 0.008062173755126356 2.35
true 0.00012506431075937074 766 4 1 0.155 4 0.008062173755126356 3.9
true 8.320008477741281e-5 269 4 1 0.16 3 0.009312166724123666 1.31
true 5.385749109987348e-5 822 4 1 0.16 4 0.009312166724123666 3.86
true 3.2065565646222094e-5 240 4 1 0.165 3 0.010749313316355258 1.13
true 2.4354840610918416e-6 337 4 1 0.165 4 0.010749313316355258 1.95
true 4.616938981738539e-6 558 4 1 0.17 3 0.012401116232128213 2.03
true 2.8709677407090517e-6 1547 4 1 0.17 4 0.012401116232128213 7.13
true 8.172088852398396e-5 281 4 1 0.175 3 0.014298515829243665 1.26
true 9.811581996754803e-6 484 4 1 0.175 4 0.014298515829243665 2.5
true 0.00011927331567884725 570 4 1 0.18 3 0.01647603291411175 2.07
true 4.537593996339906e-5 560 4 1 0.18 4 0.01647603291411175 2.89
true 4.702490435121165e-5 596 4 1 0.185 3 0.01897188904590839 2.11
true 3.485892592580697e-6 603 4 1 0.185 4 0.01897188904590839 3.2
true 8.41252287759886e-5 256 4 1 0.19 3 0.021828128818143427 1.09
true 1.2524020908677436e-6 1521 4 1 0.19 4 0.021828128818143427 6.58
true 7.824339765966082e-5 533 4 1 0.195 3 0.025090761152298944 1.93
true 5.53458024804554e-6 422 4 1 0.195 4 0.025090761152298944 2.2
true 0.0001273385237381408 309 4 1 0.2 3 0.028809882776728333 1.25
true 1.4623538269198377e-7 719 4 1 0.2 4 0.028809882776728333 3.37
true 3.5866710762222365e-5 507 4 1 0.205 3 0.03303964398806985 1.89
true 4.542376477845167e-6 915 4 1 0.205 4 0.03303964398806985 4.05
true 0.00010127826059536105 280 4 1 0.21 3 0.037837809482577124 1.22
true 2.560640039450668e-7 951 4 1 0.21 4 0.037837809482577124 4.41
true 7.625192086746502e-5 556 4 1 0.215 3 0.04326464103270638 2.01
true 4.2325558037292765e-6 429 4 1 0.215 4 0.04326464103270638 2.29
true 0.00029472225167737065 533 4 1 0.22 3 0.04938099268332533 1.91
true 2.6797326025951307e-6 571 4 1 0.22 4 0.04938099268332533 2.98
true 2.5947883297350316e-5 807 4 1 0.225 3 0.056245996945787594 2.83
true 2.98372439969663e-5 500 4 1 0.225 4 0.056245996945787594 2.59
true 0.00028575919079887324 662 4 1 0.23 3 0.0639155091216561 2.41
true 3.910169289023102e-6 1076 4 1 0.23 4 0.0639155091216561 5.18
true 0.00035588181133217045 625 4 1 0.235 3 0.07244273956936036 2.23
true 2.2580731735000192e-6 1401 4 1 0.235 4 0.07244273956936036 6.08
true 0.001212441377565432 258 4 1 0.24 3 0.08188079160576314 1.08
true 1.0679448423922544e-6 667 4 1 0.24 4 0.08188079160576314 3.41
true 0.0003624516396389943 612 4 1 0.245 3 0.09228418542907334 2.25
true 1.1853447345888668e-7 457 4 1 0.245 4 0.09228418542907334 2.3
true 2.7450045083754482e-5 677 4 1 0.25 3 0.10370693433146623 2.4
true 1.5840898726082742e-7 437 4 1 0.25 4 0.10370693433146623 2.24
true 0.0006209068168303022 291 4 1 0.255 3 0.11619805724430629 1.3
true 2.1741414724107955e-7 551 4 1 0.255 4 0.11619805724430629 2.7
true 0.0008149894715741013 359 4 1 0.26 3 0.1297967786166197 1.34
true 0.00018994582317521935 817 4 1 0.26 4 0.1297967786166197 3.93
true 1.366538593561284e-5 1011 4 1 0.265 3 0.14452847657781975 3.57
true 5.128702096346416e-7 817 4 1 0.265 4 0.14452847657781975 3.88
true 3.9618500686178226e-5 696 4 1 0.27 3 0.16040132296490764 2.39
true 1.4690038308007303e-7 738 4 1 0.27 4 0.16040132296490764 3.94
true 5.1101467409941925e-5 718 4 1 0.275 3 0.1774033710874055 2.54
true 2.8131909118878085e-7 451 4 1 0.275 4 0.1774033710874055 2.64
true 0.00023179325552186159 298 4 1 0.28 3 0.1955000413843353 1.3
true 8.90060005143134e-8 574 4 1 0.28 4 0.1955000413843353 2.82
true 0.0009159468716827823 592 4 1 0.285 3 0.2146321291169702 2.22
true 1.3695665389557021e-6 767 4 1 0.285 4 0.2146321291169702 3.49
true 0.00010717463655207649 1025 4 1 0.29 3 0.23471453828017486 3.56
true 3.164285112822185e-7 685 4 1 0.29 4 0.23471453828017486 3.3
true 7.223110552345702e-5 812 4 1 0.295 3 0.25563595792425975 2.75
true 1.1144094130832727e-7 464 4 1 0.295 4 0.25563595792425975 2.56
true 2.0926793881492767e-5 292 4 1 0.3 3 0.27725966462546564 1.2
true 2.8104651583760187e-6 703 4 1 0.3 4 0.27725966462546564 3.42
true 2.2657121777791556e-5 369 4 1 0.305 3 0.2994255701947617 1.44
true 9.584070814194767e-7 351 4 1 0.305 4 0.2994255701947617 2.19
true 9.220339920312792e-5 399 4 1 0.31 3 0.3219535459176348 1.48
true 1.2583243169661529e-8 633 4 1 0.31 4 0.3219535459176348 3.23
true 2.6403713626055314e-6 726 4 1 0.315 3 0.34464795263766296 2.5
true 1.518321124382993e-7 434 4 1 0.315 4 0.34464795263766296 2.57
true 0.004338038655323451 509 4 1 0.32 3 0.3673031991535092 1.85
true 3.1150657109346724e-7 393 4 1 0.32 4 0.3673031991535092 2.19